% degree N
1
% number of nodes
8
% node coordinates
-1.000000000000000E+00 -1.000000000000000E+00 -1.000000000000000E+00
1.000000000000000E+00 -1.000000000000000E+00 -1.000000000000000E+00
-1.000000000000000E+00 1.000000000000000E+00 -1.000000000000000E+00
1.000000000000000E+00 1.000000000000000E+00 -1.000000000000000E+00
-1.000000000000000E+00 -1.000000000000000E+00 1.000000000000000E+00
1.000000000000000E+00 -1.000000000000000E+00 1.000000000000000E+00
-1.000000000000000E+00 1.000000000000000E+00 1.000000000000000E+00
1.000000000000000E+00 1.000000000000000E+00 1.000000000000000E+00
% r collocation differentation matrix
-5.000000000000001E-01 5.000000000000000E-01 0.000000000000000E+00 0.000000000000000E+00 0.000000000000000E+00 0.000000000000000E+00 0.000000000000000E+00 0.000000000000000E+00 
-5.000000000000001E-01 5.000000000000000E-01 0.000000000000000E+00 0.000000000000000E+00 0.000000000000000E+00 0.000000000000000E+00 0.000000000000000E+00 0.000000000000000E+00 
0.000000000000000E+00 0.000000000000000E+00 -5.000000000000001E-01 5.000000000000001E-01 0.000000000000000E+00 0.000000000000000E+00 0.000000000000000E+00 0.000000000000000E+00 
0.000000000000000E+00 0.000000000000000E+00 -5.000000000000001E-01 5.000000000000001E-01 0.000000000000000E+00 0.000000000000000E+00 0.000000000000000E+00 0.000000000000000E+00 
0.000000000000000E+00 0.000000000000000E+00 0.000000000000000E+00 0.000000000000000E+00 -5.000000000000001E-01 5.000000000000001E-01 0.000000000000000E+00 0.000000000000000E+00 
0.000000000000000E+00 0.000000000000000E+00 0.000000000000000E+00 0.000000000000000E+00 -5.000000000000001E-01 5.000000000000001E-01 0.000000000000000E+00 0.000000000000000E+00 
0.000000000000000E+00 0.000000000000000E+00 0.000000000000000E+00 0.000000000000000E+00 0.000000000000000E+00 0.000000000000000E+00 -5.000000000000000E-01 5.000000000000001E-01 
0.000000000000000E+00 0.000000000000000E+00 0.000000000000000E+00 0.000000000000000E+00 0.000000000000000E+00 0.000000000000000E+00 -5.000000000000000E-01 5.000000000000001E-01 
% s collocation differentation matrix
-5.000000000000000E-01 0.000000000000000E+00 5.000000000000001E-01 0.000000000000000E+00 0.000000000000000E+00 0.000000000000000E+00 0.000000000000000E+00 0.000000000000000E+00 
0.000000000000000E+00 -5.000000000000001E-01 0.000000000000000E+00 5.000000000000001E-01 0.000000000000000E+00 0.000000000000000E+00 0.000000000000000E+00 0.000000000000000E+00 
-5.000000000000000E-01 0.000000000000000E+00 5.000000000000001E-01 0.000000000000000E+00 0.000000000000000E+00 0.000000000000000E+00 0.000000000000000E+00 0.000000000000000E+00 
0.000000000000000E+00 -5.000000000000001E-01 0.000000000000000E+00 5.000000000000001E-01 0.000000000000000E+00 0.000000000000000E+00 0.000000000000000E+00 0.000000000000000E+00 
0.000000000000000E+00 0.000000000000000E+00 0.000000000000000E+00 0.000000000000000E+00 -5.000000000000000E-01 0.000000000000000E+00 5.000000000000001E-01 0.000000000000000E+00 
0.000000000000000E+00 0.000000000000000E+00 0.000000000000000E+00 0.000000000000000E+00 0.000000000000000E+00 -5.000000000000000E-01 0.000000000000000E+00 5.000000000000001E-01 
0.000000000000000E+00 0.000000000000000E+00 0.000000000000000E+00 0.000000000000000E+00 -5.000000000000000E-01 0.000000000000000E+00 5.000000000000001E-01 0.000000000000000E+00 
0.000000000000000E+00 0.000000000000000E+00 0.000000000000000E+00 0.000000000000000E+00 0.000000000000000E+00 -5.000000000000000E-01 0.000000000000000E+00 5.000000000000001E-01 
% t collocation differentation matrix
-5.000000000000001E-01 0.000000000000000E+00 0.000000000000000E+00 0.000000000000000E+00 5.000000000000001E-01 0.000000000000000E+00 0.000000000000000E+00 0.000000000000000E+00 
0.000000000000000E+00 -5.000000000000001E-01 0.000000000000000E+00 0.000000000000000E+00 0.000000000000000E+00 5.000000000000001E-01 0.000000000000000E+00 0.000000000000000E+00 
0.000000000000000E+00 0.000000000000000E+00 -5.000000000000000E-01 0.000000000000000E+00 0.000000000000000E+00 0.000000000000000E+00 5.000000000000001E-01 0.000000000000000E+00 
0.000000000000000E+00 0.000000000000000E+00 0.000000000000000E+00 -5.000000000000000E-01 0.000000000000000E+00 0.000000000000000E+00 0.000000000000000E+00 5.000000000000002E-01 
-5.000000000000001E-01 0.000000000000000E+00 0.000000000000000E+00 0.000000000000000E+00 5.000000000000001E-01 0.000000000000000E+00 0.000000000000000E+00 0.000000000000000E+00 
0.000000000000000E+00 -5.000000000000001E-01 0.000000000000000E+00 0.000000000000000E+00 0.000000000000000E+00 5.000000000000001E-01 0.000000000000000E+00 0.000000000000000E+00 
0.000000000000000E+00 0.000000000000000E+00 -5.000000000000000E-01 0.000000000000000E+00 0.000000000000000E+00 0.000000000000000E+00 5.000000000000001E-01 0.000000000000000E+00 
0.000000000000000E+00 0.000000000000000E+00 0.000000000000000E+00 -5.000000000000000E-01 0.000000000000000E+00 0.000000000000000E+00 0.000000000000000E+00 5.000000000000002E-01 
% faceNodes
0 1 2 3 
0 1 4 5 
1 3 5 7 
2 3 6 7 
0 2 4 6 
4 5 6 7 
% LIFT matrix
2.000000000000000E+00 0.000000000000000E+00 0.000000000000000E+00 0.000000000000000E+00 2.000000000000000E+00 0.000000000000000E+00 0.000000000000000E+00 0.000000000000000E+00 -9.999999999999998E-01 0.000000000000000E+00 0.000000000000000E+00 0.000000000000000E+00 -9.999999999999997E-01 0.000000000000000E+00 0.000000000000000E+00 0.000000000000000E+00 2.000000000000000E+00 0.000000000000000E+00 0.000000000000000E+00 0.000000000000000E+00 -9.999999999999998E-01 0.000000000000000E+00 0.000000000000000E+00 0.000000000000000E+00 
0.000000000000000E+00 1.999999999999999E+00 0.000000000000000E+00 0.000000000000000E+00 0.000000000000000E+00 2.000000000000000E+00 0.000000000000000E+00 0.000000000000000E+00 2.000000000000000E+00 0.000000000000000E+00 0.000000000000000E+00 0.000000000000000E+00 0.000000000000000E+00 -9.999999999999997E-01 0.000000000000000E+00 0.000000000000000E+00 -9.999999999999998E-01 0.000000000000000E+00 0.000000000000000E+00 0.000000000000000E+00 0.000000000000000E+00 -9.999999999999996E-01 0.000000000000000E+00 0.000000000000000E+00 
0.000000000000000E+00 0.000000000000000E+00 1.999999999999999E+00 0.000000000000000E+00 -9.999999999999997E-01 0.000000000000000E+00 0.000000000000000E+00 0.000000000000000E+00 0.000000000000000E+00 -9.999999999999997E-01 0.000000000000000E+00 0.000000000000000E+00 2.000000000000000E+00 0.000000000000000E+00 0.000000000000000E+00 0.000000000000000E+00 0.000000000000000E+00 2.000000000000000E+00 0.000000000000000E+00 0.000000000000000E+00 0.000000000000000E+00 0.000000000000000E+00 -9.999999999999994E-01 0.000000000000000E+00 
0.000000000000000E+00 0.000000000000000E+00 0.000000000000000E+00 2.000000000000000E+00 0.000000000000000E+00 -9.999999999999997E-01 0.000000000000000E+00 0.000000000000000E+00 0.000000000000000E+00 2.000000000000000E+00 0.000000000000000E+00 0.000000000000000E+00 0.000000000000000E+00 2.000000000000000E+00 0.000000000000000E+00 0.000000000000000E+00 0.000000000000000E+00 -9.999999999999997E-01 0.000000000000000E+00 0.000000000000000E+00 0.000000000000000E+00 0.000000000000000E+00 0.000000000000000E+00 -9.999999999999998E-01 
-9.999999999999998E-01 0.000000000000000E+00 0.000000000000000E+00 0.000000000000000E+00 0.000000000000000E+00 0.000000000000000E+00 1.999999999999999E+00 0.000000000000000E+00 0.000000000000000E+00 0.000000000000000E+00 -9.999999999999993E-01 0.000000000000000E+00 0.000000000000000E+00 0.000000000000000E+00 -9.999999999999993E-01 0.000000000000000E+00 0.000000000000000E+00 0.000000000000000E+00 1.999999999999999E+00 0.000000000000000E+00 2.000000000000000E+00 0.000000000000000E+00 0.000000000000000E+00 0.000000000000000E+00 
0.000000000000000E+00 -9.999999999999996E-01 0.000000000000000E+00 0.000000000000000E+00 0.000000000000000E+00 0.000000000000000E+00 0.000000000000000E+00 2.000000000000000E+00 0.000000000000000E+00 0.000000000000000E+00 1.999999999999999E+00 0.000000000000000E+00 0.000000000000000E+00 0.000000000000000E+00 0.000000000000000E+00 -9.999999999999997E-01 0.000000000000000E+00 0.000000000000000E+00 -9.999999999999993E-01 0.000000000000000E+00 0.000000000000000E+00 1.999999999999999E+00 0.000000000000000E+00 0.000000000000000E+00 
0.000000000000000E+00 0.000000000000000E+00 -9.999999999999994E-01 0.000000000000000E+00 0.000000000000000E+00 0.000000000000000E+00 -9.999999999999993E-01 0.000000000000000E+00 0.000000000000000E+00 0.000000000000000E+00 0.000000000000000E+00 -9.999999999999998E-01 0.000000000000000E+00 0.000000000000000E+00 1.999999999999999E+00 0.000000000000000E+00 0.000000000000000E+00 0.000000000000000E+00 0.000000000000000E+00 2.000000000000000E+00 0.000000000000000E+00 0.000000000000000E+00 1.999999999999999E+00 0.000000000000000E+00 
0.000000000000000E+00 0.000000000000000E+00 0.000000000000000E+00 -9.999999999999998E-01 0.000000000000000E+00 0.000000000000000E+00 0.000000000000000E+00 -9.999999999999997E-01 0.000000000000000E+00 0.000000000000000E+00 0.000000000000000E+00 2.000000000000000E+00 0.000000000000000E+00 0.000000000000000E+00 0.000000000000000E+00 2.000000000000000E+00 0.000000000000000E+00 0.000000000000000E+00 0.000000000000000E+00 -9.999999999999998E-01 0.000000000000000E+00 0.000000000000000E+00 0.000000000000000E+00 2.000000000000000E+00 
% D (1D) matrix
-5.000000000000001E-01 5.000000000000001E-01 
-5.000000000000001E-01 5.000000000000001E-01 
% r (1D) gll nodes
-1.000000000000000E+00 
1.000000000000000E+00 
% w (1D) gll node weights
1.000000000000000E+00 
1.000000000000000E+00 
% number of plot nodes
8
% plot node coordinates
-1.000000000000000E+00 -1.000000000000000E+00 -1.000000000000000E+00
-1.000000000000000E+00 1.000000000000000E+00 -1.000000000000000E+00
1.000000000000000E+00 -1.000000000000000E+00 -1.000000000000000E+00
1.000000000000000E+00 1.000000000000000E+00 -1.000000000000000E+00
-1.000000000000000E+00 -1.000000000000000E+00 1.000000000000000E+00
-1.000000000000000E+00 1.000000000000000E+00 1.000000000000000E+00
1.000000000000000E+00 -1.000000000000000E+00 1.000000000000000E+00
1.000000000000000E+00 1.000000000000000E+00 1.000000000000000E+00
% plot node interpolation matrix
1.000000000000000E+00 0.000000000000000E+00 0.000000000000000E+00 -0.000000000000000E+00 0.000000000000000E+00 -0.000000000000000E+00 -0.000000000000000E+00 0.000000000000000E+00 
-2.140238483643728E-17 -2.140238483643728E-17 1.000000000000000E+00 -6.072353716589551E-18 -6.072353716589580E-18 8.457697665077833E-17 -6.072353716589571E-18 8.457697665077834E-17 
-0.000000000000000E+00 1.000000000000000E+00 -1.214470743317915E-17 -1.214470743317912E-17 -1.214470743317917E-17 -1.214470743317914E-17 7.850462293418876E-17 7.850462293418877E-17 
-3.302114349809940E-16 -2.093456611578367E-16 -2.093456611578367E-16 9.999999999999999E-01 -1.282745595599460E-16 -1.735992247436300E-16 -1.735992247436300E-16 -2.189238899273139E-16 
-7.302787636669751E-18 -7.302787636669751E-18 -7.302787636669751E-18 9.867657385054588E-17 1.000000000000000E+00 -6.072353716589571E-18 -6.072353716589571E-18 8.457697665077834E-17 
-6.657447578801794E-17 -6.657447578801794E-17 -1.194568763881216E-16 -1.194568763881216E-16 -1.194568763881216E-16 -1.194568763881216E-16 9.999999999999999E-01 -1.570092458683775E-16 
-0.000000000000000E+00 0.000000000000000E+00 -3.791607659563806E-17 -8.324074177932202E-17 -2.093456611578367E-16 9.999999999999999E-01 -7.546844607589399E-17 -1.207931112595779E-16 
-0.000000000000000E+00 0.000000000000000E+00 1.812986607347358E-16 1.812986607347358E-16 0.000000000000000E+00 -0.000000000000000E+00 1.812986607347358E-16 1.000000000000000E+00 
% number of plot elements
6
% number of vertices per plot elements
4
% triangulation of plot nodes
5 1 2 0
5 4 2 0
5 3 1 2
5 3 7 2
5 6 4 2
5 6 7 2
% number of volume cubature nodes
27
% cubature interpolation matrix
6.985685011586675E-01 8.872983346207418E-02 8.872983346207418E-02 1.127016653792584E-02 8.872983346207418E-02 1.127016653792584E-02 1.127016653792584E-02 1.431498841332538E-03 
3.936491673103708E-01 3.936491673103708E-01 4.999999999999998E-02 4.999999999999998E-02 4.999999999999998E-02 4.999999999999998E-02 6.350832689629169E-03 6.350832689629169E-03 
8.872983346207412E-02 6.985685011586675E-01 1.127016653792578E-02 8.872983346207419E-02 1.127016653792582E-02 8.872983346207418E-02 1.431498841332523E-03 1.127016653792589E-02 
3.936491673103708E-01 4.999999999999999E-02 3.936491673103708E-01 4.999999999999999E-02 4.999999999999999E-02 6.350832689629170E-03 4.999999999999999E-02 6.350832689629171E-03 
2.218245836551855E-01 2.218245836551854E-01 2.218245836551854E-01 2.218245836551854E-01 2.817541634481456E-02 2.817541634481457E-02 2.817541634481457E-02 2.817541634481458E-02 
4.999999999999995E-02 3.936491673103709E-01 4.999999999999992E-02 3.936491673103709E-01 6.350832689629098E-03 4.999999999999997E-02 6.350832689629120E-03 4.999999999999999E-02 
8.872983346207416E-02 1.127016653792577E-02 6.985685011586675E-01 8.872983346207419E-02 1.127016653792581E-02 1.431498841332517E-03 8.872983346207416E-02 1.127016653792589E-02 
4.999999999999989E-02 4.999999999999992E-02 3.936491673103709E-01 3.936491673103709E-01 6.350832689629107E-03 6.350832689629131E-03 4.999999999999998E-02 5.000000000000000E-02 
1.127016653792573E-02 8.872983346207408E-02 8.872983346207408E-02 6.985685011586675E-01 1.431498841332421E-03 1.127016653792575E-02 1.127016653792575E-02 8.872983346207414E-02 
3.936491673103708E-01 4.999999999999998E-02 4.999999999999999E-02 6.350832689629172E-03 3.936491673103708E-01 4.999999999999998E-02 4.999999999999999E-02 6.350832689629171E-03 
2.218245836551854E-01 2.218245836551854E-01 2.817541634481457E-02 2.817541634481458E-02 2.218245836551854E-01 2.218245836551854E-01 2.817541634481457E-02 2.817541634481458E-02 
4.999999999999995E-02 3.936491673103709E-01 6.350832689629124E-03 5.000000000000002E-02 4.999999999999992E-02 3.936491673103709E-01 6.350832689629149E-03 5.000000000000004E-02 
2.218245836551855E-01 2.817541634481456E-02 2.218245836551854E-01 2.817541634481458E-02 2.218245836551854E-01 2.817541634481457E-02 2.218245836551854E-01 2.817541634481458E-02 
1.249999999999999E-01 1.250000000000000E-01 1.250000000000000E-01 1.250000000000000E-01 1.249999999999999E-01 1.250000000000000E-01 1.250000000000000E-01 1.250000000000000E-01 
2.817541634481454E-02 2.218245836551855E-01 2.817541634481454E-02 2.218245836551854E-01 2.817541634481454E-02 2.218245836551854E-01 2.817541634481457E-02 2.218245836551854E-01 
4.999999999999979E-02 6.350832689629107E-03 3.936491673103708E-01 5.000000000000000E-02 4.999999999999986E-02 6.350832689629120E-03 3.936491673103708E-01 5.000000000000001E-02 
2.817541634481456E-02 2.817541634481453E-02 2.218245836551855E-01 2.218245836551854E-01 2.817541634481456E-02 2.817541634481455E-02 2.218245836551855E-01 2.218245836551854E-01 
6.350832689629117E-03 4.999999999999988E-02 4.999999999999992E-02 3.936491673103709E-01 6.350832689629059E-03 4.999999999999986E-02 4.999999999999991E-02 3.936491673103709E-01 
8.872983346207422E-02 1.127016653792581E-02 1.127016653792583E-02 1.431498841332544E-03 6.985685011586675E-01 8.872983346207416E-02 8.872983346207419E-02 1.127016653792591E-02 
4.999999999999991E-02 4.999999999999997E-02 6.350832689629150E-03 6.350832689629183E-03 3.936491673103709E-01 3.936491673103709E-01 5.000000000000002E-02 5.000000000000004E-02 
1.127016653792567E-02 8.872983346207419E-02 1.431498841332532E-03 1.127016653792587E-02 8.872983346207408E-02 6.985685011586676E-01 1.127016653792585E-02 8.872983346207423E-02 
4.999999999999986E-02 6.350832689629141E-03 4.999999999999993E-02 6.350832689629177E-03 3.936491673103708E-01 5.000000000000000E-02 3.936491673103708E-01 5.000000000000003E-02 
2.817541634481459E-02 2.817541634481458E-02 2.817541634481458E-02 2.817541634481457E-02 2.218245836551855E-01 2.218245836551855E-01 2.218245836551855E-01 2.218245836551854E-01 
6.350832689629208E-03 4.999999999999996E-02 6.350832689629249E-03 5.000000000000000E-02 4.999999999999992E-02 3.936491673103709E-01 4.999999999999995E-02 3.936491673103709E-01 
1.127016653792594E-02 1.431498841332572E-03 8.872983346207422E-02 1.127016653792589E-02 8.872983346207416E-02 1.127016653792584E-02 6.985685011586676E-01 8.872983346207423E-02 
6.350832689629392E-03 6.350832689629275E-03 5.000000000000011E-02 5.000000000000004E-02 5.000000000000007E-02 5.000000000000000E-02 3.936491673103710E-01 3.936491673103709E-01 
1.431498841332837E-03 1.127016653792596E-02 1.127016653792602E-02 8.872983346207423E-02 1.127016653792583E-02 8.872983346207405E-02 8.872983346207415E-02 6.985685011586678E-01 
% cubature r weak differentiation matrix
-7.103639413225894E-01 -1.136582306116143E+00 -7.103639413225894E-01 -3.419537044984004E-01 -5.471259271974404E-01 -3.419537044984004E-01 2.829218106995888E-01 4.526748971193419E-01 2.829218106995888E-01 -3.419537044984004E-01 -5.471259271974404E-01 -3.419537044984004E-01 -1.646090534979424E-01 -2.633744855967078E-01 -1.646090534979424E-01 1.361923876259724E-01 2.179078202015557E-01 1.361923876259724E-01 2.829218106995888E-01 4.526748971193419E-01 2.829218106995888E-01 1.361923876259724E-01 2.179078202015556E-01 1.361923876259724E-01 -1.126813261671234E-01 -1.802901218673973E-01 -1.126813261671233E-01 
7.103639413225894E-01 1.136582306116143E+00 7.103639413225894E-01 3.419537044984004E-01 5.471259271974404E-01 3.419537044984004E-01 -2.829218106995888E-01 -4.526748971193419E-01 -2.829218106995888E-01 3.419537044984004E-01 5.471259271974404E-01 3.419537044984004E-01 1.646090534979424E-01 2.633744855967078E-01 1.646090534979424E-01 -1.361923876259724E-01 -2.179078202015557E-01 -1.361923876259724E-01 -2.829218106995888E-01 -4.526748971193419E-01 -2.829218106995888E-01 -1.361923876259724E-01 -2.179078202015556E-01 -1.361923876259724E-01 1.126813261671234E-01 1.802901218673973E-01 1.126813261671233E-01 
2.829218106995888E-01 4.526748971193418E-01 2.829218106995888E-01 -3.419537044984003E-01 -5.471259271974402E-01 -3.419537044984003E-01 -7.103639413225894E-01 -1.136582306116143E+00 -7.103639413225894E-01 1.361923876259723E-01 2.179078202015556E-01 1.361923876259723E-01 -1.646090534979424E-01 -2.633744855967077E-01 -1.646090534979424E-01 -3.419537044984005E-01 -5.471259271974405E-01 -3.419537044984005E-01 -1.126813261671233E-01 -1.802901218673973E-01 -1.126813261671233E-01 1.361923876259723E-01 2.179078202015556E-01 1.361923876259723E-01 2.829218106995889E-01 4.526748971193420E-01 2.829218106995888E-01 
-2.829218106995888E-01 -4.526748971193418E-01 -2.829218106995888E-01 3.419537044984003E-01 5.471259271974402E-01 3.419537044984003E-01 7.103639413225894E-01 1.136582306116143E+00 7.103639413225894E-01 -1.361923876259723E-01 -2.179078202015556E-01 -1.361923876259723E-01 1.646090534979424E-01 2.633744855967077E-01 1.646090534979424E-01 3.419537044984005E-01 5.471259271974405E-01 3.419537044984005E-01 1.126813261671233E-01 1.802901218673973E-01 1.126813261671233E-01 -1.361923876259723E-01 -2.179078202015556E-01 -1.361923876259723E-01 -2.829218106995889E-01 -4.526748971193420E-01 -2.829218106995888E-01 
2.829218106995887E-01 4.526748971193417E-01 2.829218106995887E-01 1.361923876259723E-01 2.179078202015556E-01 1.361923876259723E-01 -1.126813261671233E-01 -1.802901218673973E-01 -1.126813261671233E-01 -3.419537044984003E-01 -5.471259271974404E-01 -3.419537044984003E-01 -1.646090534979424E-01 -2.633744855967077E-01 -1.646090534979424E-01 1.361923876259724E-01 2.179078202015556E-01 1.361923876259724E-01 -7.103639413225896E-01 -1.136582306116143E+00 -7.103639413225896E-01 -3.419537044984005E-01 -5.471259271974405E-01 -3.419537044984005E-01 2.829218106995889E-01 4.526748971193420E-01 2.829218106995889E-01 
-2.829218106995887E-01 -4.526748971193417E-01 -2.829218106995887E-01 -1.361923876259723E-01 -2.179078202015556E-01 -1.361923876259723E-01 1.126813261671233E-01 1.802901218673973E-01 1.126813261671233E-01 3.419537044984003E-01 5.471259271974404E-01 3.419537044984003E-01 1.646090534979424E-01 2.633744855967077E-01 1.646090534979424E-01 -1.361923876259724E-01 -2.179078202015556E-01 -1.361923876259724E-01 7.103639413225896E-01 1.136582306116143E+00 7.103639413225896E-01 3.419537044984005E-01 5.471259271974405E-01 3.419537044984005E-01 -2.829218106995889E-01 -4.526748971193420E-01 -2.829218106995889E-01 
-1.126813261671233E-01 -1.802901218673972E-01 -1.126813261671233E-01 1.361923876259722E-01 2.179078202015555E-01 1.361923876259722E-01 2.829218106995888E-01 4.526748971193418E-01 2.829218106995888E-01 1.361923876259723E-01 2.179078202015556E-01 1.361923876259723E-01 -1.646090534979423E-01 -2.633744855967076E-01 -1.646090534979423E-01 -3.419537044984004E-01 -5.471259271974404E-01 -3.419537044984004E-01 2.829218106995888E-01 4.526748971193418E-01 2.829218106995888E-01 -3.419537044984003E-01 -5.471259271974404E-01 -3.419537044984003E-01 -7.103639413225896E-01 -1.136582306116143E+00 -7.103639413225897E-01 
1.126813261671233E-01 1.802901218673972E-01 1.126813261671233E-01 -1.361923876259722E-01 -2.179078202015555E-01 -1.361923876259722E-01 -2.829218106995888E-01 -4.526748971193418E-01 -2.829218106995888E-01 -1.361923876259723E-01 -2.179078202015556E-01 -1.361923876259723E-01 1.646090534979423E-01 2.633744855967076E-01 1.646090534979423E-01 3.419537044984004E-01 5.471259271974404E-01 3.419537044984004E-01 -2.829218106995888E-01 -4.526748971193418E-01 -2.829218106995888E-01 3.419537044984003E-01 5.471259271974404E-01 3.419537044984003E-01 7.103639413225896E-01 1.136582306116143E+00 7.103639413225897E-01 
% cubature s weak differentiation matrix
-7.103639413225894E-01 -3.419537044984004E-01 2.829218106995888E-01 -1.136582306116143E+00 -5.471259271974404E-01 4.526748971193419E-01 -7.103639413225894E-01 -3.419537044984004E-01 2.829218106995888E-01 -3.419537044984004E-01 -1.646090534979424E-01 1.361923876259724E-01 -5.471259271974404E-01 -2.633744855967078E-01 2.179078202015557E-01 -3.419537044984004E-01 -1.646090534979424E-01 1.361923876259724E-01 2.829218106995888E-01 1.361923876259724E-01 -1.126813261671234E-01 4.526748971193419E-01 2.179078202015556E-01 -1.802901218673973E-01 2.829218106995888E-01 1.361923876259724E-01 -1.126813261671233E-01 
2.829218106995888E-01 -3.419537044984003E-01 -7.103639413225894E-01 4.526748971193418E-01 -5.471259271974402E-01 -1.136582306116143E+00 2.829218106995888E-01 -3.419537044984003E-01 -7.103639413225894E-01 1.361923876259723E-01 -1.646090534979424E-01 -3.419537044984005E-01 2.179078202015556E-01 -2.633744855967077E-01 -5.471259271974405E-01 1.361923876259723E-01 -1.646090534979424E-01 -3.419537044984005E-01 -1.126813261671233E-01 1.361923876259723E-01 2.829218106995889E-01 -1.802901218673973E-01 2.179078202015556E-01 4.526748971193420E-01 -1.126813261671233E-01 1.361923876259723E-01 2.829218106995888E-01 
7.103639413225894E-01 3.419537044984004E-01 -2.829218106995888E-01 1.136582306116143E+00 5.471259271974404E-01 -4.526748971193419E-01 7.103639413225894E-01 3.419537044984004E-01 -2.829218106995888E-01 3.419537044984004E-01 1.646090534979424E-01 -1.361923876259724E-01 5.471259271974404E-01 2.633744855967078E-01 -2.179078202015557E-01 3.419537044984004E-01 1.646090534979424E-01 -1.361923876259724E-01 -2.829218106995888E-01 -1.361923876259724E-01 1.126813261671234E-01 -4.526748971193419E-01 -2.179078202015556E-01 1.802901218673973E-01 -2.829218106995888E-01 -1.361923876259724E-01 1.126813261671233E-01 
-2.829218106995888E-01 3.419537044984003E-01 7.103639413225894E-01 -4.526748971193418E-01 5.471259271974402E-01 1.136582306116143E+00 -2.829218106995888E-01 3.419537044984003E-01 7.103639413225894E-01 -1.361923876259723E-01 1.646090534979424E-01 3.419537044984005E-01 -2.179078202015556E-01 2.633744855967077E-01 5.471259271974405E-01 -1.361923876259723E-01 1.646090534979424E-01 3.419537044984005E-01 1.126813261671233E-01 -1.361923876259723E-01 -2.829218106995889E-01 1.802901218673973E-01 -2.179078202015556E-01 -4.526748971193420E-01 1.126813261671233E-01 -1.361923876259723E-01 -2.829218106995888E-01 
2.829218106995887E-01 1.361923876259723E-01 -1.126813261671233E-01 4.526748971193417E-01 2.179078202015556E-01 -1.802901218673973E-01 2.829218106995887E-01 1.361923876259723E-01 -1.126813261671233E-01 -3.419537044984003E-01 -1.646090534979424E-01 1.361923876259724E-01 -5.471259271974404E-01 -2.633744855967077E-01 2.179078202015556E-01 -3.419537044984003E-01 -1.646090534979424E-01 1.361923876259724E-01 -7.103639413225896E-01 -3.419537044984005E-01 2.829218106995889E-01 -1.136582306116143E+00 -5.471259271974405E-01 4.526748971193420E-01 -7.103639413225896E-01 -3.419537044984005E-01 2.829218106995889E-01 
-1.126813261671233E-01 1.361923876259722E-01 2.829218106995888E-01 -1.802901218673972E-01 2.179078202015555E-01 4.526748971193418E-01 -1.126813261671233E-01 1.361923876259722E-01 2.829218106995888E-01 1.361923876259723E-01 -1.646090534979423E-01 -3.419537044984004E-01 2.179078202015556E-01 -2.633744855967076E-01 -5.471259271974404E-01 1.361923876259723E-01 -1.646090534979423E-01 -3.419537044984004E-01 2.829218106995888E-01 -3.419537044984003E-01 -7.103639413225896E-01 4.526748971193418E-01 -5.471259271974404E-01 -1.136582306116143E+00 2.829218106995888E-01 -3.419537044984003E-01 -7.103639413225897E-01 
-2.829218106995887E-01 -1.361923876259723E-01 1.126813261671233E-01 -4.526748971193417E-01 -2.179078202015556E-01 1.802901218673973E-01 -2.829218106995887E-01 -1.361923876259723E-01 1.126813261671233E-01 3.419537044984003E-01 1.646090534979424E-01 -1.361923876259724E-01 5.471259271974404E-01 2.633744855967077E-01 -2.179078202015556E-01 3.419537044984003E-01 1.646090534979424E-01 -1.361923876259724E-01 7.103639413225896E-01 3.419537044984005E-01 -2.829218106995889E-01 1.136582306116143E+00 5.471259271974405E-01 -4.526748971193420E-01 7.103639413225896E-01 3.419537044984005E-01 -2.829218106995889E-01 
1.126813261671233E-01 -1.361923876259722E-01 -2.829218106995888E-01 1.802901218673972E-01 -2.179078202015555E-01 -4.526748971193418E-01 1.126813261671233E-01 -1.361923876259722E-01 -2.829218106995888E-01 -1.361923876259723E-01 1.646090534979423E-01 3.419537044984004E-01 -2.179078202015556E-01 2.633744855967076E-01 5.471259271974404E-01 -1.361923876259723E-01 1.646090534979423E-01 3.419537044984004E-01 -2.829218106995888E-01 3.419537044984003E-01 7.103639413225896E-01 -4.526748971193418E-01 5.471259271974404E-01 1.136582306116143E+00 -2.829218106995888E-01 3.419537044984003E-01 7.103639413225897E-01 
% cubature t weak differentiation matrix
-7.103639413225894E-01 -3.419537044984004E-01 2.829218106995888E-01 -3.419537044984004E-01 -1.646090534979424E-01 1.361923876259724E-01 2.829218106995888E-01 1.361923876259724E-01 -1.126813261671233E-01 -1.136582306116143E+00 -5.471259271974404E-01 4.526748971193419E-01 -5.471259271974404E-01 -2.633744855967078E-01 2.179078202015556E-01 4.526748971193419E-01 2.179078202015556E-01 -1.802901218673973E-01 -7.103639413225894E-01 -3.419537044984004E-01 2.829218106995888E-01 -3.419537044984004E-01 -1.646090534979424E-01 1.361923876259724E-01 2.829218106995888E-01 1.361923876259724E-01 -1.126813261671233E-01 
2.829218106995887E-01 -3.419537044984003E-01 -7.103639413225894E-01 1.361923876259723E-01 -1.646090534979424E-01 -3.419537044984005E-01 -1.126813261671233E-01 1.361923876259723E-01 2.829218106995889E-01 4.526748971193417E-01 -5.471259271974402E-01 -1.136582306116143E+00 2.179078202015556E-01 -2.633744855967077E-01 -5.471259271974405E-01 -1.802901218673972E-01 2.179078202015556E-01 4.526748971193420E-01 2.829218106995887E-01 -3.419537044984003E-01 -7.103639413225894E-01 1.361923876259723E-01 -1.646090534979424E-01 -3.419537044984005E-01 -1.126813261671233E-01 1.361923876259723E-01 2.829218106995888E-01 
2.829218106995887E-01 1.361923876259723E-01 -1.126813261671233E-01 -3.419537044984003E-01 -1.646090534979424E-01 1.361923876259723E-01 -7.103639413225894E-01 -3.419537044984005E-01 2.829218106995888E-01 4.526748971193417E-01 2.179078202015556E-01 -1.802901218673973E-01 -5.471259271974402E-01 -2.633744855967077E-01 2.179078202015556E-01 -1.136582306116143E+00 -5.471259271974405E-01 4.526748971193419E-01 2.829218106995887E-01 1.361923876259723E-01 -1.126813261671233E-01 -3.419537044984003E-01 -1.646090534979424E-01 1.361923876259723E-01 -7.103639413225894E-01 -3.419537044984005E-01 2.829218106995888E-01 
-1.126813261671233E-01 1.361923876259722E-01 2.829218106995887E-01 1.361923876259722E-01 -1.646090534979423E-01 -3.419537044984003E-01 2.829218106995887E-01 -3.419537044984003E-01 -7.103639413225896E-01 -1.802901218673972E-01 2.179078202015555E-01 4.526748971193417E-01 2.179078202015555E-01 -2.633744855967076E-01 -5.471259271974404E-01 4.526748971193417E-01 -5.471259271974404E-01 -1.136582306116143E+00 -1.126813261671233E-01 1.361923876259722E-01 2.829218106995887E-01 1.361923876259722E-01 -1.646090534979423E-01 -3.419537044984003E-01 2.829218106995887E-01 -3.419537044984003E-01 -7.103639413225896E-01 
7.103639413225894E-01 3.419537044984004E-01 -2.829218106995888E-01 3.419537044984004E-01 1.646090534979424E-01 -1.361923876259724E-01 -2.829218106995888E-01 -1.361923876259724E-01 1.126813261671233E-01 1.136582306116143E+00 5.471259271974404E-01 -4.526748971193419E-01 5.471259271974404E-01 2.633744855967078E-01 -2.179078202015556E-01 -4.526748971193419E-01 -2.179078202015556E-01 1.802901218673973E-01 7.103639413225894E-01 3.419537044984004E-01 -2.829218106995888E-01 3.419537044984004E-01 1.646090534979424E-01 -1.361923876259724E-01 -2.829218106995888E-01 -1.361923876259724E-01 1.126813261671233E-01 
-2.829218106995887E-01 3.419537044984003E-01 7.103639413225894E-01 -1.361923876259723E-01 1.646090534979424E-01 3.419537044984005E-01 1.126813261671233E-01 -1.361923876259723E-01 -2.829218106995889E-01 -4.526748971193417E-01 5.471259271974402E-01 1.136582306116143E+00 -2.179078202015556E-01 2.633744855967077E-01 5.471259271974405E-01 1.802901218673972E-01 -2.179078202015556E-01 -4.526748971193420E-01 -2.829218106995887E-01 3.419537044984003E-01 7.103639413225894E-01 -1.361923876259723E-01 1.646090534979424E-01 3.419537044984005E-01 1.126813261671233E-01 -1.361923876259723E-01 -2.829218106995888E-01 
-2.829218106995887E-01 -1.361923876259723E-01 1.126813261671233E-01 3.419537044984003E-01 1.646090534979424E-01 -1.361923876259723E-01 7.103639413225894E-01 3.419537044984005E-01 -2.829218106995888E-01 -4.526748971193417E-01 -2.179078202015556E-01 1.802901218673973E-01 5.471259271974402E-01 2.633744855967077E-01 -2.179078202015556E-01 1.136582306116143E+00 5.471259271974405E-01 -4.526748971193419E-01 -2.829218106995887E-01 -1.361923876259723E-01 1.126813261671233E-01 3.419537044984003E-01 1.646090534979424E-01 -1.361923876259723E-01 7.103639413225894E-01 3.419537044984005E-01 -2.829218106995888E-01 
1.126813261671233E-01 -1.361923876259722E-01 -2.829218106995887E-01 -1.361923876259722E-01 1.646090534979423E-01 3.419537044984003E-01 -2.829218106995887E-01 3.419537044984003E-01 7.103639413225896E-01 1.802901218673972E-01 -2.179078202015555E-01 -4.526748971193417E-01 -2.179078202015555E-01 2.633744855967076E-01 5.471259271974404E-01 -4.526748971193417E-01 5.471259271974404E-01 1.136582306116143E+00 1.126813261671233E-01 -1.361923876259722E-01 -2.829218106995887E-01 -1.361923876259722E-01 1.646090534979423E-01 3.419537044984003E-01 -2.829218106995887E-01 3.419537044984003E-01 7.103639413225896E-01 
% cubature projection matrix
7.870335233385932E-01 3.788607687053808E-01 -3.134575624568672E-01 3.788607687053808E-01 1.823753090658135E-01 -1.508916323731140E-01 -3.134575624568672E-01 -1.508916323731140E-01 1.248430219904747E-01 3.788607687053808E-01 1.823753090658135E-01 -1.508916323731139E-01 1.823753090658135E-01 8.779149519890259E-02 -7.263594006718524E-02 -1.508916323731139E-01 -7.263594006718521E-02 6.009670728913244E-02 -3.134575624568672E-01 -1.508916323731140E-01 1.248430219904748E-01 -1.508916323731139E-01 -7.263594006718521E-02 6.009670728913244E-02 1.248430219904747E-01 6.009670728913243E-02 -4.972213787905920E-02 
-3.134575624568671E-01 3.788607687053807E-01 7.870335233385933E-01 -1.508916323731139E-01 1.823753090658134E-01 3.788607687053809E-01 1.248430219904747E-01 -1.508916323731139E-01 -3.134575624568673E-01 -1.508916323731139E-01 1.823753090658134E-01 3.788607687053808E-01 -7.263594006718518E-02 8.779149519890257E-02 1.823753090658135E-01 6.009670728913240E-02 -7.263594006718518E-02 -1.508916323731140E-01 1.248430219904747E-01 -1.508916323731139E-01 -3.134575624568673E-01 6.009670728913240E-02 -7.263594006718518E-02 -1.508916323731140E-01 -4.972213787905918E-02 6.009670728913241E-02 1.248430219904748E-01 
-3.134575624568671E-01 -1.508916323731139E-01 1.248430219904746E-01 3.788607687053807E-01 1.823753090658134E-01 -1.508916323731139E-01 7.870335233385933E-01 3.788607687053809E-01 -3.134575624568672E-01 -1.508916323731139E-01 -7.263594006718517E-02 6.009670728913240E-02 1.823753090658134E-01 8.779149519890257E-02 -7.263594006718520E-02 3.788607687053808E-01 1.823753090658135E-01 -1.508916323731140E-01 1.248430219904747E-01 6.009670728913240E-02 -4.972213787905916E-02 -1.508916323731139E-01 -7.263594006718520E-02 6.009670728913241E-02 -3.134575624568673E-01 -1.508916323731140E-01 1.248430219904748E-01 
1.248430219904746E-01 -1.508916323731138E-01 -3.134575624568671E-01 -1.508916323731138E-01 1.823753090658133E-01 3.788607687053808E-01 -3.134575624568671E-01 3.788607687053808E-01 7.870335233385936E-01 6.009670728913240E-02 -7.263594006718514E-02 -1.508916323731139E-01 -7.263594006718514E-02 8.779149519890254E-02 1.823753090658135E-01 -1.508916323731139E-01 1.823753090658135E-01 3.788607687053809E-01 -4.972213787905918E-02 6.009670728913238E-02 1.248430219904747E-01 6.009670728913238E-02 -7.263594006718517E-02 -1.508916323731139E-01 1.248430219904747E-01 -1.508916323731139E-01 -3.134575624568673E-01 
-3.134575624568671E-01 -1.508916323731139E-01 1.248430219904747E-01 -1.508916323731139E-01 -7.263594006718517E-02 6.009670728913243E-02 1.248430219904747E-01 6.009670728913243E-02 -4.972213787905914E-02 3.788607687053807E-01 1.823753090658134E-01 -1.508916323731139E-01 1.823753090658134E-01 8.779149519890257E-02 -7.263594006718520E-02 -1.508916323731139E-01 -7.263594006718521E-02 6.009670728913240E-02 7.870335233385932E-01 3.788607687053808E-01 -3.134575624568673E-01 3.788607687053809E-01 1.823753090658135E-01 -1.508916323731140E-01 -3.134575624568673E-01 -1.508916323731140E-01 1.248430219904748E-01 
1.248430219904746E-01 -1.508916323731138E-01 -3.134575624568672E-01 6.009670728913240E-02 -7.263594006718514E-02 -1.508916323731139E-01 -4.972213787905916E-02 6.009670728913241E-02 1.248430219904747E-01 -1.508916323731138E-01 1.823753090658133E-01 3.788607687053808E-01 -7.263594006718514E-02 8.779149519890254E-02 1.823753090658135E-01 6.009670728913238E-02 -7.263594006718518E-02 -1.508916323731139E-01 -3.134575624568671E-01 3.788607687053807E-01 7.870335233385936E-01 -1.508916323731139E-01 1.823753090658135E-01 3.788607687053809E-01 1.248430219904747E-01 -1.508916323731139E-01 -3.134575624568673E-01 
1.248430219904746E-01 6.009670728913238E-02 -4.972213787905916E-02 -1.508916323731139E-01 -7.263594006718516E-02 6.009670728913240E-02 -3.134575624568671E-01 -1.508916323731139E-01 1.248430219904747E-01 -1.508916323731139E-01 -7.263594006718517E-02 6.009670728913237E-02 1.823753090658133E-01 8.779149519890254E-02 -7.263594006718516E-02 3.788607687053808E-01 1.823753090658135E-01 -1.508916323731140E-01 -3.134575624568671E-01 -1.508916323731139E-01 1.248430219904747E-01 3.788607687053807E-01 1.823753090658134E-01 -1.508916323731139E-01 7.870335233385936E-01 3.788607687053809E-01 -3.134575624568673E-01 
-4.972213787905912E-02 6.009670728913236E-02 1.248430219904746E-01 6.009670728913238E-02 -7.263594006718514E-02 -1.508916323731139E-01 1.248430219904747E-01 -1.508916323731139E-01 -3.134575624568672E-01 6.009670728913237E-02 -7.263594006718514E-02 -1.508916323731139E-01 -7.263594006718511E-02 8.779149519890253E-02 1.823753090658134E-01 -1.508916323731138E-01 1.823753090658134E-01 3.788607687053809E-01 1.248430219904747E-01 -1.508916323731138E-01 -3.134575624568672E-01 -1.508916323731139E-01 1.823753090658134E-01 3.788607687053808E-01 -3.134575624568671E-01 3.788607687053808E-01 7.870335233385937E-01 
