% degree N
5
% number of nodes
216
% node coordinates
-1.000000000000000E+00 -1.000000000000000E+00 -1.000000000000000E+00
-7.650553239294648E-01 -1.000000000000000E+00 -1.000000000000000E+00
-2.852315164806452E-01 -1.000000000000000E+00 -1.000000000000000E+00
2.852315164806452E-01 -1.000000000000000E+00 -1.000000000000000E+00
7.650553239294646E-01 -1.000000000000000E+00 -1.000000000000000E+00
1.000000000000000E+00 -1.000000000000000E+00 -1.000000000000000E+00
-1.000000000000000E+00 -7.650553239294648E-01 -1.000000000000000E+00
-7.650553239294648E-01 -7.650553239294648E-01 -1.000000000000000E+00
-2.852315164806452E-01 -7.650553239294648E-01 -1.000000000000000E+00
2.852315164806452E-01 -7.650553239294648E-01 -1.000000000000000E+00
7.650553239294646E-01 -7.650553239294648E-01 -1.000000000000000E+00
1.000000000000000E+00 -7.650553239294648E-01 -1.000000000000000E+00
-1.000000000000000E+00 -2.852315164806452E-01 -1.000000000000000E+00
-7.650553239294648E-01 -2.852315164806452E-01 -1.000000000000000E+00
-2.852315164806452E-01 -2.852315164806452E-01 -1.000000000000000E+00
2.852315164806452E-01 -2.852315164806452E-01 -1.000000000000000E+00
7.650553239294646E-01 -2.852315164806452E-01 -1.000000000000000E+00
1.000000000000000E+00 -2.852315164806452E-01 -1.000000000000000E+00
-1.000000000000000E+00 2.852315164806452E-01 -1.000000000000000E+00
-7.650553239294648E-01 2.852315164806452E-01 -1.000000000000000E+00
-2.852315164806452E-01 2.852315164806452E-01 -1.000000000000000E+00
2.852315164806452E-01 2.852315164806452E-01 -1.000000000000000E+00
7.650553239294646E-01 2.852315164806452E-01 -1.000000000000000E+00
1.000000000000000E+00 2.852315164806452E-01 -1.000000000000000E+00
-1.000000000000000E+00 7.650553239294646E-01 -1.000000000000000E+00
-7.650553239294648E-01 7.650553239294646E-01 -1.000000000000000E+00
-2.852315164806452E-01 7.650553239294646E-01 -1.000000000000000E+00
2.852315164806452E-01 7.650553239294646E-01 -1.000000000000000E+00
7.650553239294646E-01 7.650553239294646E-01 -1.000000000000000E+00
1.000000000000000E+00 7.650553239294646E-01 -1.000000000000000E+00
-1.000000000000000E+00 1.000000000000000E+00 -1.000000000000000E+00
-7.650553239294648E-01 1.000000000000000E+00 -1.000000000000000E+00
-2.852315164806452E-01 1.000000000000000E+00 -1.000000000000000E+00
2.852315164806452E-01 1.000000000000000E+00 -1.000000000000000E+00
7.650553239294646E-01 1.000000000000000E+00 -1.000000000000000E+00
1.000000000000000E+00 1.000000000000000E+00 -1.000000000000000E+00
-1.000000000000000E+00 -1.000000000000000E+00 -7.650553239294648E-01
-7.650553239294648E-01 -1.000000000000000E+00 -7.650553239294648E-01
-2.852315164806452E-01 -1.000000000000000E+00 -7.650553239294648E-01
2.852315164806452E-01 -1.000000000000000E+00 -7.650553239294648E-01
7.650553239294646E-01 -1.000000000000000E+00 -7.650553239294648E-01
1.000000000000000E+00 -1.000000000000000E+00 -7.650553239294648E-01
-1.000000000000000E+00 -7.650553239294648E-01 -7.650553239294648E-01
-7.650553239294648E-01 -7.650553239294648E-01 -7.650553239294648E-01
-2.852315164806452E-01 -7.650553239294648E-01 -7.650553239294648E-01
2.852315164806452E-01 -7.650553239294648E-01 -7.650553239294648E-01
7.650553239294646E-01 -7.650553239294648E-01 -7.650553239294648E-01
1.000000000000000E+00 -7.650553239294648E-01 -7.650553239294648E-01
-1.000000000000000E+00 -2.852315164806452E-01 -7.650553239294648E-01
-7.650553239294648E-01 -2.852315164806452E-01 -7.650553239294648E-01
-2.852315164806452E-01 -2.852315164806452E-01 -7.650553239294648E-01
2.852315164806452E-01 -2.852315164806452E-01 -7.650553239294648E-01
7.650553239294646E-01 -2.852315164806452E-01 -7.650553239294648E-01
1.000000000000000E+00 -2.852315164806452E-01 -7.650553239294648E-01
-1.000000000000000E+00 2.852315164806452E-01 -7.650553239294648E-01
-7.650553239294648E-01 2.852315164806452E-01 -7.650553239294648E-01
-2.852315164806452E-01 2.852315164806452E-01 -7.650553239294648E-01
2.852315164806452E-01 2.852315164806452E-01 -7.650553239294648E-01
7.650553239294646E-01 2.852315164806452E-01 -7.650553239294648E-01
1.000000000000000E+00 2.852315164806452E-01 -7.650553239294648E-01
-1.000000000000000E+00 7.650553239294646E-01 -7.650553239294648E-01
-7.650553239294648E-01 7.650553239294646E-01 -7.650553239294648E-01
-2.852315164806452E-01 7.650553239294646E-01 -7.650553239294648E-01
2.852315164806452E-01 7.650553239294646E-01 -7.650553239294648E-01
7.650553239294646E-01 7.650553239294646E-01 -7.650553239294648E-01
1.000000000000000E+00 7.650553239294646E-01 -7.650553239294648E-01
-1.000000000000000E+00 1.000000000000000E+00 -7.650553239294648E-01
-7.650553239294648E-01 1.000000000000000E+00 -7.650553239294648E-01
-2.852315164806452E-01 1.000000000000000E+00 -7.650553239294648E-01
2.852315164806452E-01 1.000000000000000E+00 -7.650553239294648E-01
7.650553239294646E-01 1.000000000000000E+00 -7.650553239294648E-01
1.000000000000000E+00 1.000000000000000E+00 -7.650553239294648E-01
-1.000000000000000E+00 -1.000000000000000E+00 -2.852315164806452E-01
-7.650553239294648E-01 -1.000000000000000E+00 -2.852315164806452E-01
-2.852315164806452E-01 -1.000000000000000E+00 -2.852315164806452E-01
2.852315164806452E-01 -1.000000000000000E+00 -2.852315164806452E-01
7.650553239294646E-01 -1.000000000000000E+00 -2.852315164806452E-01
1.000000000000000E+00 -1.000000000000000E+00 -2.852315164806452E-01
-1.000000000000000E+00 -7.650553239294648E-01 -2.852315164806452E-01
-7.650553239294648E-01 -7.650553239294648E-01 -2.852315164806452E-01
-2.852315164806452E-01 -7.650553239294648E-01 -2.852315164806452E-01
2.852315164806452E-01 -7.650553239294648E-01 -2.852315164806452E-01
7.650553239294646E-01 -7.650553239294648E-01 -2.852315164806452E-01
1.000000000000000E+00 -7.650553239294648E-01 -2.852315164806452E-01
-1.000000000000000E+00 -2.852315164806452E-01 -2.852315164806452E-01
-7.650553239294648E-01 -2.852315164806452E-01 -2.852315164806452E-01
-2.852315164806452E-01 -2.852315164806452E-01 -2.852315164806452E-01
2.852315164806452E-01 -2.852315164806452E-01 -2.852315164806452E-01
7.650553239294646E-01 -2.852315164806452E-01 -2.852315164806452E-01
1.000000000000000E+00 -2.852315164806452E-01 -2.852315164806452E-01
-1.000000000000000E+00 2.852315164806452E-01 -2.852315164806452E-01
-7.650553239294648E-01 2.852315164806452E-01 -2.852315164806452E-01
-2.852315164806452E-01 2.852315164806452E-01 -2.852315164806452E-01
2.852315164806452E-01 2.852315164806452E-01 -2.852315164806452E-01
7.650553239294646E-01 2.852315164806452E-01 -2.852315164806452E-01
1.000000000000000E+00 2.852315164806452E-01 -2.852315164806452E-01
-1.000000000000000E+00 7.650553239294646E-01 -2.852315164806452E-01
-7.650553239294648E-01 7.650553239294646E-01 -2.852315164806452E-01
-2.852315164806452E-01 7.650553239294646E-01 -2.852315164806452E-01
2.852315164806452E-01 7.650553239294646E-01 -2.852315164806452E-01
7.650553239294646E-01 7.650553239294646E-01 -2.852315164806452E-01
1.000000000000000E+00 7.650553239294646E-01 -2.852315164806452E-01
-1.000000000000000E+00 1.000000000000000E+00 -2.852315164806452E-01
-7.650553239294648E-01 1.000000000000000E+00 -2.852315164806452E-01
-2.852315164806452E-01 1.000000000000000E+00 -2.852315164806452E-01
2.852315164806452E-01 1.000000000000000E+00 -2.852315164806452E-01
7.650553239294646E-01 1.000000000000000E+00 -2.852315164806452E-01
1.000000000000000E+00 1.000000000000000E+00 -2.852315164806452E-01
-1.000000000000000E+00 -1.000000000000000E+00 2.852315164806452E-01
-7.650553239294648E-01 -1.000000000000000E+00 2.852315164806452E-01
-2.852315164806452E-01 -1.000000000000000E+00 2.852315164806452E-01
2.852315164806452E-01 -1.000000000000000E+00 2.852315164806452E-01
7.650553239294646E-01 -1.000000000000000E+00 2.852315164806452E-01
1.000000000000000E+00 -1.000000000000000E+00 2.852315164806452E-01
-1.000000000000000E+00 -7.650553239294648E-01 2.852315164806452E-01
-7.650553239294648E-01 -7.650553239294648E-01 2.852315164806452E-01
-2.852315164806452E-01 -7.650553239294648E-01 2.852315164806452E-01
2.852315164806452E-01 -7.650553239294648E-01 2.852315164806452E-01
7.650553239294646E-01 -7.650553239294648E-01 2.852315164806452E-01
1.000000000000000E+00 -7.650553239294648E-01 2.852315164806452E-01
-1.000000000000000E+00 -2.852315164806452E-01 2.852315164806452E-01
-7.650553239294648E-01 -2.852315164806452E-01 2.852315164806452E-01
-2.852315164806452E-01 -2.852315164806452E-01 2.852315164806452E-01
2.852315164806452E-01 -2.852315164806452E-01 2.852315164806452E-01
7.650553239294646E-01 -2.852315164806452E-01 2.852315164806452E-01
1.000000000000000E+00 -2.852315164806452E-01 2.852315164806452E-01
-1.000000000000000E+00 2.852315164806452E-01 2.852315164806452E-01
-7.650553239294648E-01 2.852315164806452E-01 2.852315164806452E-01
-2.852315164806452E-01 2.852315164806452E-01 2.852315164806452E-01
2.852315164806452E-01 2.852315164806452E-01 2.852315164806452E-01
7.650553239294646E-01 2.852315164806452E-01 2.852315164806452E-01
1.000000000000000E+00 2.852315164806452E-01 2.852315164806452E-01
-1.000000000000000E+00 7.650553239294646E-01 2.852315164806452E-01
-7.650553239294648E-01 7.650553239294646E-01 2.852315164806452E-01
-2.852315164806452E-01 7.650553239294646E-01 2.852315164806452E-01
2.852315164806452E-01 7.650553239294646E-01 2.852315164806452E-01
7.650553239294646E-01 7.650553239294646E-01 2.852315164806452E-01
1.000000000000000E+00 7.650553239294646E-01 2.852315164806452E-01
-1.000000000000000E+00 1.000000000000000E+00 2.852315164806452E-01
-7.650553239294648E-01 1.000000000000000E+00 2.852315164806452E-01
-2.852315164806452E-01 1.000000000000000E+00 2.852315164806452E-01
2.852315164806452E-01 1.000000000000000E+00 2.852315164806452E-01
7.650553239294646E-01 1.000000000000000E+00 2.852315164806452E-01
1.000000000000000E+00 1.000000000000000E+00 2.852315164806452E-01
-1.000000000000000E+00 -1.000000000000000E+00 7.650553239294646E-01
-7.650553239294648E-01 -1.000000000000000E+00 7.650553239294646E-01
-2.852315164806452E-01 -1.000000000000000E+00 7.650553239294646E-01
2.852315164806452E-01 -1.000000000000000E+00 7.650553239294646E-01
7.650553239294646E-01 -1.000000000000000E+00 7.650553239294646E-01
1.000000000000000E+00 -1.000000000000000E+00 7.650553239294646E-01
-1.000000000000000E+00 -7.650553239294648E-01 7.650553239294646E-01
-7.650553239294648E-01 -7.650553239294648E-01 7.650553239294646E-01
-2.852315164806452E-01 -7.650553239294648E-01 7.650553239294646E-01
2.852315164806452E-01 -7.650553239294648E-01 7.650553239294646E-01
7.650553239294646E-01 -7.650553239294648E-01 7.650553239294646E-01
1.000000000000000E+00 -7.650553239294648E-01 7.650553239294646E-01
-1.000000000000000E+00 -2.852315164806452E-01 7.650553239294646E-01
-7.650553239294648E-01 -2.852315164806452E-01 7.650553239294646E-01
-2.852315164806452E-01 -2.852315164806452E-01 7.650553239294646E-01
2.852315164806452E-01 -2.852315164806452E-01 7.650553239294646E-01
7.650553239294646E-01 -2.852315164806452E-01 7.650553239294646E-01
1.000000000000000E+00 -2.852315164806452E-01 7.650553239294646E-01
-1.000000000000000E+00 2.852315164806452E-01 7.650553239294646E-01
-7.650553239294648E-01 2.852315164806452E-01 7.650553239294646E-01
-2.852315164806452E-01 2.852315164806452E-01 7.650553239294646E-01
2.852315164806452E-01 2.852315164806452E-01 7.650553239294646E-01
7.650553239294646E-01 2.852315164806452E-01 7.650553239294646E-01
1.000000000000000E+00 2.852315164806452E-01 7.650553239294646E-01
-1.000000000000000E+00 7.650553239294646E-01 7.650553239294646E-01
-7.650553239294648E-01 7.650553239294646E-01 7.650553239294646E-01
-2.852315164806452E-01 7.650553239294646E-01 7.650553239294646E-01
2.852315164806452E-01 7.650553239294646E-01 7.650553239294646E-01
7.650553239294646E-01 7.650553239294646E-01 7.650553239294646E-01
1.000000000000000E+00 7.650553239294646E-01 7.650553239294646E-01
-1.000000000000000E+00 1.000000000000000E+00 7.650553239294646E-01
-7.650553239294648E-01 1.000000000000000E+00 7.650553239294646E-01
-2.852315164806452E-01 1.000000000000000E+00 7.650553239294646E-01
2.852315164806452E-01 1.000000000000000E+00 7.650553239294646E-01
7.650553239294646E-01 1.000000000000000E+00 7.650553239294646E-01
1.000000000000000E+00 1.000000000000000E+00 7.650553239294646E-01
-1.000000000000000E+00 -1.000000000000000E+00 1.000000000000000E+00
-7.650553239294648E-01 -1.000000000000000E+00 1.000000000000000E+00
-2.852315164806452E-01 -1.000000000000000E+00 1.000000000000000E+00
2.852315164806452E-01 -1.000000000000000E+00 1.000000000000000E+00
7.650553239294646E-01 -1.000000000000000E+00 1.000000000000000E+00
1.000000000000000E+00 -1.000000000000000E+00 1.000000000000000E+00
-1.000000000000000E+00 -7.650553239294648E-01 1.000000000000000E+00
-7.650553239294648E-01 -7.650553239294648E-01 1.000000000000000E+00
-2.852315164806452E-01 -7.650553239294648E-01 1.000000000000000E+00
2.852315164806452E-01 -7.650553239294648E-01 1.000000000000000E+00
7.650553239294646E-01 -7.650553239294648E-01 1.000000000000000E+00
1.000000000000000E+00 -7.650553239294648E-01 1.000000000000000E+00
-1.000000000000000E+00 -2.852315164806452E-01 1.000000000000000E+00
-7.650553239294648E-01 -2.852315164806452E-01 1.000000000000000E+00
-2.852315164806452E-01 -2.852315164806452E-01 1.000000000000000E+00
2.852315164806452E-01 -2.852315164806452E-01 1.000000000000000E+00
7.650553239294646E-01 -2.852315164806452E-01 1.000000000000000E+00
1.000000000000000E+00 -2.852315164806452E-01 1.000000000000000E+00
-1.000000000000000E+00 2.852315164806452E-01 1.000000000000000E+00
-7.650553239294648E-01 2.852315164806452E-01 1.000000000000000E+00
-2.852315164806452E-01 2.852315164806452E-01 1.000000000000000E+00
2.852315164806452E-01 2.852315164806452E-01 1.000000000000000E+00
7.650553239294646E-01 2.852315164806452E-01 1.000000000000000E+00
1.000000000000000E+00 2.852315164806452E-01 1.000000000000000E+00
-1.000000000000000E+00 7.650553239294646E-01 1.000000000000000E+00
-7.650553239294648E-01 7.650553239294646E-01 1.000000000000000E+00
-2.852315164806452E-01 7.650553239294646E-01 1.000000000000000E+00
2.852315164806452E-01 7.650553239294646E-01 1.000000000000000E+00
7.650553239294646E-01 7.650553239294646E-01 1.000000000000000E+00
1.000000000000000E+00 7.650553239294646E-01 1.000000000000000E+00
-1.000000000000000E+00 1.000000000000000E+00 1.000000000000000E+00
-7.650553239294648E-01 1.000000000000000E+00 1.000000000000000E+00
-2.852315164806452E-01 1.000000000000000E+00 1.000000000000000E+00
2.852315164806452E-01 1.000000000000000E+00 1.000000000000000E+00
7.650553239294646E-01 1.000000000000000E+00 1.000000000000000E+00
1.000000000000000E+00 1.000000000000000E+00 1.000000000000000E+00
% faceNodes
0 1 2 3 4 5 6 7 8 9 10 11 12 13 14 15 16 17 18 19 20 21 22 23 24 25 26 27 28 29 30 31 32 33 34 35 
0 1 2 3 4 5 36 37 38 39 40 41 72 73 74 75 76 77 108 109 110 111 112 113 144 145 146 147 148 149 180 181 182 183 184 185 
5 11 17 23 29 35 41 47 53 59 65 71 77 83 89 95 101 107 113 119 125 131 137 143 149 155 161 167 173 179 185 191 197 203 209 215 
30 31 32 33 34 35 66 67 68 69 70 71 102 103 104 105 106 107 138 139 140 141 142 143 174 175 176 177 178 179 210 211 212 213 214 215 
0 6 12 18 24 30 36 42 48 54 60 66 72 78 84 90 96 102 108 114 120 126 132 138 144 150 156 162 168 174 180 186 192 198 204 210 
180 181 182 183 184 185 186 187 188 189 190 191 192 193 194 195 196 197 198 199 200 201 202 203 204 205 206 207 208 209 210 211 212 213 214 215 
% D (1D) matrix
-7.500000000000002E+00 1.014141593631967E+01 -4.036187270305347E+00 2.244684648176167E+00 -1.349913314190486E+00 4.999999999999988E-01 
-1.786364948339096E+00 2.067923759636725E-15 2.523426777429454E+00 -1.152828158535929E+00 6.535475074297998E-01 -2.377811779842309E-01 
4.849510478535698E-01 -1.721256952830234E+00 6.661338147750939E-16 1.752961966367866E+00 -7.863566722232410E-01 2.697006108320390E-01 
-2.697006108320393E-01 7.863566722232411E-01 -1.752961966367866E+00 -9.729511094638094E-16 1.721256952830234E+00 -4.849510478535688E-01 
2.377811779842315E-01 -6.535475074298004E-01 1.152828158535929E+00 -2.523426777429456E+00 2.664535259100376E-15 1.786364948339093E+00 
-4.999999999999980E-01 1.349913314190488E+00 -2.244684648176168E+00 4.036187270305351E+00 -1.014141593631967E+01 7.499999999999997E+00 
% r (1D) gll nodes
-1.000000000000000E+00 
-7.650553239294648E-01 
-2.852315164806452E-01 
2.852315164806452E-01 
7.650553239294646E-01 
1.000000000000000E+00 
% w (1D) gll node weights
6.666666666666649E-02 
3.784749562978468E-01 
5.548583770354865E-01 
5.548583770354866E-01 
3.784749562978470E-01 
6.666666666666674E-02 
% number of plot nodes
8
% plot node coordinates
-1.000000000000000E+00 -1.000000000000000E+00 -1.000000000000000E+00
-1.000000000000000E+00 1.000000000000000E+00 -1.000000000000000E+00
1.000000000000000E+00 -1.000000000000000E+00 -1.000000000000000E+00
1.000000000000000E+00 1.000000000000000E+00 -1.000000000000000E+00
-1.000000000000000E+00 -1.000000000000000E+00 1.000000000000000E+00
-1.000000000000000E+00 1.000000000000000E+00 1.000000000000000E+00
1.000000000000000E+00 -1.000000000000000E+00 1.000000000000000E+00
1.000000000000000E+00 1.000000000000000E+00 1.000000000000000E+00
% plot node interpolation matrix
1.000000000000000E+00 0.000000000000000E+00 0.000000000000000E+00 0.000000000000000E+00 0.000000000000000E+00 0.000000000000000E+00 0.000000000000000E+00 0.000000000000000E+00 0.000000000000000E+00 0.000000000000000E+00 0.000000000000000E+00 0.000000000000000E+00 0.000000000000000E+00 0.000000000000000E+00 0.000000000000000E+00 0.000000000000000E+00 0.000000000000000E+00 0.000000000000000E+00 0.000000000000000E+00 0.000000000000000E+00 0.000000000000000E+00 0.000000000000000E+00 0.000000000000000E+00 0.000000000000000E+00 0.000000000000000E+00 0.000000000000000E+00 0.000000000000000E+00 0.000000000000000E+00 0.000000000000000E+00 0.000000000000000E+00 0.000000000000000E+00 0.000000000000000E+00 0.000000000000000E+00 0.000000000000000E+00 0.000000000000000E+00 0.000000000000000E+00 0.000000000000000E+00 0.000000000000000E+00 0.000000000000000E+00 0.000000000000000E+00 0.000000000000000E+00 0.000000000000000E+00 0.000000000000000E+00 0.000000000000000E+00 0.000000000000000E+00 0.000000000000000E+00 0.000000000000000E+00 0.000000000000000E+00 0.000000000000000E+00 0.000000000000000E+00 0.000000000000000E+00 0.000000000000000E+00 0.000000000000000E+00 0.000000000000000E+00 0.000000000000000E+00 0.000000000000000E+00 0.000000000000000E+00 0.000000000000000E+00 0.000000000000000E+00 0.000000000000000E+00 0.000000000000000E+00 0.000000000000000E+00 0.000000000000000E+00 0.000000000000000E+00 0.000000000000000E+00 0.000000000000000E+00 0.000000000000000E+00 0.000000000000000E+00 0.000000000000000E+00 0.000000000000000E+00 0.000000000000000E+00 0.000000000000000E+00 0.000000000000000E+00 0.000000000000000E+00 0.000000000000000E+00 0.000000000000000E+00 0.000000000000000E+00 0.000000000000000E+00 0.000000000000000E+00 0.000000000000000E+00 0.000000000000000E+00 0.000000000000000E+00 0.000000000000000E+00 0.000000000000000E+00 0.000000000000000E+00 0.000000000000000E+00 0.000000000000000E+00 0.000000000000000E+00 0.000000000000000E+00 0.000000000000000E+00 0.000000000000000E+00 0.000000000000000E+00 0.000000000000000E+00 0.000000000000000E+00 0.000000000000000E+00 0.000000000000000E+00 0.000000000000000E+00 0.000000000000000E+00 0.000000000000000E+00 0.000000000000000E+00 0.000000000000000E+00 0.000000000000000E+00 0.000000000000000E+00 0.000000000000000E+00 0.000000000000000E+00 0.000000000000000E+00 0.000000000000000E+00 0.000000000000000E+00 0.000000000000000E+00 0.000000000000000E+00 0.000000000000000E+00 0.000000000000000E+00 0.000000000000000E+00 0.000000000000000E+00 0.000000000000000E+00 0.000000000000000E+00 0.000000000000000E+00 0.000000000000000E+00 0.000000000000000E+00 0.000000000000000E+00 0.000000000000000E+00 0.000000000000000E+00 0.000000000000000E+00 0.000000000000000E+00 0.000000000000000E+00 0.000000000000000E+00 0.000000000000000E+00 0.000000000000000E+00 0.000000000000000E+00 0.000000000000000E+00 0.000000000000000E+00 0.000000000000000E+00 0.000000000000000E+00 0.000000000000000E+00 0.000000000000000E+00 0.000000000000000E+00 0.000000000000000E+00 0.000000000000000E+00 0.000000000000000E+00 0.000000000000000E+00 0.000000000000000E+00 0.000000000000000E+00 0.000000000000000E+00 0.000000000000000E+00 0.000000000000000E+00 0.000000000000000E+00 0.000000000000000E+00 0.000000000000000E+00 0.000000000000000E+00 0.000000000000000E+00 0.000000000000000E+00 0.000000000000000E+00 0.000000000000000E+00 0.000000000000000E+00 0.000000000000000E+00 0.000000000000000E+00 0.000000000000000E+00 0.000000000000000E+00 0.000000000000000E+00 0.000000000000000E+00 0.000000000000000E+00 0.000000000000000E+00 0.000000000000000E+00 0.000000000000000E+00 0.000000000000000E+00 0.000000000000000E+00 0.000000000000000E+00 0.000000000000000E+00 0.000000000000000E+00 0.000000000000000E+00 0.000000000000000E+00 0.000000000000000E+00 0.000000000000000E+00 0.000000000000000E+00 0.000000000000000E+00 0.000000000000000E+00 0.000000000000000E+00 0.000000000000000E+00 0.000000000000000E+00 0.000000000000000E+00 0.000000000000000E+00 0.000000000000000E+00 0.000000000000000E+00 0.000000000000000E+00 0.000000000000000E+00 0.000000000000000E+00 0.000000000000000E+00 0.000000000000000E+00 0.000000000000000E+00 0.000000000000000E+00 0.000000000000000E+00 0.000000000000000E+00 0.000000000000000E+00 0.000000000000000E+00 0.000000000000000E+00 0.000000000000000E+00 0.000000000000000E+00 0.000000000000000E+00 0.000000000000000E+00 0.000000000000000E+00 0.000000000000000E+00 0.000000000000000E+00 0.000000000000000E+00 0.000000000000000E+00 0.000000000000000E+00 0.000000000000000E+00 0.000000000000000E+00 0.000000000000000E+00 0.000000000000000E+00 0.000000000000000E+00 0.000000000000000E+00 0.000000000000000E+00 0.000000000000000E+00 0.000000000000000E+00 0.000000000000000E+00 0.000000000000000E+00 
0.000000000000000E+00 0.000000000000000E+00 0.000000000000000E+00 0.000000000000000E+00 0.000000000000000E+00 0.000000000000000E+00 0.000000000000000E+00 0.000000000000000E+00 0.000000000000000E+00 0.000000000000000E+00 0.000000000000000E+00 0.000000000000000E+00 0.000000000000000E+00 0.000000000000000E+00 0.000000000000000E+00 0.000000000000000E+00 0.000000000000000E+00 0.000000000000000E+00 0.000000000000000E+00 0.000000000000000E+00 0.000000000000000E+00 0.000000000000000E+00 0.000000000000000E+00 0.000000000000000E+00 0.000000000000000E+00 0.000000000000000E+00 0.000000000000000E+00 0.000000000000000E+00 0.000000000000000E+00 0.000000000000000E+00 1.000000000000000E+00 0.000000000000000E+00 0.000000000000000E+00 0.000000000000000E+00 0.000000000000000E+00 0.000000000000000E+00 0.000000000000000E+00 0.000000000000000E+00 0.000000000000000E+00 0.000000000000000E+00 0.000000000000000E+00 0.000000000000000E+00 0.000000000000000E+00 0.000000000000000E+00 0.000000000000000E+00 0.000000000000000E+00 0.000000000000000E+00 0.000000000000000E+00 0.000000000000000E+00 0.000000000000000E+00 0.000000000000000E+00 0.000000000000000E+00 0.000000000000000E+00 0.000000000000000E+00 0.000000000000000E+00 0.000000000000000E+00 0.000000000000000E+00 0.000000000000000E+00 0.000000000000000E+00 0.000000000000000E+00 0.000000000000000E+00 0.000000000000000E+00 0.000000000000000E+00 0.000000000000000E+00 0.000000000000000E+00 0.000000000000000E+00 0.000000000000000E+00 0.000000000000000E+00 0.000000000000000E+00 0.000000000000000E+00 0.000000000000000E+00 0.000000000000000E+00 0.000000000000000E+00 0.000000000000000E+00 0.000000000000000E+00 0.000000000000000E+00 0.000000000000000E+00 0.000000000000000E+00 0.000000000000000E+00 0.000000000000000E+00 0.000000000000000E+00 0.000000000000000E+00 0.000000000000000E+00 0.000000000000000E+00 0.000000000000000E+00 0.000000000000000E+00 0.000000000000000E+00 0.000000000000000E+00 0.000000000000000E+00 0.000000000000000E+00 0.000000000000000E+00 0.000000000000000E+00 0.000000000000000E+00 0.000000000000000E+00 0.000000000000000E+00 0.000000000000000E+00 0.000000000000000E+00 0.000000000000000E+00 0.000000000000000E+00 0.000000000000000E+00 0.000000000000000E+00 0.000000000000000E+00 0.000000000000000E+00 0.000000000000000E+00 0.000000000000000E+00 0.000000000000000E+00 0.000000000000000E+00 0.000000000000000E+00 0.000000000000000E+00 0.000000000000000E+00 0.000000000000000E+00 0.000000000000000E+00 0.000000000000000E+00 0.000000000000000E+00 0.000000000000000E+00 0.000000000000000E+00 0.000000000000000E+00 0.000000000000000E+00 0.000000000000000E+00 0.000000000000000E+00 0.000000000000000E+00 0.000000000000000E+00 0.000000000000000E+00 0.000000000000000E+00 0.000000000000000E+00 0.000000000000000E+00 0.000000000000000E+00 0.000000000000000E+00 0.000000000000000E+00 0.000000000000000E+00 0.000000000000000E+00 0.000000000000000E+00 0.000000000000000E+00 0.000000000000000E+00 0.000000000000000E+00 0.000000000000000E+00 0.000000000000000E+00 0.000000000000000E+00 0.000000000000000E+00 0.000000000000000E+00 0.000000000000000E+00 0.000000000000000E+00 0.000000000000000E+00 0.000000000000000E+00 0.000000000000000E+00 0.000000000000000E+00 0.000000000000000E+00 0.000000000000000E+00 0.000000000000000E+00 0.000000000000000E+00 0.000000000000000E+00 0.000000000000000E+00 0.000000000000000E+00 0.000000000000000E+00 0.000000000000000E+00 0.000000000000000E+00 0.000000000000000E+00 0.000000000000000E+00 0.000000000000000E+00 0.000000000000000E+00 0.000000000000000E+00 0.000000000000000E+00 0.000000000000000E+00 0.000000000000000E+00 0.000000000000000E+00 0.000000000000000E+00 0.000000000000000E+00 0.000000000000000E+00 0.000000000000000E+00 0.000000000000000E+00 0.000000000000000E+00 0.000000000000000E+00 0.000000000000000E+00 0.000000000000000E+00 0.000000000000000E+00 0.000000000000000E+00 0.000000000000000E+00 0.000000000000000E+00 0.000000000000000E+00 0.000000000000000E+00 0.000000000000000E+00 0.000000000000000E+00 0.000000000000000E+00 0.000000000000000E+00 0.000000000000000E+00 0.000000000000000E+00 0.000000000000000E+00 0.000000000000000E+00 0.000000000000000E+00 0.000000000000000E+00 0.000000000000000E+00 0.000000000000000E+00 0.000000000000000E+00 0.000000000000000E+00 0.000000000000000E+00 0.000000000000000E+00 0.000000000000000E+00 0.000000000000000E+00 0.000000000000000E+00 0.000000000000000E+00 0.000000000000000E+00 0.000000000000000E+00 0.000000000000000E+00 0.000000000000000E+00 0.000000000000000E+00 0.000000000000000E+00 0.000000000000000E+00 0.000000000000000E+00 0.000000000000000E+00 0.000000000000000E+00 0.000000000000000E+00 0.000000000000000E+00 0.000000000000000E+00 0.000000000000000E+00 0.000000000000000E+00 0.000000000000000E+00 
0.000000000000000E+00 0.000000000000000E+00 0.000000000000000E+00 0.000000000000000E+00 0.000000000000000E+00 1.000000000000000E+00 0.000000000000000E+00 0.000000000000000E+00 0.000000000000000E+00 0.000000000000000E+00 0.000000000000000E+00 0.000000000000000E+00 0.000000000000000E+00 0.000000000000000E+00 0.000000000000000E+00 0.000000000000000E+00 0.000000000000000E+00 0.000000000000000E+00 0.000000000000000E+00 0.000000000000000E+00 0.000000000000000E+00 0.000000000000000E+00 0.000000000000000E+00 0.000000000000000E+00 0.000000000000000E+00 0.000000000000000E+00 0.000000000000000E+00 0.000000000000000E+00 0.000000000000000E+00 0.000000000000000E+00 0.000000000000000E+00 0.000000000000000E+00 0.000000000000000E+00 0.000000000000000E+00 0.000000000000000E+00 0.000000000000000E+00 0.000000000000000E+00 0.000000000000000E+00 0.000000000000000E+00 0.000000000000000E+00 0.000000000000000E+00 0.000000000000000E+00 0.000000000000000E+00 0.000000000000000E+00 0.000000000000000E+00 0.000000000000000E+00 0.000000000000000E+00 0.000000000000000E+00 0.000000000000000E+00 0.000000000000000E+00 0.000000000000000E+00 0.000000000000000E+00 0.000000000000000E+00 0.000000000000000E+00 0.000000000000000E+00 0.000000000000000E+00 0.000000000000000E+00 0.000000000000000E+00 0.000000000000000E+00 0.000000000000000E+00 0.000000000000000E+00 0.000000000000000E+00 0.000000000000000E+00 0.000000000000000E+00 0.000000000000000E+00 0.000000000000000E+00 0.000000000000000E+00 0.000000000000000E+00 0.000000000000000E+00 0.000000000000000E+00 0.000000000000000E+00 0.000000000000000E+00 0.000000000000000E+00 0.000000000000000E+00 0.000000000000000E+00 0.000000000000000E+00 0.000000000000000E+00 0.000000000000000E+00 0.000000000000000E+00 0.000000000000000E+00 0.000000000000000E+00 0.000000000000000E+00 0.000000000000000E+00 0.000000000000000E+00 0.000000000000000E+00 0.000000000000000E+00 0.000000000000000E+00 0.000000000000000E+00 0.000000000000000E+00 0.000000000000000E+00 0.000000000000000E+00 0.000000000000000E+00 0.000000000000000E+00 0.000000000000000E+00 0.000000000000000E+00 0.000000000000000E+00 0.000000000000000E+00 0.000000000000000E+00 0.000000000000000E+00 0.000000000000000E+00 0.000000000000000E+00 0.000000000000000E+00 0.000000000000000E+00 0.000000000000000E+00 0.000000000000000E+00 0.000000000000000E+00 0.000000000000000E+00 0.000000000000000E+00 0.000000000000000E+00 0.000000000000000E+00 0.000000000000000E+00 0.000000000000000E+00 0.000000000000000E+00 0.000000000000000E+00 0.000000000000000E+00 0.000000000000000E+00 0.000000000000000E+00 0.000000000000000E+00 0.000000000000000E+00 0.000000000000000E+00 0.000000000000000E+00 0.000000000000000E+00 0.000000000000000E+00 0.000000000000000E+00 0.000000000000000E+00 0.000000000000000E+00 0.000000000000000E+00 0.000000000000000E+00 0.000000000000000E+00 0.000000000000000E+00 0.000000000000000E+00 0.000000000000000E+00 0.000000000000000E+00 0.000000000000000E+00 0.000000000000000E+00 0.000000000000000E+00 0.000000000000000E+00 0.000000000000000E+00 0.000000000000000E+00 0.000000000000000E+00 0.000000000000000E+00 0.000000000000000E+00 0.000000000000000E+00 0.000000000000000E+00 0.000000000000000E+00 0.000000000000000E+00 0.000000000000000E+00 0.000000000000000E+00 0.000000000000000E+00 0.000000000000000E+00 0.000000000000000E+00 0.000000000000000E+00 0.000000000000000E+00 0.000000000000000E+00 0.000000000000000E+00 0.000000000000000E+00 0.000000000000000E+00 0.000000000000000E+00 0.000000000000000E+00 0.000000000000000E+00 0.000000000000000E+00 0.000000000000000E+00 0.000000000000000E+00 0.000000000000000E+00 0.000000000000000E+00 0.000000000000000E+00 0.000000000000000E+00 0.000000000000000E+00 0.000000000000000E+00 0.000000000000000E+00 0.000000000000000E+00 0.000000000000000E+00 0.000000000000000E+00 0.000000000000000E+00 0.000000000000000E+00 0.000000000000000E+00 0.000000000000000E+00 0.000000000000000E+00 0.000000000000000E+00 0.000000000000000E+00 0.000000000000000E+00 0.000000000000000E+00 0.000000000000000E+00 0.000000000000000E+00 0.000000000000000E+00 0.000000000000000E+00 0.000000000000000E+00 0.000000000000000E+00 0.000000000000000E+00 0.000000000000000E+00 0.000000000000000E+00 0.000000000000000E+00 0.000000000000000E+00 0.000000000000000E+00 0.000000000000000E+00 0.000000000000000E+00 0.000000000000000E+00 0.000000000000000E+00 0.000000000000000E+00 0.000000000000000E+00 0.000000000000000E+00 0.000000000000000E+00 0.000000000000000E+00 0.000000000000000E+00 0.000000000000000E+00 0.000000000000000E+00 0.000000000000000E+00 0.000000000000000E+00 0.000000000000000E+00 0.000000000000000E+00 0.000000000000000E+00 0.000000000000000E+00 0.000000000000000E+00 0.000000000000000E+00 0.000000000000000E+00 0.000000000000000E+00 
-4.761856974973147E-18 4.229903182403267E-18 -2.577344422978119E-17 6.176611398650745E-17 -3.816186919603811E-17 2.701153231881732E-18 2.124324003660074E-17 4.757309122917604E-17 -2.945667943720331E-17 2.355469945760708E-19 1.058625294063294E-18 -3.752505451500507E-17 2.268040612017612E-17 -5.339912393122853E-17 8.034214949654425E-17 -1.232028958877236E-16 2.773299327405632E-17 3.878193755672513E-17 -5.959095130651025E-18 3.830441422564346E-17 -1.017061505343681E-16 1.370907828697830E-16 1.956026727148494E-17 -2.058666839510570E-17 -4.187743326632322E-17 -6.243196186185385E-17 1.262228496830682E-16 -8.922125951555393E-17 -3.344226203080002E-17 2.447305782643348E-17 0.000000000000000E+00 3.923171720559506E-18 -6.556252703030387E-17 9.038688394922063E-18 5.113217263480237E-17 1.000000000000000E+00 -1.191884577590741E-17 6.721037293425175E-17 2.987471631262972E-17 -8.318592480907596E-17 -3.223464818294162E-18 -1.541269001553736E-17 5.469420405166693E-17 -1.542220055911811E-16 -7.618504095925416E-17 1.603095258429346E-16 5.615184108082699E-17 -5.794761887484659E-17 -1.089011054676383E-16 6.707495976174624E-17 -1.804691452200864E-16 1.468381753671095E-16 -3.089033994211834E-17 3.322342927688086E-17 7.217499243254737E-17 2.982234206659027E-17 2.653402363037419E-16 -3.224872023482922E-16 4.849213708100864E-17 -5.300980223263157E-17 7.078495157551026E-18 8.704143046843308E-17 -1.565530826316224E-16 1.179449889955766E-16 -5.097317618726505E-17 6.369683030936505E-17 -4.070005719337594E-17 -2.786688768153723E-17 1.141030348430216E-16 -2.330884439982251E-17 -9.894992547084021E-18 1.877534741613324E-18 2.141644826010874E-17 -7.892357040605859E-17 -4.568190315836443E-17 6.119875678567782E-17 4.002769848790114E-17 -9.220689762786137E-18 -6.708350743930069E-17 1.480262494122552E-16 6.576214209663356E-17 -1.930313674187384E-16 -6.686545678110176E-17 1.474166427581505E-16 1.349626117707461E-16 -2.293193676293288E-16 6.787227106882677E-18 2.354280017876376E-16 2.164825077301227E-16 -1.540904433022610E-16 -1.030452077408141E-16 3.930289165431735E-17 -1.499514986217571E-16 1.949168927657817E-16 -4.514697130770133E-16 1.367024477441178E-16 -7.857093688280930E-18 4.708214477548025E-17 1.972190077097567E-16 -2.392243011823449E-16 1.898639970277754E-16 -1.030637210538529E-16 6.157364081503251E-17 -3.497251425368857E-17 -7.840346511334133E-18 -3.380503943830204E-17 -5.169961547605429E-17 2.177110468809116E-17 -3.817638132413571E-18 -2.233562280278377E-17 3.676873576091240E-17 -4.850334702443993E-17 2.080859295139639E-17 1.451780373536305E-17 -1.191298615597553E-17 1.177796876013120E-17 8.241462180068960E-17 5.681959119239361E-17 -5.950953995840698E-17 -1.110607252627364E-16 -7.734240167466087E-17 2.955599929747297E-16 3.056114966195504E-17 -2.778932055086806E-16 -2.657976486445795E-16 1.159355532247671E-16 6.881422780778565E-17 -1.553450647879169E-16 8.448149842692638E-17 -1.756581454089354E-16 5.652821880146250E-16 -7.897025660369551E-17 3.281628743446013E-17 -9.773276655535259E-17 -2.807470242827953E-16 3.692454098381541E-16 -1.320545399075888E-16 2.556347633187329E-17 -4.852438125668736E-17 7.687965885821577E-17 -1.977360998950562E-17 5.050675361179624E-17 -5.068470367076064E-18 -5.501192497030903E-18 -9.986485403781623E-18 3.962169952048212E-17 -7.237707131412310E-17 1.173096657612706E-16 -1.406175682577701E-17 -1.340218467391295E-17 3.742967372644181E-17 -1.303456982196394E-16 7.109673580127269E-17 -1.817266648520458E-16 1.543617653415220E-16 6.028329593680732E-17 -1.754762599520574E-17 3.753415836212104E-17 -5.461334439632817E-17 9.957936739134256E-17 -1.112129649641989E-16 5.010474350801433E-17 2.460736689988375E-18 -2.410855968830205E-17 3.203869189685911E-17 1.274777721923477E-16 -4.926657955620878E-17 -7.368699528761785E-17 2.050377917051568E-17 -4.427627876860024E-17 1.842822202658741E-17 -8.281397094538192E-17 -7.650588628763758E-18 2.511248149828058E-17 -5.287761392802136E-18 5.251446683563543E-17 9.316047337302088E-18 -7.593688819596339E-17 1.816811996635261E-17 -2.083902418641518E-17 1.494563812486662E-18 -3.248653330209311E-17 2.424578665167918E-17 -5.564208472289264E-17 1.729455027461022E-17 1.112261698367509E-17 -1.812999056093264E-17 9.689621974783159E-17 -7.121550106746502E-17 1.149770900062066E-16 -1.049030603154772E-16 -1.740717370087040E-17 4.986658564700414E-18 -9.077858700823078E-17 1.892366905578440E-16 -1.525941703564969E-16 1.370134200169090E-16 -4.279376358224414E-17 6.715802623026082E-18 4.535194399985909E-17 -2.020475046782136E-16 1.105046271361266E-16 -1.059262672040879E-16 4.838981809305049E-17 -2.690466846642341E-17 5.061160660331988E-17 5.301374926033209E-17 -3.351458895577667E-17 5.396239506521583E-17 -1.954149125359891E-17 2.214310347769671E-17 -4.779414460538663E-17 2.270058132786744E-17 2.056215005032221E-17 -2.532096508473901E-17 1.040666636084600E-17 
0.000000000000000E+00 0.000000000000000E+00 0.000000000000000E+00 0.000000000000000E+00 0.000000000000000E+00 0.000000000000000E+00 0.000000000000000E+00 0.000000000000000E+00 0.000000000000000E+00 0.000000000000000E+00 0.000000000000000E+00 0.000000000000000E+00 0.000000000000000E+00 0.000000000000000E+00 0.000000000000000E+00 0.000000000000000E+00 0.000000000000000E+00 0.000000000000000E+00 0.000000000000000E+00 0.000000000000000E+00 0.000000000000000E+00 0.000000000000000E+00 0.000000000000000E+00 0.000000000000000E+00 0.000000000000000E+00 0.000000000000000E+00 0.000000000000000E+00 0.000000000000000E+00 0.000000000000000E+00 0.000000000000000E+00 0.000000000000000E+00 0.000000000000000E+00 0.000000000000000E+00 0.000000000000000E+00 0.000000000000000E+00 0.000000000000000E+00 0.000000000000000E+00 0.000000000000000E+00 0.000000000000000E+00 0.000000000000000E+00 0.000000000000000E+00 0.000000000000000E+00 0.000000000000000E+00 0.000000000000000E+00 0.000000000000000E+00 0.000000000000000E+00 0.000000000000000E+00 0.000000000000000E+00 0.000000000000000E+00 0.000000000000000E+00 0.000000000000000E+00 0.000000000000000E+00 0.000000000000000E+00 0.000000000000000E+00 0.000000000000000E+00 0.000000000000000E+00 0.000000000000000E+00 0.000000000000000E+00 0.000000000000000E+00 0.000000000000000E+00 0.000000000000000E+00 0.000000000000000E+00 0.000000000000000E+00 0.000000000000000E+00 0.000000000000000E+00 0.000000000000000E+00 0.000000000000000E+00 0.000000000000000E+00 0.000000000000000E+00 0.000000000000000E+00 0.000000000000000E+00 0.000000000000000E+00 0.000000000000000E+00 0.000000000000000E+00 0.000000000000000E+00 0.000000000000000E+00 0.000000000000000E+00 0.000000000000000E+00 0.000000000000000E+00 0.000000000000000E+00 0.000000000000000E+00 0.000000000000000E+00 0.000000000000000E+00 0.000000000000000E+00 0.000000000000000E+00 0.000000000000000E+00 0.000000000000000E+00 0.000000000000000E+00 0.000000000000000E+00 0.000000000000000E+00 0.000000000000000E+00 0.000000000000000E+00 0.000000000000000E+00 0.000000000000000E+00 0.000000000000000E+00 0.000000000000000E+00 0.000000000000000E+00 0.000000000000000E+00 0.000000000000000E+00 0.000000000000000E+00 0.000000000000000E+00 0.000000000000000E+00 0.000000000000000E+00 0.000000000000000E+00 0.000000000000000E+00 0.000000000000000E+00 0.000000000000000E+00 0.000000000000000E+00 0.000000000000000E+00 0.000000000000000E+00 0.000000000000000E+00 0.000000000000000E+00 0.000000000000000E+00 0.000000000000000E+00 0.000000000000000E+00 0.000000000000000E+00 0.000000000000000E+00 0.000000000000000E+00 0.000000000000000E+00 0.000000000000000E+00 0.000000000000000E+00 0.000000000000000E+00 0.000000000000000E+00 0.000000000000000E+00 0.000000000000000E+00 0.000000000000000E+00 0.000000000000000E+00 0.000000000000000E+00 0.000000000000000E+00 0.000000000000000E+00 0.000000000000000E+00 0.000000000000000E+00 0.000000000000000E+00 0.000000000000000E+00 0.000000000000000E+00 0.000000000000000E+00 0.000000000000000E+00 0.000000000000000E+00 0.000000000000000E+00 0.000000000000000E+00 0.000000000000000E+00 0.000000000000000E+00 0.000000000000000E+00 0.000000000000000E+00 0.000000000000000E+00 0.000000000000000E+00 0.000000000000000E+00 0.000000000000000E+00 0.000000000000000E+00 0.000000000000000E+00 0.000000000000000E+00 0.000000000000000E+00 0.000000000000000E+00 0.000000000000000E+00 0.000000000000000E+00 0.000000000000000E+00 0.000000000000000E+00 0.000000000000000E+00 0.000000000000000E+00 0.000000000000000E+00 0.000000000000000E+00 0.000000000000000E+00 0.000000000000000E+00 0.000000000000000E+00 0.000000000000000E+00 0.000000000000000E+00 0.000000000000000E+00 0.000000000000000E+00 0.000000000000000E+00 0.000000000000000E+00 0.000000000000000E+00 0.000000000000000E+00 0.000000000000000E+00 0.000000000000000E+00 0.000000000000000E+00 0.000000000000000E+00 0.000000000000000E+00 0.000000000000000E+00 0.000000000000000E+00 0.000000000000000E+00 1.000000000000000E+00 0.000000000000000E+00 0.000000000000000E+00 0.000000000000000E+00 0.000000000000000E+00 0.000000000000000E+00 0.000000000000000E+00 0.000000000000000E+00 0.000000000000000E+00 0.000000000000000E+00 0.000000000000000E+00 0.000000000000000E+00 0.000000000000000E+00 0.000000000000000E+00 0.000000000000000E+00 0.000000000000000E+00 0.000000000000000E+00 0.000000000000000E+00 0.000000000000000E+00 0.000000000000000E+00 0.000000000000000E+00 0.000000000000000E+00 0.000000000000000E+00 0.000000000000000E+00 0.000000000000000E+00 0.000000000000000E+00 0.000000000000000E+00 0.000000000000000E+00 0.000000000000000E+00 0.000000000000000E+00 0.000000000000000E+00 0.000000000000000E+00 0.000000000000000E+00 0.000000000000000E+00 0.000000000000000E+00 0.000000000000000E+00 
-1.104311459668914E-16 2.358298664284972E-17 -7.533922409305770E-18 -2.049111997517576E-17 -1.095392988968145E-17 1.480482913568897E-17 2.720604221859779E-17 -1.628131941837502E-17 -1.106936268845128E-17 -7.891725464775412E-18 2.648131767722638E-17 -1.197943641493983E-17 -1.235904363766085E-17 -1.424217596913318E-17 7.142415092596940E-18 -4.062428643615790E-17 -5.755568994383058E-18 -2.901620259162731E-17 1.301535438090761E-17 7.404786554611049E-18 -2.169343480554033E-17 6.880161685774795E-17 -1.807715591761330E-17 2.053573719504678E-17 -2.376306346746453E-17 2.810476132242287E-17 1.464405153747562E-17 1.146641431379981E-17 -1.465787577317866E-17 1.542241516607302E-17 2.301684196722324E-16 -2.856903913237545E-17 1.851025327322487E-17 -1.126089929543906E-17 2.296321289762990E-17 -9.767342490241383E-18 1.936800457443316E-17 7.910190081504324E-18 -2.794924353138444E-17 9.466519366500755E-18 -1.470860828130461E-17 -1.327604991780475E-17 -8.372835740274352E-18 4.447686654165409E-17 8.370502342066218E-18 -7.971420648348366E-17 2.236161156089799E-17 1.287806177913974E-17 -5.921254803853862E-17 -4.502364659638879E-17 2.003438025557229E-16 9.842983509241424E-17 -3.093518921109151E-17 3.435430495314479E-17 5.714985887920150E-17 1.471601764128315E-17 -1.751956395905858E-16 -7.328167212727727E-17 3.225471509555146E-17 -3.641699411248189E-17 1.654642121722605E-17 -2.693838478838654E-17 -3.408256957228538E-17 5.400213925326430E-17 -4.823129807630243E-18 -4.704476302188083E-18 -2.547890089204776E-17 4.858957120333812E-18 2.851314779646651E-17 -8.902615101418332E-18 -4.149399356423077E-18 7.165153600190216E-18 9.442170859588095E-18 -5.071082054009282E-17 6.518259342584761E-17 -1.005282331078903E-17 -4.479398869705594E-18 1.281804908262519E-17 -5.762678036280073E-17 -9.866532292302502E-17 6.048970008479189E-17 1.973463544399089E-16 -1.163709834828758E-16 -7.840574719836648E-18 1.937322530155760E-17 8.199411595401911E-17 -5.538788241553674E-16 1.948800841132259E-16 2.940479764587666E-16 -5.145450461920711E-17 -1.614160282487853E-17 2.326915464371583E-17 5.374405416386499E-16 -3.611207119729131E-16 -2.140315221390137E-16 8.671896923255234E-17 2.363255715946990E-17 1.017106725847725E-17 -4.056717947001879E-18 -1.409133723021179E-16 2.787672781832765E-17 -2.615364848349387E-17 2.132042986706418E-17 3.394180560690555E-17 -1.051772930469196E-16 1.198604690326860E-16 1.295720021450073E-17 -1.408829049263950E-17 -9.442170859587280E-18 5.071082054009296E-17 -6.518259342584764E-17 1.005282331078942E-17 4.479398869705608E-18 -1.281804908262556E-17 5.762678036280072E-17 9.866532292302492E-17 -6.048970008479190E-17 -1.973463544399087E-16 1.163709834828757E-16 7.840574719836635E-18 -1.937322530155761E-17 -8.199411595401907E-17 5.538788241553673E-16 -1.948800841132260E-16 -2.940479764587665E-16 5.145450461920710E-17 1.614160282487775E-17 -2.326915464371596E-17 -5.374405416386495E-16 3.611207119729127E-16 2.140315221390137E-16 -8.671896923255200E-17 -2.363255715947010E-17 -1.017106725847721E-17 4.056717947001834E-18 1.409133723021181E-16 -2.787672781832765E-17 2.615364848349380E-17 -2.132042986706349E-17 -3.394180560690556E-17 1.051772930469196E-16 -1.198604690326858E-16 -1.295720021450075E-17 1.408829049263931E-17 -1.936800457443311E-17 -7.910190081504429E-18 2.794924353138440E-17 -9.466519366500684E-18 1.470860828130459E-17 1.327604991780476E-17 8.372835740274371E-18 -4.447686654165398E-17 -8.370502342066335E-18 7.971420648348362E-17 -2.236161156089794E-17 -1.287806177913970E-17 5.921254803853854E-17 4.502364659638877E-17 -2.003438025557226E-16 -9.842983509241414E-17 3.093518921109142E-17 -3.435430495314483E-17 -5.714985887920147E-17 -1.471601764128308E-17 1.751956395905857E-16 7.328167212727735E-17 -3.225471509555149E-17 3.641699411248186E-17 -1.654642121722604E-17 2.693838478838650E-17 3.408256957228536E-17 -5.400213925326451E-17 4.823129807630362E-18 4.704476302188130E-18 2.547890089204774E-17 -4.858957120333780E-18 -2.851314779646651E-17 8.902615101418347E-18 4.149399356423028E-18 -7.165153600190207E-18 -5.911564956244451E-19 -2.358298664284976E-17 7.533922409305958E-18 2.049111997517533E-17 1.095392988968139E-17 -1.480482913568848E-17 -2.720604221859778E-17 1.628131941837500E-17 1.106936268845133E-17 7.891725464775408E-18 -2.648131767722636E-17 1.197943641493979E-17 1.235904363766141E-17 1.424217596913316E-17 -7.142415092597244E-18 4.062428643615821E-17 5.755568994383046E-18 2.901620259162742E-17 -1.301535438090713E-17 -7.404786554610961E-18 2.169343480554000E-17 -6.880161685774753E-17 1.807715591761320E-17 -2.053573719504739E-17 2.376306346746474E-17 -2.810476132242286E-17 -1.464405153747552E-17 -1.146641431379987E-17 1.465787577317855E-17 -1.542241516607297E-17 1.000000000000000E+00 2.856903913237541E-17 -1.851025327322485E-17 1.126089929543862E-17 -2.296321289762981E-17 9.767342490241811E-18 
1.127923388058868E-15 3.129466061686467E-17 -5.389630608535585E-17 1.440941578560716E-17 9.365569446972365E-18 1.060297778887932E-16 1.865410513859746E-17 -1.464764840113387E-17 3.661923547883792E-17 -2.319425171189578E-17 -4.755027862311103E-18 -2.505200623701725E-17 -1.103072638696893E-17 -3.341478711039805E-17 2.238446784109773E-17 2.956641541006165E-17 -5.889706374033323E-18 2.220402961065528E-17 6.516056866101609E-18 -2.023805011034009E-17 -7.324037569682945E-17 7.817285750207354E-17 -2.790619465852190E-19 2.688994285218540E-18 -1.901227596415331E-18 4.314250280732455E-17 -1.536523842571646E-17 -4.855003612521325E-17 3.392540972876810E-17 1.124183206175131E-18 -8.509386992180176E-18 -2.215077358295896E-17 4.269652582310096E-18 2.882416344502294E-17 -1.635308721216888E-17 3.825313589696386E-20 1.042368749568070E-17 -1.176463149067852E-17 -1.990319892587579E-17 5.670576525622874E-17 -2.666023671814256E-17 -1.550367239337108E-17 1.318314355014904E-17 3.410824819530729E-17 3.641405147717838E-17 -5.214414322004425E-17 -5.104766284778984E-17 1.948636284519948E-17 -4.711493381423855E-17 2.433818694615675E-17 6.096925017508969E-17 -1.221248698149150E-16 1.188149816016181E-16 8.505274672539685E-18 2.626434385948997E-17 -5.922519102494011E-17 7.274769702646868E-17 -4.395162098859113E-17 -2.811801428087883E-17 -2.697963422187542E-17 -8.952142009128481E-18 1.025481037133256E-17 3.943450347164019E-17 1.239025753033942E-17 -7.327412756924944E-17 2.014669820506557E-17 1.673059607478166E-17 6.102804021856539E-18 -8.461658409811496E-17 4.407889211059614E-17 5.647083279540807E-17 -1.618972426429258E-17 1.382289116522964E-17 -4.808247406129207E-17 1.230718099336289E-16 -8.334656801698489E-17 8.594972089698357E-18 1.639377152291076E-17 -7.208334742232464E-17 -1.847269397049361E-17 -1.501610096057956E-16 1.452856951583543E-16 1.319323355517622E-16 6.886910054747688E-18 6.175000939304534E-17 -1.083561071522575E-16 -2.983188281191942E-16 2.802161621823611E-16 -1.378144462170811E-16 2.637062149305994E-18 -7.484650535301657E-17 3.491787835328862E-16 3.132783620637026E-16 -4.078088452970630E-16 -4.297315323349754E-17 4.449286646259103E-17 2.875852216160184E-17 -8.420147709302754E-17 -6.427479980026050E-17 1.493511810305223E-16 -1.696072531522133E-17 -5.606059074986514E-17 8.345725104708752E-18 -4.415244760054497E-17 7.241745041115760E-17 -7.971060994042889E-17 1.130743346906857E-17 1.990268551106574E-17 -1.382289116522940E-17 4.808247406129220E-17 -1.230718099336292E-16 8.334656801698519E-17 -8.594972089698582E-18 -1.639377152291058E-17 7.208334742232464E-17 1.847269397049350E-17 1.501610096057956E-16 -1.452856951583543E-16 -1.319323355517622E-16 -6.886910054747648E-18 -6.175000939304537E-17 1.083561071522574E-16 2.983188281191945E-16 -2.802161621823613E-16 1.378144462170810E-16 -2.637062149305925E-18 7.484650535301673E-17 -3.491787835328864E-16 -3.132783620637031E-16 4.078088452970631E-16 4.297315323349767E-17 -4.449286646259105E-17 -2.875852216160181E-17 8.420147709302761E-17 6.427479980026051E-17 -1.493511810305222E-16 1.696072531522133E-17 5.606059074986513E-17 -8.345725104708822E-18 4.415244760054499E-17 -7.241745041115733E-17 7.971060994042876E-17 -1.130743346906845E-17 -1.990268551106582E-17 -1.042368749568072E-17 1.176463149067852E-17 1.990319892587586E-17 -5.670576525622869E-17 2.666023671814254E-17 1.550367239337104E-17 -1.318314355014906E-17 -3.410824819530731E-17 -3.641405147717844E-17 5.214414322004446E-17 5.104766284778977E-17 -1.948636284519949E-17 4.711493381423858E-17 -2.433818694615666E-17 -6.096925017508961E-17 1.221248698149148E-16 -1.188149816016180E-16 -8.505274672539639E-18 -2.626434385949002E-17 5.922519102494000E-17 -7.274769702646859E-17 4.395162098859102E-17 2.811801428087903E-17 2.697963422187536E-17 8.952142009128484E-18 -1.025481037133254E-17 -3.943450347164015E-17 -1.239025753033932E-17 7.327412756924927E-17 -2.014669820506555E-17 -1.673059607478164E-17 -6.102804021856517E-18 8.461658409811476E-17 -4.407889211059615E-17 -5.647083279540805E-17 1.618972426429260E-17 0.000000000000000E+00 -3.129466061686466E-17 5.389630608535586E-17 -1.440941578560757E-17 -9.365569446972082E-18 1.000000000000000E+00 -1.865410513859745E-17 1.464764840113400E-17 -3.661923547883787E-17 2.319425171189561E-17 4.755027862311198E-18 2.505200623701723E-17 1.103072638696955E-17 3.341478711039790E-17 -2.238446784109806E-17 -2.956641541006090E-17 5.889706374033296E-18 -2.220402961065546E-17 -6.516056866102105E-18 2.023805011034041E-17 7.324037569682973E-17 -7.817285750207341E-17 2.790619465848160E-19 -2.688994285218413E-18 1.901227596415465E-18 -4.314250280732468E-17 1.536523842571650E-17 4.855003612521296E-17 -3.392540972876793E-17 -1.124183206175198E-18 8.509386992180175E-18 2.215077358295889E-17 -4.269652582310142E-18 -2.882416344502297E-17 1.635308721216880E-17 -3.825313589681445E-20 
6.674115149654491E-18 4.202902778069283E-17 -9.198378786134730E-17 4.558016298940462E-17 -8.046959772185069E-18 5.747441713780429E-18 1.848751911841999E-17 3.827561306280356E-17 1.721170090781266E-16 -1.444541879895302E-16 -2.828574715802898E-17 -4.946713398524288E-18 -6.159109065605763E-17 2.676264090479774E-17 -2.334334828938546E-16 1.319235787027239E-16 -8.317536204489180E-17 3.183794990021001E-17 8.163802699158083E-17 -8.645763295577123E-17 2.077222124034088E-16 -1.690477142411165E-16 8.774843910517596E-17 -2.036790207453547E-17 7.650420620171777E-18 -4.548463349742480E-17 -1.355385558209522E-16 2.264970580035645E-16 2.127023736832898E-17 8.347095718904492E-18 -1.191826159053405E-16 1.096084331411506E-17 2.073592288168651E-18 -9.570998954127401E-18 4.895340918856562E-18 2.218461408008433E-16 -2.972871270170502E-17 6.907054905114186E-17 1.094086107295011E-16 -3.514870334434119E-17 -1.488421089103753E-16 3.858600201612820E-17 9.552361558427339E-17 1.783863450739302E-17 -3.481423864903111E-16 1.293235778119132E-16 1.067364785333161E-16 -1.195396236497250E-16 9.827753377807925E-18 -3.543495022147126E-16 -1.426374204272172E-17 3.990926546310559E-16 3.653426781678339E-16 -4.018425290735111E-17 -2.972198246701371E-17 2.723622810079310E-16 1.549819095457345E-16 -3.232935614872263E-16 -4.128187228303121E-16 7.147110385164693E-17 -1.552929622963025E-16 1.541710404942245E-16 2.457966719823342E-16 -3.808030591360323E-16 -2.162829748752328E-17 8.579227980178595E-17 1.037621159493278E-16 -1.835841483904431E-16 -5.392074648836673E-17 9.221758709861501E-17 1.355789956272578E-16 -6.057422760813420E-17 -6.877990826373498E-17 6.007356330360364E-17 -1.073004412317080E-16 -1.817535862652697E-17 9.876165767656623E-18 9.117048777782292E-17 4.060531912934199E-17 -6.985737203379008E-16 4.823964291027905E-16 -3.227958627809837E-18 3.264776563316350E-16 -2.901092943311879E-17 -7.034005187801965E-17 4.247947832519495E-16 6.673750246468605E-16 -1.009757600205324E-15 -1.544311657551657E-16 1.743704211995567E-17 -3.066021452135778E-17 -4.053389141708091E-17 -7.529198829923121E-16 7.481176563911780E-16 3.053858683462921E-16 -5.594545447102893E-17 5.311858378499242E-17 3.689820786558920E-16 -2.868446333057196E-16 3.172740435349565E-16 -6.375384048633759E-16 7.913811155608258E-17 1.509530809643629E-17 -2.701104340855855E-19 2.265773241960461E-17 1.849951117093278E-19 1.044789777480260E-16 -4.564995416807954E-17 6.291799421717319E-17 -8.432731779178540E-17 8.457906164131263E-17 2.998349365615401E-17 1.836848255007441E-18 -9.254698965789408E-17 -3.677092130091329E-17 7.200099916218291E-16 -4.181581804812541E-16 -2.939309633215175E-17 -3.393007079044960E-16 4.088036404183300E-17 1.013017795431167E-16 -4.726265982954561E-16 -6.930345097638860E-16 1.009185763378748E-15 2.026202327656226E-16 -6.359760396804939E-17 -2.569561840997511E-18 1.003398079217650E-16 7.597026808213597E-16 -7.676201292787636E-16 -3.500259861583263E-16 9.983796762186501E-17 -5.192868574563254E-17 -3.618947975549927E-16 2.644229744483887E-16 -2.572889131302439E-16 6.244049565537908E-16 -8.598325029700844E-17 -1.198964122040576E-17 -1.597378892373754E-17 -2.287625530543744E-17 -1.928289587192409E-17 -9.378444108666680E-17 4.427020887761929E-17 3.926671100922871E-17 -2.950008132283527E-18 -8.022722502755288E-17 3.014288742496142E-17 1.105024487883283E-16 -3.208909627883943E-17 -6.321184897363110E-17 -1.201530165719674E-16 2.098363300987699E-16 -6.105752349656970E-17 -2.350253519784582E-17 5.243993536978903E-17 -3.319350480545966E-18 3.322015058455278E-16 1.514368107838049E-16 -4.781567759729224E-16 -3.439860843745637E-16 6.734507407619105E-17 2.823787543753996E-17 -2.767399181335595E-16 -2.503383885226117E-16 4.468273061962955E-16 3.836003177742695E-16 -9.360762915269886E-17 1.118511220688172E-16 -1.150434703155466E-16 -2.001248343406990E-16 2.519187247330132E-16 -4.105498139809531E-18 -2.982266513869293E-17 -1.071943365077965E-16 2.071760528522944E-16 7.555698977211867E-17 -7.106311445876253E-17 -1.468776719505756E-16 6.018309961990037E-17 3.652526611954975E-17 -8.765302771773913E-17 8.579773843695552E-17 -5.265643878681284E-17 3.843081937793755E-17 -2.044435742989084E-17 -2.625492784654768E-17 4.472216520661520E-18 -9.526893729076444E-17 1.060289246167909E-16 -3.994863407399260E-18 3.179821135880269E-17 5.813749104688823E-17 -2.488141726691182E-18 1.252524955952950E-16 -5.562021685977917E-17 5.933501347575007E-17 -4.685474017414465E-17 -8.094067455294050E-17 7.673466581130056E-17 -1.224811275810769E-16 6.834903874513072E-17 -5.959522847168429E-17 3.262844517793952E-17 6.222765857010546E-18 3.740006341502857E-17 1.095081130192904E-16 -1.548175899879008E-16 -2.053327462859204E-17 -2.909281593012822E-17 0.000000000000000E+00 -1.455163491177343E-17 -2.376526937324808E-17 7.788383761650510E-18 -8.048414763267676E-18 1.000000000000000E+00 
% number of plot elements
6
% number of vertices per plot elements
4
% triangulation of plot nodes
4 0 1 2
5 4 1 2
5 6 4 2
5 3 6 2
5 1 3 2
5 7 6 3
% stencil size for OAS NqP
8
% invP [ change of basis for OAS precon ]
-9.098294845704875E-01 4.355983601928506E+00 -9.727178062561163E-01 2.024631731332906E-01 -2.024631731333031E-01 9.727178062562202E-01 -4.355983601928999E+00 9.098294845705902E-01 
-9.398194575190942E-01 4.407822398747624E+00 -9.241648947181534E-01 1.033998522557117E-01 1.033998522556875E-01 -9.241648947180299E-01 4.407822398747062E+00 -9.398194575189743E-01 
-9.647071991550478E-01 3.241575579834751E-01 1.173467357561781E+00 -7.873841058247472E-01 7.873841058247485E-01 -1.173467357561790E+00 -3.241575579834780E-01 9.647071991550559E-01 
1.238385187193452E+00 -6.208991419926306E-02 -1.303868139725338E+00 3.647042885924244E-01 3.647042885924209E-01 -1.303868139725333E+00 -6.208991419926446E-02 1.238385187193449E+00 
-1.133565116419761E+00 -7.463623963749860E-01 2.165153454355269E-01 1.093616510612394E+00 -1.093616510612395E+00 -2.165153454355248E-01 7.463623963749897E-01 1.133565116419766E+00 
-1.253778470027083E+00 -1.316486558438263E+00 -7.825507139455810E-01 9.417420495320654E-01 9.417420495320641E-01 -7.825507139455822E-01 -1.316486558438267E+00 -1.253778470027084E+00 
-4.567945732755092E-01 -6.971702016703434E-01 -8.967208782742369E-01 -1.157289132152884E+00 -1.157289132152883E+00 -8.967208782742354E-01 -6.971702016703408E-01 -4.567945732755053E-01 
-9.744638008988035E-01 -1.313369614303517E+00 -1.379637320212684E+00 -7.180510499722448E-01 7.180510499722476E-01 1.379637320212688E+00 1.313369614303517E+00 9.744638008988034E-01 
% diagOp [ weight so that inv(inv(W)*(trans(D)*W*D)) = P*inv(diagOp)*invP ]
9.691931108519006E+01 
9.543485398786018E+01 
2.922407599311442E+01 
2.487680812061619E+01 
1.410198606754083E+01 
8.147125620513465E+00 
9.055905486718113E-01 
3.619005131816217E+00 
% P [ reverse change of basis for OAS precon ]
-1.410985080654489E-01 -1.444102173290944E-01 -3.917086057141282E-01 4.769703365754903E-01 -4.563633315688089E-01 -4.044715625017315E-01 -1.917297414610938E-01 -3.053105982693426E-01 
6.755362381774480E-01 6.772945436046814E-01 1.316205634006017E-01 -2.391424540589234E-02 -3.004789269126016E-01 -4.247013232669000E-01 -2.926222646695371E-01 -4.114936463744799E-01 
-1.508513777130742E-01 -1.420047778607059E-01 4.764733412212174E-01 -5.021914279064315E-01 8.716717103187493E-02 -2.524525006395879E-01 -3.763793884884644E-01 -4.322560727656944E-01 
3.139846768187572E-02 1.588815278996301E-02 -3.197085400878263E-01 1.404677067194919E-01 4.402803747331566E-01 3.038079591840410E-01 -4.857473338887044E-01 -2.249735654138703E-01 
-3.139846768187803E-02 1.588815278995971E-02 3.197085400878272E-01 1.404677067194905E-01 -4.402803747331563E-01 3.038079591840399E-01 -4.857473338887043E-01 2.249735654138716E-01 
1.508513777130930E-01 -1.420047778606891E-01 -4.764733412212185E-01 -5.021914279064272E-01 -8.716717103187434E-02 -2.524525006395880E-01 -3.763793884884630E-01 4.322560727656947E-01 
-6.755362381775351E-01 6.772945436046063E-01 -1.316205634006028E-01 -2.391424540589207E-02 3.004789269126019E-01 -4.247013232668991E-01 -2.926222646695349E-01 4.114936463744797E-01 
1.410985080654674E-01 -1.444102173290782E-01 3.917086057141306E-01 4.769703365754880E-01 4.563633315688089E-01 -4.044715625017306E-01 -1.917297414610928E-01 3.053105982693429E-01 
% stencil size for DG OAS NqP
8
% forwardDG [ change of basis for DG OAS precon ]
7.471178526311280E+00 -7.525206945051018E+00 -6.754801668992079E-02 1.875447853009649E-02 1.875447853008527E-02 -6.754801668990255E-02 -7.525206945049961E+00 7.471178526310227E+00 
7.529217269565279E+00 -7.453043864985628E+00 -1.254878408379533E-01 7.988492762586823E-02 -7.988492762587074E-02 1.254878408379632E-01 7.453043864986681E+00 -7.529217269566351E+00 
6.302908028866183E+00 6.549339611756434E+00 -1.592116108876809E+00 3.343677708240788E-01 -3.343677708240390E-01 1.592116108876440E+00 -6.549339611754807E+00 -6.302908028864568E+00 
-6.530101583983185E+00 -6.565756750759200E+00 1.546440613686259E+00 -1.800028532958527E-01 -1.800028532959322E-01 1.546440613686634E+00 -6.565756750760671E+00 -6.530101583984604E+00 
-1.267920436820869E+00 -1.044867722847730E+00 -1.233705362870722E+00 1.323711817566895E+00 -1.323711817566897E+00 1.233705362870727E+00 1.044867722847743E+00 1.267920436820883E+00 
-1.433340855642900E+00 -1.308727925350688E+00 -1.901567372922517E+00 8.398088415058709E-01 8.398088415058658E-01 -1.901567372922506E+00 -1.308727925350688E+00 -1.433340855642899E+00 
-3.469391846113851E-01 -3.335928096264183E-01 -7.201337938349947E-01 -1.245849674000140E+00 -1.245849674000141E+00 -7.201337938349954E-01 -3.335928096264202E-01 -3.469391846113862E-01 
-7.854071925281276E-01 -7.526263359582875E-01 -1.420976904736960E+00 -1.065127758357148E+00 1.065127758357152E+00 1.420976904736957E+00 7.526263359582869E-01 7.854071925281286E-01 
% diagOpDG [ weight so that inv(inv(W)*(trans(D)*W*D)) = P*inv(diagOp)*invP ]
9.399984862606012E+02 
9.263991298700653E+02 
8.895152494461698E+01 
8.738053857387210E+01 
2.275756459551264E+01 
1.589437505470175E+01 
1.726600110827292E+00 
6.891780589807421E+00 
% backwardDG [ reverse change of basis forr H0 OAS precon ]
4.981844990150475E-01 5.024860916800294E-01 4.826531424071334E-01 -4.917354804632740E-01 -3.668246177933653E-01 -3.563700802717022E-01 -1.616774225838762E-01 -2.666772684723761E-01 
-5.017871596431727E-01 -4.974024189705287E-01 5.015239520914282E-01 -4.944204173421440E-01 -3.022927874238471E-01 -3.253876940540087E-01 -1.554578670994637E-01 -2.555468518281249E-01 
-4.504158846642119E-03 -8.374827347713130E-03 -1.219183017596157E-01 1.164514377608024E-01 -3.569257857688548E-01 -4.727847634165814E-01 -3.355901577770931E-01 -4.824786978303796E-01 
1.250564480275884E-03 5.331372920943992E-03 2.560463433208985E-02 -1.355473393665090E-02 3.829657346363431E-01 2.088008187878639E-01 -5.805794593220353E-01 -3.616536286846119E-01 
1.250564480275115E-03 -5.331372920944188E-03 -2.560463433208691E-02 -1.355473393665756E-02 -3.829657346363440E-01 2.088008187878617E-01 -5.805794593220346E-01 3.616536286846111E-01 
-4.504158846641004E-03 8.374827347713687E-03 1.219183017595898E-01 1.164514377608329E-01 3.569257857688564E-01 -4.727847634165800E-01 -3.355901577770920E-01 4.824786978303794E-01 
-5.017871596431005E-01 4.974024189705977E-01 -5.015239520913145E-01 -4.944204173422662E-01 3.022927874238513E-01 -3.253876940540108E-01 -1.554578670994631E-01 2.555468518281270E-01 
4.981844990149762E-01 -5.024860916800993E-01 -4.826531424070211E-01 -4.917354804633915E-01 3.668246177933698E-01 -3.563700802717038E-01 -1.616774225838757E-01 2.666772684723783E-01 
% gNq (gauss quadrature count)
7
% gjr,gjw Gauss Jacobi nodes and weights
-9.491079123427585E-01 1.294849661688694E-01 
-7.415311855993946E-01 2.797053914892771E-01 
-4.058451513773972E-01 3.818300505051185E-01 
3.719557317348777E-16 4.179591836734698E-01 
4.058451513773969E-01 3.818300505051185E-01 
7.415311855993942E-01 2.797053914892764E-01 
9.491079123427584E-01 1.294849661688691E-01 
% gjI [ 1D interpolation from GLL to Gauss nodes  ]
6.613801132697958E-01 4.357362309394601E-01 -1.462685224347598E-01 7.866897648617351E-02 -4.678573164611046E-02 1.726893338544083E-02 
-3.795409189277535E-02 9.936129295815763E-01 6.202307653341376E-02 -2.756343724074740E-02 1.551446787435562E-02 -5.632944855822858E-03 
-6.468864365152210E-02 2.549431027449786E-01 9.193227088517444E-01 -1.604494243763332E-01 7.821173349851354E-02 -2.733947706738121E-02 
6.250000000000000E-02 -1.946486423538424E-01 6.321486423538415E-01 6.321486423538435E-01 -1.946486423538426E-01 6.250000000000000E-02 
-2.733947706738149E-02 7.821173349851365E-02 -1.604494243763328E-01 9.193227088517445E-01 2.549431027449778E-01 -6.468864365152172E-02 
-5.632944855822997E-03 1.551446787435591E-02 -2.756343724074790E-02 6.202307653341447E-02 9.936129295815759E-01 -3.795409189277532E-02 
1.726893338544100E-02 -4.678573164611067E-02 7.866897648617367E-02 -1.462685224347604E-01 4.357362309394608E-01 6.613801132697956E-01 
% gjD [ 1D differentiation from GLL to Gauss nodes  ]
-5.850644156506080E+00 7.074846667856595E+00 -1.800508463197204E+00 9.136186505789311E-01 -5.327341779530487E-01 1.954214792208065E-01 
-1.446282067733919E+00 -5.310840059400219E-01 2.739346652877441E+00 -1.183821081107124E+00 6.615180061229802E-01 -2.396775042193566E-01 
5.511102402143104E-01 -2.452616529120928E+00 1.337220663851858E+00 8.647177185150524E-01 -4.678877342179852E-01 1.674556407576919E-01 
-6.250000000000078E-02 2.544242700698987E-01 -2.216265054274738E+00 2.216265054274735E+00 -2.544242700698944E-01 6.249999999999900E-02 
-1.674556407576921E-01 4.678877342179861E-01 -8.647177185150537E-01 -1.337220663851857E+00 2.452616529120927E+00 -5.511102402143094E-01 
2.396775042193569E-01 -6.615180061229806E-01 1.183821081107124E+00 -2.739346652877444E+00 5.310840059400290E-01 1.446282067733915E+00 
-1.954214792208074E-01 5.327341779530473E-01 -9.136186505789282E-01 1.800508463197202E+00 -7.074846667856587E+00 5.850644156506073E+00 
% gjD2 [ 1D differentiation from GJ to GJ nodes  ]
-9.568182337465757E+00 1.508303411865755E+01 -9.172567853813948E+00 6.010333806311430E+00 -3.677702697481982E+00 1.851895449194525E+00 -5.268104854018221E-01 
-1.538700050032437E+00 -1.647365679381668E+00 4.741330435251489E+00 -2.457069232590229E+00 1.387163356479284E+00 -6.742804749281590E-01 1.889216452017204E-01 
3.693934530448177E-01 -1.871687025373812E+00 -4.858735179073483E-01 2.820674389670840E+00 -1.231996977918924E+00 5.475964377198164E-01 -1.481067592353911E-01 
-1.847014135806375E-01 7.401568549048136E-01 -2.152416541461876E+00 -9.263523860917765E-15 2.152416541461887E+00 -7.401568549048156E-01 1.847014135806382E-01 
1.481067592353904E-01 -5.475964377198141E-01 1.231996977918917E+00 -2.820674389670841E+00 4.858735179073547E-01 1.871687025373808E+00 -3.693934530448161E-01 
-1.889216452017211E-01 6.742804749281577E-01 -1.387163356479280E+00 2.457069232590231E+00 -4.741330435251498E+00 1.647365679381677E+00 1.538700050032433E+00 
5.268104854018238E-01 -1.851895449194527E+00 3.677702697481976E+00 -6.010333806311438E+00 9.172567853813971E+00 -1.508303411865755E+01 9.568182337465750E+00 
