******************************************
Nodal r-coordinates
343 1
-1.000000000000000 
-0.830223896278567 
-0.468848793470714 
0.000000000000000 
0.468848793470714 
0.830223896278567 
1.000000000000000 
-1.000000000000000 
-0.830223896278567 
-0.468848793470714 
0.000000000000000 
0.468848793470714 
0.830223896278567 
1.000000000000000 
-1.000000000000000 
-0.830223896278567 
-0.468848793470714 
0.000000000000000 
0.468848793470714 
0.830223896278567 
1.000000000000000 
-1.000000000000000 
-0.830223896278567 
-0.468848793470714 
0.000000000000000 
0.468848793470714 
0.830223896278567 
1.000000000000000 
-1.000000000000000 
-0.830223896278567 
-0.468848793470714 
0.000000000000000 
0.468848793470714 
0.830223896278567 
1.000000000000000 
-1.000000000000000 
-0.830223896278567 
-0.468848793470714 
0.000000000000000 
0.468848793470714 
0.830223896278567 
1.000000000000000 
-1.000000000000000 
-0.830223896278567 
-0.468848793470714 
0.000000000000000 
0.468848793470714 
0.830223896278567 
1.000000000000000 
-1.000000000000000 
-0.830223896278567 
-0.468848793470714 
0.000000000000000 
0.468848793470714 
0.830223896278567 
1.000000000000000 
-1.000000000000000 
-0.830223896278567 
-0.468848793470714 
0.000000000000000 
0.468848793470714 
0.830223896278567 
1.000000000000000 
-1.000000000000000 
-0.830223896278567 
-0.468848793470714 
0.000000000000000 
0.468848793470714 
0.830223896278567 
1.000000000000000 
-1.000000000000000 
-0.830223896278567 
-0.468848793470714 
0.000000000000000 
0.468848793470714 
0.830223896278567 
1.000000000000000 
-1.000000000000000 
-0.830223896278567 
-0.468848793470714 
0.000000000000000 
0.468848793470714 
0.830223896278567 
1.000000000000000 
-1.000000000000000 
-0.830223896278567 
-0.468848793470714 
0.000000000000000 
0.468848793470714 
0.830223896278567 
1.000000000000000 
-1.000000000000000 
-0.830223896278567 
-0.468848793470714 
0.000000000000000 
0.468848793470714 
0.830223896278567 
1.000000000000000 
-1.000000000000000 
-0.830223896278567 
-0.468848793470714 
0.000000000000000 
0.468848793470714 
0.830223896278567 
1.000000000000000 
-1.000000000000000 
-0.830223896278567 
-0.468848793470714 
0.000000000000000 
0.468848793470714 
0.830223896278567 
1.000000000000000 
-1.000000000000000 
-0.830223896278567 
-0.468848793470714 
0.000000000000000 
0.468848793470714 
0.830223896278567 
1.000000000000000 
-1.000000000000000 
-0.830223896278567 
-0.468848793470714 
0.000000000000000 
0.468848793470714 
0.830223896278567 
1.000000000000000 
-1.000000000000000 
-0.830223896278567 
-0.468848793470714 
0.000000000000000 
0.468848793470714 
0.830223896278567 
1.000000000000000 
-1.000000000000000 
-0.830223896278567 
-0.468848793470714 
0.000000000000000 
0.468848793470714 
0.830223896278567 
1.000000000000000 
-1.000000000000000 
-0.830223896278567 
-0.468848793470714 
0.000000000000000 
0.468848793470714 
0.830223896278567 
1.000000000000000 
-1.000000000000000 
-0.830223896278567 
-0.468848793470714 
0.000000000000000 
0.468848793470714 
0.830223896278567 
1.000000000000000 
-1.000000000000000 
-0.830223896278567 
-0.468848793470714 
0.000000000000000 
0.468848793470714 
0.830223896278567 
1.000000000000000 
-1.000000000000000 
-0.830223896278567 
-0.468848793470714 
0.000000000000000 
0.468848793470714 
0.830223896278567 
1.000000000000000 
-1.000000000000000 
-0.830223896278567 
-0.468848793470714 
0.000000000000000 
0.468848793470714 
0.830223896278567 
1.000000000000000 
-1.000000000000000 
-0.830223896278567 
-0.468848793470714 
0.000000000000000 
0.468848793470714 
0.830223896278567 
1.000000000000000 
-1.000000000000000 
-0.830223896278567 
-0.468848793470714 
0.000000000000000 
0.468848793470714 
0.830223896278567 
1.000000000000000 
-1.000000000000000 
-0.830223896278567 
-0.468848793470714 
0.000000000000000 
0.468848793470714 
0.830223896278567 
1.000000000000000 
-1.000000000000000 
-0.830223896278567 
-0.468848793470714 
0.000000000000000 
0.468848793470714 
0.830223896278567 
1.000000000000000 
-1.000000000000000 
-0.830223896278567 
-0.468848793470714 
0.000000000000000 
0.468848793470714 
0.830223896278567 
1.000000000000000 
-1.000000000000000 
-0.830223896278567 
-0.468848793470714 
0.000000000000000 
0.468848793470714 
0.830223896278567 
1.000000000000000 
-1.000000000000000 
-0.830223896278567 
-0.468848793470714 
0.000000000000000 
0.468848793470714 
0.830223896278567 
1.000000000000000 
-1.000000000000000 
-0.830223896278567 
-0.468848793470714 
0.000000000000000 
0.468848793470714 
0.830223896278567 
1.000000000000000 
-1.000000000000000 
-0.830223896278567 
-0.468848793470714 
0.000000000000000 
0.468848793470714 
0.830223896278567 
1.000000000000000 
-1.000000000000000 
-0.830223896278567 
-0.468848793470714 
0.000000000000000 
0.468848793470714 
0.830223896278567 
1.000000000000000 
-1.000000000000000 
-0.830223896278567 
-0.468848793470714 
0.000000000000000 
0.468848793470714 
0.830223896278567 
1.000000000000000 
-1.000000000000000 
-0.830223896278567 
-0.468848793470714 
0.000000000000000 
0.468848793470714 
0.830223896278567 
1.000000000000000 
-1.000000000000000 
-0.830223896278567 
-0.468848793470714 
0.000000000000000 
0.468848793470714 
0.830223896278567 
1.000000000000000 
-1.000000000000000 
-0.830223896278567 
-0.468848793470714 
0.000000000000000 
0.468848793470714 
0.830223896278567 
1.000000000000000 
-1.000000000000000 
-0.830223896278567 
-0.468848793470714 
0.000000000000000 
0.468848793470714 
0.830223896278567 
1.000000000000000 
-1.000000000000000 
-0.830223896278567 
-0.468848793470714 
0.000000000000000 
0.468848793470714 
0.830223896278567 
1.000000000000000 
-1.000000000000000 
-0.830223896278567 
-0.468848793470714 
0.000000000000000 
0.468848793470714 
0.830223896278567 
1.000000000000000 
-1.000000000000000 
-0.830223896278567 
-0.468848793470714 
0.000000000000000 
0.468848793470714 
0.830223896278567 
1.000000000000000 
-1.000000000000000 
-0.830223896278567 
-0.468848793470714 
0.000000000000000 
0.468848793470714 
0.830223896278567 
1.000000000000000 
-1.000000000000000 
-0.830223896278567 
-0.468848793470714 
0.000000000000000 
0.468848793470714 
0.830223896278567 
1.000000000000000 
-1.000000000000000 
-0.830223896278567 
-0.468848793470714 
0.000000000000000 
0.468848793470714 
0.830223896278567 
1.000000000000000 
-1.000000000000000 
-0.830223896278567 
-0.468848793470714 
0.000000000000000 
0.468848793470714 
0.830223896278567 
1.000000000000000 
-1.000000000000000 
-0.830223896278567 
-0.468848793470714 
0.000000000000000 
0.468848793470714 
0.830223896278567 
1.000000000000000 
-1.000000000000000 
-0.830223896278567 
-0.468848793470714 
0.000000000000000 
0.468848793470714 
0.830223896278567 
1.000000000000000 
******************************************
Nodal s-coordinates
343 1
-1.000000000000000 
-1.000000000000000 
-1.000000000000000 
-1.000000000000000 
-1.000000000000000 
-1.000000000000000 
-1.000000000000000 
-0.830223896278567 
-0.830223896278567 
-0.830223896278567 
-0.830223896278567 
-0.830223896278567 
-0.830223896278567 
-0.830223896278567 
-0.468848793470714 
-0.468848793470714 
-0.468848793470714 
-0.468848793470714 
-0.468848793470714 
-0.468848793470714 
-0.468848793470714 
0.000000000000000 
0.000000000000000 
0.000000000000000 
0.000000000000000 
0.000000000000000 
0.000000000000000 
0.000000000000000 
0.468848793470714 
0.468848793470714 
0.468848793470714 
0.468848793470714 
0.468848793470714 
0.468848793470714 
0.468848793470714 
0.830223896278567 
0.830223896278567 
0.830223896278567 
0.830223896278567 
0.830223896278567 
0.830223896278567 
0.830223896278567 
1.000000000000000 
1.000000000000000 
1.000000000000000 
1.000000000000000 
1.000000000000000 
1.000000000000000 
1.000000000000000 
-1.000000000000000 
-1.000000000000000 
-1.000000000000000 
-1.000000000000000 
-1.000000000000000 
-1.000000000000000 
-1.000000000000000 
-0.830223896278567 
-0.830223896278567 
-0.830223896278567 
-0.830223896278567 
-0.830223896278567 
-0.830223896278567 
-0.830223896278567 
-0.468848793470714 
-0.468848793470714 
-0.468848793470714 
-0.468848793470714 
-0.468848793470714 
-0.468848793470714 
-0.468848793470714 
0.000000000000000 
0.000000000000000 
0.000000000000000 
0.000000000000000 
0.000000000000000 
0.000000000000000 
0.000000000000000 
0.468848793470714 
0.468848793470714 
0.468848793470714 
0.468848793470714 
0.468848793470714 
0.468848793470714 
0.468848793470714 
0.830223896278567 
0.830223896278567 
0.830223896278567 
0.830223896278567 
0.830223896278567 
0.830223896278567 
0.830223896278567 
1.000000000000000 
1.000000000000000 
1.000000000000000 
1.000000000000000 
1.000000000000000 
1.000000000000000 
1.000000000000000 
-1.000000000000000 
-1.000000000000000 
-1.000000000000000 
-1.000000000000000 
-1.000000000000000 
-1.000000000000000 
-1.000000000000000 
-0.830223896278567 
-0.830223896278567 
-0.830223896278567 
-0.830223896278567 
-0.830223896278567 
-0.830223896278567 
-0.830223896278567 
-0.468848793470714 
-0.468848793470714 
-0.468848793470714 
-0.468848793470714 
-0.468848793470714 
-0.468848793470714 
-0.468848793470714 
0.000000000000000 
0.000000000000000 
0.000000000000000 
0.000000000000000 
0.000000000000000 
0.000000000000000 
0.000000000000000 
0.468848793470714 
0.468848793470714 
0.468848793470714 
0.468848793470714 
0.468848793470714 
0.468848793470714 
0.468848793470714 
0.830223896278567 
0.830223896278567 
0.830223896278567 
0.830223896278567 
0.830223896278567 
0.830223896278567 
0.830223896278567 
1.000000000000000 
1.000000000000000 
1.000000000000000 
1.000000000000000 
1.000000000000000 
1.000000000000000 
1.000000000000000 
-1.000000000000000 
-1.000000000000000 
-1.000000000000000 
-1.000000000000000 
-1.000000000000000 
-1.000000000000000 
-1.000000000000000 
-0.830223896278567 
-0.830223896278567 
-0.830223896278567 
-0.830223896278567 
-0.830223896278567 
-0.830223896278567 
-0.830223896278567 
-0.468848793470714 
-0.468848793470714 
-0.468848793470714 
-0.468848793470714 
-0.468848793470714 
-0.468848793470714 
-0.468848793470714 
0.000000000000000 
0.000000000000000 
0.000000000000000 
0.000000000000000 
0.000000000000000 
0.000000000000000 
0.000000000000000 
0.468848793470714 
0.468848793470714 
0.468848793470714 
0.468848793470714 
0.468848793470714 
0.468848793470714 
0.468848793470714 
0.830223896278567 
0.830223896278567 
0.830223896278567 
0.830223896278567 
0.830223896278567 
0.830223896278567 
0.830223896278567 
1.000000000000000 
1.000000000000000 
1.000000000000000 
1.000000000000000 
1.000000000000000 
1.000000000000000 
1.000000000000000 
-1.000000000000000 
-1.000000000000000 
-1.000000000000000 
-1.000000000000000 
-1.000000000000000 
-1.000000000000000 
-1.000000000000000 
-0.830223896278567 
-0.830223896278567 
-0.830223896278567 
-0.830223896278567 
-0.830223896278567 
-0.830223896278567 
-0.830223896278567 
-0.468848793470714 
-0.468848793470714 
-0.468848793470714 
-0.468848793470714 
-0.468848793470714 
-0.468848793470714 
-0.468848793470714 
0.000000000000000 
0.000000000000000 
0.000000000000000 
0.000000000000000 
0.000000000000000 
0.000000000000000 
0.000000000000000 
0.468848793470714 
0.468848793470714 
0.468848793470714 
0.468848793470714 
0.468848793470714 
0.468848793470714 
0.468848793470714 
0.830223896278567 
0.830223896278567 
0.830223896278567 
0.830223896278567 
0.830223896278567 
0.830223896278567 
0.830223896278567 
1.000000000000000 
1.000000000000000 
1.000000000000000 
1.000000000000000 
1.000000000000000 
1.000000000000000 
1.000000000000000 
-1.000000000000000 
-1.000000000000000 
-1.000000000000000 
-1.000000000000000 
-1.000000000000000 
-1.000000000000000 
-1.000000000000000 
-0.830223896278567 
-0.830223896278567 
-0.830223896278567 
-0.830223896278567 
-0.830223896278567 
-0.830223896278567 
-0.830223896278567 
-0.468848793470714 
-0.468848793470714 
-0.468848793470714 
-0.468848793470714 
-0.468848793470714 
-0.468848793470714 
-0.468848793470714 
0.000000000000000 
0.000000000000000 
0.000000000000000 
0.000000000000000 
0.000000000000000 
0.000000000000000 
0.000000000000000 
0.468848793470714 
0.468848793470714 
0.468848793470714 
0.468848793470714 
0.468848793470714 
0.468848793470714 
0.468848793470714 
0.830223896278567 
0.830223896278567 
0.830223896278567 
0.830223896278567 
0.830223896278567 
0.830223896278567 
0.830223896278567 
1.000000000000000 
1.000000000000000 
1.000000000000000 
1.000000000000000 
1.000000000000000 
1.000000000000000 
1.000000000000000 
-1.000000000000000 
-1.000000000000000 
-1.000000000000000 
-1.000000000000000 
-1.000000000000000 
-1.000000000000000 
-1.000000000000000 
-0.830223896278567 
-0.830223896278567 
-0.830223896278567 
-0.830223896278567 
-0.830223896278567 
-0.830223896278567 
-0.830223896278567 
-0.468848793470714 
-0.468848793470714 
-0.468848793470714 
-0.468848793470714 
-0.468848793470714 
-0.468848793470714 
-0.468848793470714 
0.000000000000000 
0.000000000000000 
0.000000000000000 
0.000000000000000 
0.000000000000000 
0.000000000000000 
0.000000000000000 
0.468848793470714 
0.468848793470714 
0.468848793470714 
0.468848793470714 
0.468848793470714 
0.468848793470714 
0.468848793470714 
0.830223896278567 
0.830223896278567 
0.830223896278567 
0.830223896278567 
0.830223896278567 
0.830223896278567 
0.830223896278567 
1.000000000000000 
1.000000000000000 
1.000000000000000 
1.000000000000000 
1.000000000000000 
1.000000000000000 
1.000000000000000 
******************************************
Nodal t-coordinates
343 1
-1.000000000000000 
-1.000000000000000 
-1.000000000000000 
-1.000000000000000 
-1.000000000000000 
-1.000000000000000 
-1.000000000000000 
-1.000000000000000 
-1.000000000000000 
-1.000000000000000 
-1.000000000000000 
-1.000000000000000 
-1.000000000000000 
-1.000000000000000 
-1.000000000000000 
-1.000000000000000 
-1.000000000000000 
-1.000000000000000 
-1.000000000000000 
-1.000000000000000 
-1.000000000000000 
-1.000000000000000 
-1.000000000000000 
-1.000000000000000 
-1.000000000000000 
-1.000000000000000 
-1.000000000000000 
-1.000000000000000 
-1.000000000000000 
-1.000000000000000 
-1.000000000000000 
-1.000000000000000 
-1.000000000000000 
-1.000000000000000 
-1.000000000000000 
-1.000000000000000 
-1.000000000000000 
-1.000000000000000 
-1.000000000000000 
-1.000000000000000 
-1.000000000000000 
-1.000000000000000 
-1.000000000000000 
-1.000000000000000 
-1.000000000000000 
-1.000000000000000 
-1.000000000000000 
-1.000000000000000 
-1.000000000000000 
-0.830223896278567 
-0.830223896278567 
-0.830223896278567 
-0.830223896278567 
-0.830223896278567 
-0.830223896278567 
-0.830223896278567 
-0.830223896278567 
-0.830223896278567 
-0.830223896278567 
-0.830223896278567 
-0.830223896278567 
-0.830223896278567 
-0.830223896278567 
-0.830223896278567 
-0.830223896278567 
-0.830223896278567 
-0.830223896278567 
-0.830223896278567 
-0.830223896278567 
-0.830223896278567 
-0.830223896278567 
-0.830223896278567 
-0.830223896278567 
-0.830223896278567 
-0.830223896278567 
-0.830223896278567 
-0.830223896278567 
-0.830223896278567 
-0.830223896278567 
-0.830223896278567 
-0.830223896278567 
-0.830223896278567 
-0.830223896278567 
-0.830223896278567 
-0.830223896278567 
-0.830223896278567 
-0.830223896278567 
-0.830223896278567 
-0.830223896278567 
-0.830223896278567 
-0.830223896278567 
-0.830223896278567 
-0.830223896278567 
-0.830223896278567 
-0.830223896278567 
-0.830223896278567 
-0.830223896278567 
-0.830223896278567 
-0.468848793470714 
-0.468848793470714 
-0.468848793470714 
-0.468848793470714 
-0.468848793470714 
-0.468848793470714 
-0.468848793470714 
-0.468848793470714 
-0.468848793470714 
-0.468848793470714 
-0.468848793470714 
-0.468848793470714 
-0.468848793470714 
-0.468848793470714 
-0.468848793470714 
-0.468848793470714 
-0.468848793470714 
-0.468848793470714 
-0.468848793470714 
-0.468848793470714 
-0.468848793470714 
-0.468848793470714 
-0.468848793470714 
-0.468848793470714 
-0.468848793470714 
-0.468848793470714 
-0.468848793470714 
-0.468848793470714 
-0.468848793470714 
-0.468848793470714 
-0.468848793470714 
-0.468848793470714 
-0.468848793470714 
-0.468848793470714 
-0.468848793470714 
-0.468848793470714 
-0.468848793470714 
-0.468848793470714 
-0.468848793470714 
-0.468848793470714 
-0.468848793470714 
-0.468848793470714 
-0.468848793470714 
-0.468848793470714 
-0.468848793470714 
-0.468848793470714 
-0.468848793470714 
-0.468848793470714 
-0.468848793470714 
0.000000000000000 
0.000000000000000 
0.000000000000000 
0.000000000000000 
0.000000000000000 
0.000000000000000 
0.000000000000000 
0.000000000000000 
0.000000000000000 
0.000000000000000 
0.000000000000000 
0.000000000000000 
0.000000000000000 
0.000000000000000 
0.000000000000000 
0.000000000000000 
0.000000000000000 
0.000000000000000 
0.000000000000000 
0.000000000000000 
0.000000000000000 
0.000000000000000 
0.000000000000000 
0.000000000000000 
0.000000000000000 
0.000000000000000 
0.000000000000000 
0.000000000000000 
0.000000000000000 
0.000000000000000 
0.000000000000000 
0.000000000000000 
0.000000000000000 
0.000000000000000 
0.000000000000000 
0.000000000000000 
0.000000000000000 
0.000000000000000 
0.000000000000000 
0.000000000000000 
0.000000000000000 
0.000000000000000 
0.000000000000000 
0.000000000000000 
0.000000000000000 
0.000000000000000 
0.000000000000000 
0.000000000000000 
0.000000000000000 
0.468848793470714 
0.468848793470714 
0.468848793470714 
0.468848793470714 
0.468848793470714 
0.468848793470714 
0.468848793470714 
0.468848793470714 
0.468848793470714 
0.468848793470714 
0.468848793470714 
0.468848793470714 
0.468848793470714 
0.468848793470714 
0.468848793470714 
0.468848793470714 
0.468848793470714 
0.468848793470714 
0.468848793470714 
0.468848793470714 
0.468848793470714 
0.468848793470714 
0.468848793470714 
0.468848793470714 
0.468848793470714 
0.468848793470714 
0.468848793470714 
0.468848793470714 
0.468848793470714 
0.468848793470714 
0.468848793470714 
0.468848793470714 
0.468848793470714 
0.468848793470714 
0.468848793470714 
0.468848793470714 
0.468848793470714 
0.468848793470714 
0.468848793470714 
0.468848793470714 
0.468848793470714 
0.468848793470714 
0.468848793470714 
0.468848793470714 
0.468848793470714 
0.468848793470714 
0.468848793470714 
0.468848793470714 
0.468848793470714 
0.830223896278567 
0.830223896278567 
0.830223896278567 
0.830223896278567 
0.830223896278567 
0.830223896278567 
0.830223896278567 
0.830223896278567 
0.830223896278567 
0.830223896278567 
0.830223896278567 
0.830223896278567 
0.830223896278567 
0.830223896278567 
0.830223896278567 
0.830223896278567 
0.830223896278567 
0.830223896278567 
0.830223896278567 
0.830223896278567 
0.830223896278567 
0.830223896278567 
0.830223896278567 
0.830223896278567 
0.830223896278567 
0.830223896278567 
0.830223896278567 
0.830223896278567 
0.830223896278567 
0.830223896278567 
0.830223896278567 
0.830223896278567 
0.830223896278567 
0.830223896278567 
0.830223896278567 
0.830223896278567 
0.830223896278567 
0.830223896278567 
0.830223896278567 
0.830223896278567 
0.830223896278567 
0.830223896278567 
0.830223896278567 
0.830223896278567 
0.830223896278567 
0.830223896278567 
0.830223896278567 
0.830223896278567 
0.830223896278567 
1.000000000000000 
1.000000000000000 
1.000000000000000 
1.000000000000000 
1.000000000000000 
1.000000000000000 
1.000000000000000 
1.000000000000000 
1.000000000000000 
1.000000000000000 
1.000000000000000 
1.000000000000000 
1.000000000000000 
1.000000000000000 
1.000000000000000 
1.000000000000000 
1.000000000000000 
1.000000000000000 
1.000000000000000 
1.000000000000000 
1.000000000000000 
1.000000000000000 
1.000000000000000 
1.000000000000000 
1.000000000000000 
1.000000000000000 
1.000000000000000 
1.000000000000000 
1.000000000000000 
1.000000000000000 
1.000000000000000 
1.000000000000000 
1.000000000000000 
1.000000000000000 
1.000000000000000 
1.000000000000000 
1.000000000000000 
1.000000000000000 
1.000000000000000 
1.000000000000000 
1.000000000000000 
1.000000000000000 
1.000000000000000 
1.000000000000000 
1.000000000000000 
1.000000000000000 
1.000000000000000 
1.000000000000000 
1.000000000000000 
******************************************
Nodal Face nodes
6 49
0 1 2 3 4 5 6 7 8 9 10 11 12 13 14 15 16 17 18 19 20 21 22 23 24 25 26 27 28 29 30 31 32 33 34 35 36 37 38 39 40 41 42 43 44 45 46 47 48 
0 1 2 3 4 5 6 49 50 51 52 53 54 55 98 99 100 101 102 103 104 147 148 149 150 151 152 153 196 197 198 199 200 201 202 245 246 247 248 249 250 251 294 295 296 297 298 299 300 
6 13 20 27 34 41 48 55 62 69 76 83 90 97 104 111 118 125 132 139 146 153 160 167 174 181 188 195 202 209 216 223 230 237 244 251 258 265 272 279 286 293 300 307 314 321 328 335 342 
42 43 44 45 46 47 48 91 92 93 94 95 96 97 140 141 142 143 144 145 146 189 190 191 192 193 194 195 238 239 240 241 242 243 244 287 288 289 290 291 292 293 336 337 338 339 340 341 342 
0 7 14 21 28 35 42 49 56 63 70 77 84 91 98 105 112 119 126 133 140 147 154 161 168 175 182 189 196 203 210 217 224 231 238 245 252 259 266 273 280 287 294 301 308 315 322 329 336 
294 295 296 297 298 299 300 301 302 303 304 305 306 307 308 309 310 311 312 313 314 315 316 317 318 319 320 321 322 323 324 325 326 327 328 329 330 331 332 333 334 335 336 337 338 339 340 341 342 
******************************************
Nodal 1D GLL Nodes
7 1
-1.000000000000000 
-0.830223896278567 
-0.468848793470714 
0.000000000000000 
0.468848793470714 
0.830223896278567 
1.000000000000000 
******************************************
Nodal 1D GLL Weights
7 1
0.047619047619047 
0.276826047361566 
0.431745381209863 
0.487619047619047 
0.431745381209863 
0.276826047361566 
0.047619047619048 
******************************************
Nodal 1D differentiation matrix
7 7
-10.500000000000012 14.201576602919815 -5.668985225545486 3.199999999999989 -2.049964813076739 1.317373435702431 -0.499999999999998 
-2.442926014244299 0.000000000000015 3.455828214294279 -1.598606688098368 0.961339797288713 -0.602247179635786 0.226611870395445 
0.625256665515344 -2.215804283169971 -0.000000000000004 2.266698087086001 -1.066441904006376 0.616390835517580 -0.226099400942575 
-0.312500000000001 0.907544471268821 -2.006969240588752 -0.000000000000001 2.006969240588754 -0.907544471268821 0.312500000000000 
0.226099400942575 -0.616390835517579 1.066441904006374 -2.266698087085999 -0.000000000000001 2.215804283169972 -0.625256665515342 
-0.226611870395446 0.602247179635786 -0.961339797288712 1.598606688098368 -3.455828214294288 0.000000000000005 2.442926014244286 
0.500000000000003 -1.317373435702434 2.049964813076739 -3.200000000000001 5.668985225545507 -14.201576602919809 10.499999999999996 
******************************************
Plotting r-coordinates
8 1
-1.000000000000000 
-1.000000000000000 
1.000000000000000 
1.000000000000000 
-1.000000000000000 
-1.000000000000000 
1.000000000000000 
1.000000000000000 
******************************************
Plotting s-coordinates
8 1
-1.000000000000000 
1.000000000000000 
-1.000000000000000 
1.000000000000000 
-1.000000000000000 
1.000000000000000 
-1.000000000000000 
1.000000000000000 
******************************************
Plotting t-coordinates
8 1
-1.000000000000000 
-1.000000000000000 
-1.000000000000000 
-1.000000000000000 
1.000000000000000 
1.000000000000000 
1.000000000000000 
1.000000000000000 
******************************************
Plotting Interpolation Matrix
8 343
1.000000000000000 0.000000000000000 -0.000000000000000 0.000000000000000 0.000000000000000 -0.000000000000000 -0.000000000000000 0.000000000000000 -0.000000000000000 0.000000000000000 -0.000000000000000 -0.000000000000000 0.000000000000000 -0.000000000000000 -0.000000000000000 0.000000000000000 0.000000000000000 -0.000000000000000 0.000000000000000 -0.000000000000000 0.000000000000000 -0.000000000000000 -0.000000000000000 -0.000000000000000 0.000000000000000 0.000000000000000 -0.000000000000000 0.000000000000000 0.000000000000000 -0.000000000000000 0.000000000000000 0.000000000000000 -0.000000000000000 0.000000000000000 0.000000000000000 -0.000000000000000 0.000000000000000 -0.000000000000000 -0.000000000000000 -0.000000000000000 0.000000000000000 -0.000000000000000 -0.000000000000000 0.000000000000000 0.000000000000000 -0.000000000000000 0.000000000000000 -0.000000000000000 0.000000000000000 0.000000000000000 0.000000000000000 0.000000000000000 -0.000000000000000 -0.000000000000000 0.000000000000000 0.000000000000000 -0.000000000000000 -0.000000000000000 -0.000000000000000 0.000000000000000 0.000000000000000 -0.000000000000000 -0.000000000000000 -0.000000000000000 -0.000000000000000 -0.000000000000000 -0.000000000000000 0.000000000000000 -0.000000000000000 -0.000000000000000 0.000000000000000 -0.000000000000000 0.000000000000000 0.000000000000000 -0.000000000000000 0.000000000000000 0.000000000000000 -0.000000000000000 0.000000000000000 0.000000000000000 -0.000000000000000 0.000000000000000 -0.000000000000000 -0.000000000000000 -0.000000000000000 0.000000000000000 -0.000000000000000 -0.000000000000000 -0.000000000000000 -0.000000000000000 0.000000000000000 0.000000000000000 -0.000000000000000 -0.000000000000000 0.000000000000000 0.000000000000000 0.000000000000000 -0.000000000000000 0.000000000000000 0.000000000000000 0.000000000000000 -0.000000000000000 0.000000000000000 0.000000000000000 0.000000000000000 0.000000000000000 -0.000000000000000 -0.000000000000000 0.000000000000000 0.000000000000000 -0.000000000000000 -0.000000000000000 0.000000000000000 -0.000000000000000 0.000000000000000 -0.000000000000000 -0.000000000000000 0.000000000000000 -0.000000000000000 -0.000000000000000 0.000000000000000 -0.000000000000000 0.000000000000000 0.000000000000000 -0.000000000000000 0.000000000000000 0.000000000000000 0.000000000000000 -0.000000000000000 0.000000000000000 0.000000000000000 0.000000000000000 -0.000000000000000 0.000000000000000 -0.000000000000000 0.000000000000000 -0.000000000000000 0.000000000000000 -0.000000000000000 0.000000000000000 0.000000000000000 -0.000000000000000 -0.000000000000000 -0.000000000000000 -0.000000000000000 0.000000000000000 0.000000000000000 -0.000000000000000 0.000000000000000 -0.000000000000000 0.000000000000000 0.000000000000000 -0.000000000000000 -0.000000000000000 0.000000000000000 0.000000000000000 -0.000000000000000 0.000000000000000 -0.000000000000000 0.000000000000000 0.000000000000000 -0.000000000000000 -0.000000000000000 -0.000000000000000 0.000000000000000 -0.000000000000000 0.000000000000000 -0.000000000000000 -0.000000000000000 0.000000000000000 0.000000000000000 -0.000000000000000 0.000000000000000 -0.000000000000000 -0.000000000000000 0.000000000000000 -0.000000000000000 0.000000000000000 0.000000000000000 -0.000000000000000 -0.000000000000000 0.000000000000000 -0.000000000000000 0.000000000000000 -0.000000000000000 0.000000000000000 -0.000000000000000 0.000000000000000 -0.000000000000000 0.000000000000000 0.000000000000000 -0.000000000000000 -0.000000000000000 0.000000000000000 -0.000000000000000 0.000000000000000 0.000000000000000 -0.000000000000000 -0.000000000000000 0.000000000000000 -0.000000000000000 0.000000000000000 0.000000000000000 -0.000000000000000 0.000000000000000 0.000000000000000 0.000000000000000 0.000000000000000 -0.000000000000000 -0.000000000000000 -0.000000000000000 0.000000000000000 -0.000000000000000 0.000000000000000 0.000000000000000 0.000000000000000 -0.000000000000000 0.000000000000000 -0.000000000000000 0.000000000000000 0.000000000000000 -0.000000000000000 -0.000000000000000 0.000000000000000 -0.000000000000000 -0.000000000000000 0.000000000000000 -0.000000000000000 -0.000000000000000 0.000000000000000 -0.000000000000000 -0.000000000000000 -0.000000000000000 -0.000000000000000 -0.000000000000000 0.000000000000000 0.000000000000000 0.000000000000000 0.000000000000000 -0.000000000000000 -0.000000000000000 0.000000000000000 -0.000000000000000 -0.000000000000000 -0.000000000000000 -0.000000000000000 0.000000000000000 -0.000000000000000 -0.000000000000000 -0.000000000000000 0.000000000000000 -0.000000000000000 0.000000000000000 -0.000000000000000 -0.000000000000000 -0.000000000000000 0.000000000000000 0.000000000000000 -0.000000000000000 0.000000000000000 -0.000000000000000 0.000000000000000 -0.000000000000000 -0.000000000000000 -0.000000000000000 0.000000000000000 -0.000000000000000 0.000000000000000 -0.000000000000000 0.000000000000000 -0.000000000000000 0.000000000000000 -0.000000000000000 -0.000000000000000 0.000000000000000 -0.000000000000000 -0.000000000000000 0.000000000000000 0.000000000000000 0.000000000000000 0.000000000000000 0.000000000000000 -0.000000000000000 0.000000000000000 0.000000000000000 -0.000000000000000 0.000000000000000 -0.000000000000000 0.000000000000000 0.000000000000000 -0.000000000000000 0.000000000000000 0.000000000000000 -0.000000000000000 -0.000000000000000 0.000000000000000 0.000000000000000 -0.000000000000000 0.000000000000000 -0.000000000000000 0.000000000000000 0.000000000000000 -0.000000000000000 -0.000000000000000 0.000000000000000 -0.000000000000000 0.000000000000000 -0.000000000000000 -0.000000000000000 0.000000000000000 -0.000000000000000 -0.000000000000000 0.000000000000000 0.000000000000000 0.000000000000000 0.000000000000000 0.000000000000000 0.000000000000000 0.000000000000000 -0.000000000000000 -0.000000000000000 0.000000000000000 0.000000000000000 -0.000000000000000 0.000000000000000 0.000000000000000 -0.000000000000000 0.000000000000000 -0.000000000000000 -0.000000000000000 0.000000000000000 0.000000000000000 -0.000000000000000 0.000000000000000 -0.000000000000000 0.000000000000000 0.000000000000000 -0.000000000000000 0.000000000000000 0.000000000000000 -0.000000000000000 0.000000000000000 -0.000000000000000 
-0.000000000000000 0.000000000000000 -0.000000000000000 -0.000000000000000 -0.000000000000000 -0.000000000000000 0.000000000000000 -0.000000000000000 -0.000000000000000 0.000000000000000 0.000000000000000 0.000000000000000 -0.000000000000000 -0.000000000000000 0.000000000000000 0.000000000000000 0.000000000000000 -0.000000000000000 0.000000000000000 0.000000000000000 -0.000000000000000 0.000000000000000 0.000000000000000 0.000000000000000 0.000000000000000 -0.000000000000000 0.000000000000000 -0.000000000000000 0.000000000000000 -0.000000000000000 0.000000000000000 -0.000000000000000 0.000000000000000 -0.000000000000000 -0.000000000000000 -0.000000000000000 0.000000000000000 -0.000000000000000 -0.000000000000000 -0.000000000000000 -0.000000000000000 0.000000000000000 1.000000000000000 -0.000000000000000 0.000000000000000 0.000000000000000 -0.000000000000000 -0.000000000000000 0.000000000000000 -0.000000000000000 0.000000000000000 0.000000000000000 0.000000000000000 -0.000000000000000 0.000000000000000 -0.000000000000000 -0.000000000000000 -0.000000000000000 0.000000000000000 0.000000000000000 -0.000000000000000 0.000000000000000 -0.000000000000000 0.000000000000000 0.000000000000000 -0.000000000000000 0.000000000000000 -0.000000000000000 -0.000000000000000 0.000000000000000 0.000000000000000 -0.000000000000000 -0.000000000000000 -0.000000000000000 0.000000000000000 -0.000000000000000 0.000000000000000 0.000000000000000 -0.000000000000000 -0.000000000000000 0.000000000000000 -0.000000000000000 0.000000000000000 0.000000000000000 -0.000000000000000 0.000000000000000 0.000000000000000 0.000000000000000 -0.000000000000000 0.000000000000000 0.000000000000000 0.000000000000000 -0.000000000000000 0.000000000000000 -0.000000000000000 0.000000000000000 0.000000000000000 -0.000000000000000 0.000000000000000 -0.000000000000000 0.000000000000000 -0.000000000000000 0.000000000000000 0.000000000000000 -0.000000000000000 -0.000000000000000 0.000000000000000 -0.000000000000000 -0.000000000000000 -0.000000000000000 0.000000000000000 0.000000000000000 0.000000000000000 -0.000000000000000 0.000000000000000 -0.000000000000000 -0.000000000000000 0.000000000000000 -0.000000000000000 0.000000000000000 0.000000000000000 -0.000000000000000 0.000000000000000 -0.000000000000000 -0.000000000000000 0.000000000000000 -0.000000000000000 0.000000000000000 -0.000000000000000 -0.000000000000000 -0.000000000000000 -0.000000000000000 0.000000000000000 0.000000000000000 -0.000000000000000 0.000000000000000 -0.000000000000000 0.000000000000000 0.000000000000000 -0.000000000000000 -0.000000000000000 0.000000000000000 -0.000000000000000 -0.000000000000000 0.000000000000000 0.000000000000000 0.000000000000000 0.000000000000000 -0.000000000000000 -0.000000000000000 0.000000000000000 0.000000000000000 -0.000000000000000 0.000000000000000 0.000000000000000 0.000000000000000 -0.000000000000000 -0.000000000000000 0.000000000000000 0.000000000000000 -0.000000000000000 -0.000000000000000 -0.000000000000000 0.000000000000000 -0.000000000000000 0.000000000000000 0.000000000000000 -0.000000000000000 -0.000000000000000 0.000000000000000 0.000000000000000 -0.000000000000000 -0.000000000000000 0.000000000000000 -0.000000000000000 -0.000000000000000 0.000000000000000 0.000000000000000 -0.000000000000001 0.000000000000000 0.000000000000000 -0.000000000000000 0.000000000000000 -0.000000000000001 -0.000000000000000 0.000000000000000 0.000000000000000 -0.000000000000000 0.000000000000000 0.000000000000000 0.000000000000000 -0.000000000000000 0.000000000000000 -0.000000000000000 0.000000000000000 -0.000000000000000 0.000000000000000 -0.000000000000000 0.000000000000000 -0.000000000000000 0.000000000000000 0.000000000000000 -0.000000000000000 -0.000000000000000 0.000000000000001 -0.000000000000000 -0.000000000000000 0.000000000000000 0.000000000000000 0.000000000000000 0.000000000000000 -0.000000000000000 0.000000000000000 0.000000000000000 -0.000000000000000 0.000000000000000 -0.000000000000000 0.000000000000000 -0.000000000000000 -0.000000000000000 0.000000000000000 0.000000000000000 -0.000000000000000 0.000000000000000 -0.000000000000000 0.000000000000000 -0.000000000000000 0.000000000000000 -0.000000000000000 -0.000000000000000 0.000000000000000 0.000000000000000 -0.000000000000000 0.000000000000000 0.000000000000000 -0.000000000000000 0.000000000000000 -0.000000000000000 -0.000000000000000 0.000000000000000 -0.000000000000000 -0.000000000000000 0.000000000000000 -0.000000000000000 0.000000000000000 0.000000000000000 0.000000000000000 -0.000000000000000 -0.000000000000000 0.000000000000000 -0.000000000000000 0.000000000000000 -0.000000000000000 -0.000000000000000 0.000000000000000 0.000000000000000 -0.000000000000000 -0.000000000000000 -0.000000000000000 0.000000000000000 0.000000000000000 -0.000000000000000 -0.000000000000000 -0.000000000000000 0.000000000000000 0.000000000000000 0.000000000000000 0.000000000000000 -0.000000000000000 0.000000000000000 -0.000000000000000 -0.000000000000000 0.000000000000000 -0.000000000000000 -0.000000000000000 0.000000000000000 0.000000000000000 -0.000000000000000 -0.000000000000000 -0.000000000000000 -0.000000000000000 0.000000000000000 0.000000000000000 -0.000000000000000 -0.000000000000000 0.000000000000000 0.000000000000000 -0.000000000000000 -0.000000000000000 0.000000000000000 0.000000000000000 -0.000000000000000 -0.000000000000000 -0.000000000000000 -0.000000000000000 0.000000000000000 0.000000000000000 0.000000000000000 -0.000000000000000 -0.000000000000000 0.000000000000000 0.000000000000000 -0.000000000000000 -0.000000000000000 -0.000000000000000 0.000000000000000 0.000000000000000 -0.000000000000000 -0.000000000000000 0.000000000000000 0.000000000000000 0.000000000000000 -0.000000000000000 -0.000000000000000 0.000000000000000 0.000000000000000 -0.000000000000000 0.000000000000000 -0.000000000000000 0.000000000000000 0.000000000000000 -0.000000000000000 0.000000000000000 -0.000000000000000 -0.000000000000000 -0.000000000000000 0.000000000000000 0.000000000000000 -0.000000000000000 -0.000000000000000 0.000000000000000 -0.000000000000000 0.000000000000000 -0.000000000000000 -0.000000000000000 0.000000000000000 0.000000000000000 -0.000000000000000 0.000000000000000 -0.000000000000000 0.000000000000000 0.000000000000000 -0.000000000000000 
-0.000000000000000 -0.000000000000000 -0.000000000000000 -0.000000000000000 0.000000000000000 0.000000000000000 1.000000000000000 -0.000000000000000 0.000000000000000 -0.000000000000000 0.000000000000000 0.000000000000000 -0.000000000000000 0.000000000000000 -0.000000000000000 -0.000000000000000 -0.000000000000000 0.000000000000000 0.000000000000000 -0.000000000000000 0.000000000000000 0.000000000000000 -0.000000000000000 0.000000000000000 0.000000000000000 -0.000000000000000 0.000000000000000 -0.000000000000000 -0.000000000000000 0.000000000000000 -0.000000000000000 -0.000000000000000 0.000000000000000 -0.000000000000000 0.000000000000000 0.000000000000000 -0.000000000000000 0.000000000000000 -0.000000000000000 -0.000000000000000 0.000000000000000 -0.000000000000000 -0.000000000000000 0.000000000000000 -0.000000000000000 -0.000000000000000 0.000000000000000 -0.000000000000000 0.000000000000000 -0.000000000000000 -0.000000000000000 0.000000000000000 0.000000000000000 0.000000000000000 -0.000000000000000 -0.000000000000000 0.000000000000000 -0.000000000000000 0.000000000000000 0.000000000000000 -0.000000000000000 0.000000000000000 -0.000000000000000 -0.000000000000000 -0.000000000000000 0.000000000000000 -0.000000000000000 -0.000000000000000 0.000000000000000 0.000000000000000 -0.000000000000000 0.000000000000000 -0.000000000000000 -0.000000000000000 0.000000000000000 0.000000000000000 0.000000000000000 -0.000000000000000 0.000000000000000 -0.000000000000000 0.000000000000000 0.000000000000000 -0.000000000000001 0.000000000000000 -0.000000000000000 0.000000000000000 -0.000000000000000 -0.000000000000000 0.000000000000000 -0.000000000000000 0.000000000000000 0.000000000000000 -0.000000000000000 0.000000000000000 0.000000000000000 -0.000000000000000 0.000000000000000 -0.000000000000000 -0.000000000000000 0.000000000000000 -0.000000000000000 -0.000000000000000 -0.000000000000000 -0.000000000000000 0.000000000000000 -0.000000000000000 0.000000000000000 -0.000000000000000 -0.000000000000000 0.000000000000000 -0.000000000000000 0.000000000000000 0.000000000000000 -0.000000000000000 0.000000000000000 0.000000000000000 -0.000000000000000 0.000000000000000 -0.000000000000000 -0.000000000000000 0.000000000000000 -0.000000000000000 0.000000000000000 0.000000000000000 -0.000000000000000 0.000000000000000 0.000000000000000 -0.000000000000000 0.000000000000000 -0.000000000000000 -0.000000000000000 0.000000000000000 -0.000000000000000 -0.000000000000000 -0.000000000000000 0.000000000000000 0.000000000000000 -0.000000000000000 0.000000000000000 -0.000000000000000 -0.000000000000000 0.000000000000000 -0.000000000000000 -0.000000000000000 0.000000000000000 -0.000000000000000 0.000000000000000 0.000000000000000 0.000000000000000 0.000000000000000 -0.000000000000000 -0.000000000000000 0.000000000000000 0.000000000000000 -0.000000000000000 0.000000000000000 -0.000000000000000 -0.000000000000000 0.000000000000000 0.000000000000000 0.000000000000000 0.000000000000000 0.000000000000000 -0.000000000000000 -0.000000000000000 0.000000000000000 -0.000000000000000 0.000000000000000 0.000000000000000 -0.000000000000000 0.000000000000000 0.000000000000000 -0.000000000000000 0.000000000000000 -0.000000000000000 0.000000000000000 -0.000000000000000 0.000000000000000 -0.000000000000000 -0.000000000000000 0.000000000000000 -0.000000000000000 -0.000000000000000 0.000000000000000 -0.000000000000000 -0.000000000000000 0.000000000000000 -0.000000000000000 0.000000000000000 0.000000000000000 -0.000000000000000 0.000000000000000 -0.000000000000000 -0.000000000000000 0.000000000000000 -0.000000000000000 -0.000000000000000 -0.000000000000000 0.000000000000000 0.000000000000000 -0.000000000000000 -0.000000000000000 -0.000000000000000 -0.000000000000000 0.000000000000000 -0.000000000000000 -0.000000000000000 0.000000000000000 -0.000000000000000 0.000000000000000 0.000000000000000 -0.000000000000000 0.000000000000000 0.000000000000000 -0.000000000000000 0.000000000000000 -0.000000000000000 -0.000000000000000 0.000000000000000 -0.000000000000000 -0.000000000000000 0.000000000000000 -0.000000000000000 0.000000000000000 0.000000000000000 -0.000000000000000 0.000000000000000 0.000000000000000 -0.000000000000000 0.000000000000000 -0.000000000000000 0.000000000000000 0.000000000000000 0.000000000000000 0.000000000000000 -0.000000000000000 0.000000000000000 -0.000000000000000 -0.000000000000000 0.000000000000000 -0.000000000000000 0.000000000000000 0.000000000000000 -0.000000000000000 0.000000000000000 0.000000000000000 0.000000000000000 -0.000000000000000 -0.000000000000000 0.000000000000000 0.000000000000000 0.000000000000000 0.000000000000000 0.000000000000000 -0.000000000000000 0.000000000000000 -0.000000000000000 -0.000000000000000 0.000000000000000 0.000000000000000 -0.000000000000000 0.000000000000000 0.000000000000000 -0.000000000000000 0.000000000000000 -0.000000000000000 0.000000000000000 -0.000000000000000 -0.000000000000000 0.000000000000000 -0.000000000000000 0.000000000000000 -0.000000000000000 -0.000000000000000 0.000000000000000 -0.000000000000000 0.000000000000000 0.000000000000000 -0.000000000000000 0.000000000000000 -0.000000000000000 0.000000000000000 -0.000000000000000 -0.000000000000000 0.000000000000000 -0.000000000000000 0.000000000000000 -0.000000000000000 0.000000000000000 -0.000000000000000 -0.000000000000000 0.000000000000000 -0.000000000000000 0.000000000000000 -0.000000000000000 -0.000000000000000 0.000000000000000 0.000000000000000 0.000000000000000 -0.000000000000000 -0.000000000000000 0.000000000000000 -0.000000000000000 0.000000000000000 0.000000000000000 -0.000000000000000 0.000000000000000 -0.000000000000000 -0.000000000000000 0.000000000000000 -0.000000000000000 -0.000000000000000 -0.000000000000000 -0.000000000000000 0.000000000000000 0.000000000000000 -0.000000000000000 0.000000000000000 -0.000000000000000 -0.000000000000000 0.000000000000000 -0.000000000000000 -0.000000000000000 0.000000000000000 -0.000000000000000 0.000000000000000 0.000000000000000 -0.000000000000000 0.000000000000000 -0.000000000000000 0.000000000000000 -0.000000000000000 -0.000000000000000 0.000000000000000 -0.000000000000000 0.000000000000000 0.000000000000000 -0.000000000000000 0.000000000000000 0.000000000000000 -0.000000000000000 0.000000000000000 -0.000000000000000 
0.000000000000000 0.000000000000000 0.000000000000000 -0.000000000000000 -0.000000000000000 0.000000000000000 -0.000000000000000 -0.000000000000000 -0.000000000000001 -0.000000000000000 -0.000000000000000 -0.000000000000000 0.000000000000000 0.000000000000000 -0.000000000000000 0.000000000000001 -0.000000000000001 0.000000000000000 0.000000000000000 -0.000000000000000 0.000000000000000 0.000000000000000 0.000000000000000 -0.000000000000001 0.000000000000003 0.000000000000001 -0.000000000000001 0.000000000000000 -0.000000000000001 -0.000000000000000 -0.000000000000000 0.000000000000000 0.000000000000001 -0.000000000000001 0.000000000000000 0.000000000000001 0.000000000000000 0.000000000000000 -0.000000000000001 -0.000000000000001 0.000000000000001 0.000000000000000 -0.000000000000000 -0.000000000000000 0.000000000000000 0.000000000000000 -0.000000000000000 0.000000000000000 1.000000000000000 -0.000000000000000 0.000000000000000 -0.000000000000000 0.000000000000000 0.000000000000000 -0.000000000000000 0.000000000000000 -0.000000000000000 0.000000000000001 -0.000000000000001 -0.000000000000000 0.000000000000001 -0.000000000000000 0.000000000000000 0.000000000000000 -0.000000000000000 -0.000000000000000 0.000000000000000 -0.000000000000000 -0.000000000000000 0.000000000000000 0.000000000000000 -0.000000000000001 0.000000000000001 -0.000000000000000 -0.000000000000001 0.000000000000001 -0.000000000000000 0.000000000000000 -0.000000000000000 0.000000000000001 -0.000000000000000 -0.000000000000001 0.000000000000001 -0.000000000000000 -0.000000000000000 0.000000000000000 -0.000000000000000 0.000000000000000 0.000000000000000 -0.000000000000000 0.000000000000000 0.000000000000000 -0.000000000000000 0.000000000000000 -0.000000000000000 0.000000000000000 0.000000000000000 -0.000000000000000 -0.000000000000000 0.000000000000000 -0.000000000000000 -0.000000000000000 -0.000000000000000 -0.000000000000000 0.000000000000000 0.000000000000001 -0.000000000000000 0.000000000000001 -0.000000000000000 -0.000000000000000 0.000000000000001 -0.000000000000000 -0.000000000000000 -0.000000000000000 0.000000000000000 0.000000000000000 0.000000000000000 -0.000000000000000 0.000000000000000 -0.000000000000000 0.000000000000000 -0.000000000000001 0.000000000000000 0.000000000000001 -0.000000000000000 -0.000000000000000 0.000000000000000 -0.000000000000000 0.000000000000000 -0.000000000000000 0.000000000000000 0.000000000000000 -0.000000000000000 -0.000000000000000 -0.000000000000000 -0.000000000000000 0.000000000000000 -0.000000000000001 -0.000000000000000 0.000000000000000 0.000000000000000 0.000000000000000 0.000000000000000 -0.000000000000000 0.000000000000000 0.000000000000000 -0.000000000000000 0.000000000000000 -0.000000000000000 0.000000000000000 -0.000000000000001 -0.000000000000000 0.000000000000000 -0.000000000000000 -0.000000000000000 -0.000000000000001 -0.000000000000001 0.000000000000000 -0.000000000000000 0.000000000000000 -0.000000000000000 -0.000000000000000 0.000000000000001 0.000000000000000 -0.000000000000000 0.000000000000001 -0.000000000000000 0.000000000000000 -0.000000000000000 0.000000000000001 0.000000000000000 -0.000000000000000 0.000000000000000 -0.000000000000001 0.000000000000001 -0.000000000000000 0.000000000000000 -0.000000000000001 0.000000000000001 0.000000000000000 -0.000000000000000 0.000000000000001 0.000000000000000 0.000000000000000 -0.000000000000000 -0.000000000000001 0.000000000000000 0.000000000000000 -0.000000000000000 -0.000000000000000 -0.000000000000000 -0.000000000000000 -0.000000000000000 -0.000000000000000 0.000000000000000 -0.000000000000000 -0.000000000000000 -0.000000000000000 0.000000000000000 0.000000000000000 -0.000000000000000 0.000000000000000 0.000000000000000 0.000000000000000 0.000000000000000 -0.000000000000000 0.000000000000000 0.000000000000001 -0.000000000000000 -0.000000000000000 -0.000000000000000 -0.000000000000001 0.000000000000000 -0.000000000000000 -0.000000000000000 0.000000000000000 -0.000000000000000 -0.000000000000000 0.000000000000000 0.000000000000001 -0.000000000000001 -0.000000000000000 0.000000000000000 -0.000000000000000 0.000000000000000 -0.000000000000000 0.000000000000001 -0.000000000000000 -0.000000000000000 0.000000000000001 -0.000000000000000 -0.000000000000000 -0.000000000000001 -0.000000000000000 0.000000000000000 -0.000000000000000 0.000000000000000 -0.000000000000000 0.000000000000000 0.000000000000000 0.000000000000000 -0.000000000000000 0.000000000000000 0.000000000000000 -0.000000000000000 -0.000000000000000 -0.000000000000000 -0.000000000000000 0.000000000000000 -0.000000000000000 -0.000000000000000 0.000000000000000 -0.000000000000000 0.000000000000001 0.000000000000000 -0.000000000000001 -0.000000000000000 -0.000000000000000 0.000000000000000 -0.000000000000000 -0.000000000000000 0.000000000000000 0.000000000000001 -0.000000000000000 0.000000000000000 -0.000000000000000 0.000000000000000 -0.000000000000001 -0.000000000000001 0.000000000000001 0.000000000000000 0.000000000000001 -0.000000000000000 -0.000000000000000 0.000000000000000 -0.000000000000000 -0.000000000000000 0.000000000000001 -0.000000000000001 0.000000000000000 -0.000000000000000 0.000000000000000 0.000000000000000 0.000000000000000 -0.000000000000001 -0.000000000000000 0.000000000000000 -0.000000000000000 0.000000000000000 -0.000000000000000 -0.000000000000000 0.000000000000000 -0.000000000000000 0.000000000000000 0.000000000000000 -0.000000000000000 0.000000000000000 0.000000000000000 0.000000000000000 0.000000000000000 -0.000000000000000 -0.000000000000000 0.000000000000000 -0.000000000000001 -0.000000000000000 0.000000000000000 -0.000000000000000 0.000000000000000 0.000000000000000 -0.000000000000000 -0.000000000000000 -0.000000000000000 -0.000000000000000 -0.000000000000000 0.000000000000000 0.000000000000000 -0.000000000000000 0.000000000000000 -0.000000000000000 -0.000000000000000 0.000000000000000 -0.000000000000000 -0.000000000000000 0.000000000000000 0.000000000000000 0.000000000000000 -0.000000000000000 0.000000000000000 0.000000000000000 0.000000000000000 0.000000000000000 0.000000000000000 -0.000000000000000 0.000000000000000 0.000000000000000 -0.000000000000000 -0.000000000000000 -0.000000000000000 0.000000000000000 -0.000000000000000 0.000000000000000 -0.000000000000000 0.000000000000000 
-0.000000000000000 0.000000000000000 -0.000000000000000 0.000000000000000 0.000000000000000 0.000000000000000 -0.000000000000000 -0.000000000000000 0.000000000000000 -0.000000000000000 0.000000000000000 -0.000000000000000 -0.000000000000000 0.000000000000000 -0.000000000000000 -0.000000000000000 0.000000000000001 0.000000000000000 -0.000000000000000 -0.000000000000000 -0.000000000000000 0.000000000000000 -0.000000000000000 -0.000000000000000 0.000000000000000 -0.000000000000000 0.000000000000000 -0.000000000000000 -0.000000000000000 0.000000000000000 -0.000000000000000 0.000000000000000 0.000000000000000 -0.000000000000000 0.000000000000000 -0.000000000000000 -0.000000000000000 0.000000000000000 0.000000000000000 0.000000000000000 -0.000000000000000 -0.000000000000000 -0.000000000000000 0.000000000000000 -0.000000000000000 -0.000000000000000 0.000000000000000 0.000000000000000 0.000000000000000 -0.000000000000000 0.000000000000000 0.000000000000000 -0.000000000000000 0.000000000000000 -0.000000000000000 0.000000000000000 0.000000000000000 -0.000000000000001 0.000000000000000 0.000000000000001 0.000000000000000 0.000000000000000 -0.000000000000000 0.000000000000000 0.000000000000000 -0.000000000000001 0.000000000000000 0.000000000000000 -0.000000000000000 0.000000000000000 -0.000000000000001 0.000000000000001 0.000000000000000 -0.000000000000000 0.000000000000001 -0.000000000000001 0.000000000000000 0.000000000000000 -0.000000000000000 0.000000000000001 -0.000000000000001 -0.000000000000000 0.000000000000000 -0.000000000000000 0.000000000000000 0.000000000000000 -0.000000000000001 -0.000000000000001 0.000000000000000 0.000000000000000 0.000000000000000 -0.000000000000000 -0.000000000000000 -0.000000000000000 0.000000000000001 -0.000000000000000 -0.000000000000000 0.000000000000000 0.000000000000000 -0.000000000000000 -0.000000000000000 0.000000000000000 0.000000000000000 -0.000000000000000 -0.000000000000000 -0.000000000000000 0.000000000000000 -0.000000000000000 -0.000000000000001 -0.000000000000000 0.000000000000000 0.000000000000000 -0.000000000000000 0.000000000000000 0.000000000000001 0.000000000000000 -0.000000000000000 -0.000000000000000 0.000000000000000 0.000000000000000 -0.000000000000001 -0.000000000000000 0.000000000000000 -0.000000000000001 0.000000000000000 -0.000000000000000 0.000000000000000 -0.000000000000000 -0.000000000000000 0.000000000000000 0.000000000000000 0.000000000000000 0.000000000000000 -0.000000000000000 0.000000000000000 0.000000000000000 0.000000000000000 0.000000000000000 -0.000000000000000 0.000000000000000 -0.000000000000000 0.000000000000000 0.000000000000000 -0.000000000000000 -0.000000000000000 0.000000000000000 -0.000000000000000 0.000000000000000 -0.000000000000000 -0.000000000000000 0.000000000000000 -0.000000000000000 0.000000000000000 0.000000000000000 -0.000000000000000 0.000000000000000 0.000000000000001 -0.000000000000001 0.000000000000000 -0.000000000000000 0.000000000000000 -0.000000000000000 0.000000000000000 0.000000000000000 0.000000000000000 -0.000000000000000 0.000000000000000 0.000000000000000 0.000000000000000 -0.000000000000001 -0.000000000000000 0.000000000000001 -0.000000000000000 0.000000000000000 -0.000000000000000 -0.000000000000000 -0.000000000000000 -0.000000000000000 0.000000000000000 0.000000000000000 -0.000000000000000 0.000000000000000 0.000000000000000 0.000000000000000 -0.000000000000000 0.000000000000001 -0.000000000000000 0.000000000000000 0.000000000000000 0.000000000000000 -0.000000000000000 0.000000000000000 -0.000000000000000 -0.000000000000000 0.000000000000000 -0.000000000000000 0.000000000000000 0.000000000000000 0.000000000000000 -0.000000000000000 -0.000000000000000 0.000000000000000 0.000000000000000 0.000000000000000 -0.000000000000000 0.000000000000001 0.000000000000000 -0.000000000000000 -0.000000000000000 -0.000000000000000 0.000000000000000 0.000000000000000 -0.000000000000001 0.000000000000000 -0.000000000000000 0.000000000000000 0.000000000000000 -0.000000000000000 0.000000000000000 0.000000000000000 -0.000000000000000 0.000000000000001 -0.000000000000001 0.000000000000000 0.000000000000000 -0.000000000000000 0.000000000000000 0.000000000000000 -0.000000000000000 -0.000000000000000 -0.000000000000000 0.000000000000000 0.000000000000000 -0.000000000000000 -0.000000000000000 -0.000000000000000 0.000000000000000 0.000000000000000 -0.000000000000000 -0.000000000000000 -0.000000000000000 0.000000000000000 0.000000000000000 -0.000000000000000 0.000000000000000 -0.000000000000000 0.000000000000000 -0.000000000000000 0.000000000000000 0.000000000000000 0.000000000000000 -0.000000000000000 0.000000000000000 0.000000000000000 -0.000000000000001 0.000000000000000 -0.000000000000000 -0.000000000000000 0.000000000000000 -0.000000000000000 -0.000000000000001 0.000000000000001 -0.000000000000000 -0.000000000000000 0.000000000000000 -0.000000000000000 0.000000000000000 -0.000000000000000 -0.000000000000000 0.000000000000000 -0.000000000000001 0.000000000000000 -0.000000000000000 -0.000000000000000 0.000000000000000 -0.000000000000000 0.000000000000000 0.000000000000000 -0.000000000000000 0.000000000000000 -0.000000000000000 -0.000000000000000 0.000000000000001 0.000000000000000 0.000000000000000 -0.000000000000000 -0.000000000000000 -0.000000000000000 0.000000000000000 -0.000000000000000 -0.000000000000000 0.000000000000000 0.000000000000000 0.000000000000000 1.000000000000000 0.000000000000000 0.000000000000000 -0.000000000000000 -0.000000000000000 -0.000000000000000 0.000000000000000 0.000000000000000 -0.000000000000000 0.000000000000000 0.000000000000000 0.000000000000000 0.000000000000000 -0.000000000000000 0.000000000000000 0.000000000000000 -0.000000000000001 0.000000000000000 0.000000000000000 -0.000000000000000 0.000000000000000 -0.000000000000000 0.000000000000000 0.000000000000000 -0.000000000000000 0.000000000000000 -0.000000000000000 0.000000000000000 0.000000000000000 0.000000000000000 0.000000000000000 -0.000000000000000 0.000000000000000 0.000000000000000 -0.000000000000000 0.000000000000000 0.000000000000000 -0.000000000000000 -0.000000000000000 -0.000000000000000 0.000000000000000 0.000000000000000 0.000000000000000 -0.000000000000000 -0.000000000000000 0.000000000000000 -0.000000000000000 -0.000000000000000 0.000000000000000 
0.000000000000000 -0.000000000000000 0.000000000000000 0.000000000000001 0.000000000000000 -0.000000000000000 -0.000000000000000 0.000000000000001 0.000000000000001 -0.000000000000000 -0.000000000000001 0.000000000000000 0.000000000000000 0.000000000000000 -0.000000000000001 -0.000000000000000 0.000000000000000 0.000000000000001 -0.000000000000000 -0.000000000000000 0.000000000000000 0.000000000000000 -0.000000000000000 -0.000000000000000 0.000000000000001 -0.000000000000001 0.000000000000000 0.000000000000000 0.000000000000000 0.000000000000001 -0.000000000000000 -0.000000000000001 0.000000000000000 -0.000000000000000 0.000000000000000 -0.000000000000001 -0.000000000000000 0.000000000000001 -0.000000000000000 0.000000000000001 0.000000000000000 -0.000000000000001 0.000000000000000 0.000000000000000 -0.000000000000000 -0.000000000000001 0.000000000000000 -0.000000000000000 0.000000000000000 0.000000000000001 0.000000000000001 -0.000000000000001 -0.000000000000001 -0.000000000000001 0.000000000000000 0.000000000000000 -0.000000000000001 -0.000000000000000 0.000000000000000 0.000000000000001 0.000000000000001 -0.000000000000001 -0.000000000000001 0.000000000000001 0.000000000000000 -0.000000000000001 -0.000000000000001 -0.000000000000000 0.000000000000001 -0.000000000000000 0.000000000000000 -0.000000000000001 0.000000000000001 0.000000000000002 0.000000000000002 -0.000000000000002 -0.000000000000000 -0.000000000000001 -0.000000000000001 0.000000000000002 0.000000000000002 0.000000000000000 -0.000000000000001 -0.000000000000000 0.000000000000001 0.000000000000001 -0.000000000000001 -0.000000000000001 -0.000000000000002 0.000000000000001 0.000000000000001 -0.000000000000001 -0.000000000000001 0.000000000000000 0.000000000000001 0.000000000000001 -0.000000000000000 -0.000000000000000 -0.000000000000000 0.000000000000000 0.000000000000000 -0.000000000000000 0.000000000000000 0.000000000000000 -0.000000000000000 0.000000000000001 -0.000000000000001 -0.000000000000000 0.000000000000001 -0.000000000000001 -0.000000000000000 -0.000000000000000 -0.000000000000000 0.000000000000000 0.000000000000000 0.000000000000001 -0.000000000000000 -0.000000000000000 0.000000000000000 -0.000000000000001 0.000000000000001 0.000000000000000 -0.000000000000002 -0.000000000000001 0.000000000000000 0.000000000000000 0.000000000000000 0.000000000000000 -0.000000000000001 0.000000000000000 0.000000000000000 -0.000000000000001 0.000000000000000 -0.000000000000000 0.000000000000000 -0.000000000000000 -0.000000000000000 0.000000000000001 0.000000000000000 0.000000000000000 0.000000000000000 -0.000000000000000 -0.000000000000000 -0.000000000000000 -0.000000000000000 0.000000000000000 -0.000000000000000 -0.000000000000001 -0.000000000000000 0.000000000000001 0.000000000000001 0.000000000000001 -0.000000000000001 -0.000000000000000 -0.000000000000001 -0.000000000000002 0.000000000000001 0.000000000000000 -0.000000000000002 0.000000000000001 0.000000000000000 -0.000000000000001 0.000000000000001 0.000000000000001 0.000000000000001 -0.000000000000001 -0.000000000000000 0.000000000000000 0.000000000000001 0.000000000000003 -0.000000000000002 -0.000000000000005 0.000000000000001 0.000000000000001 0.000000000000000 0.000000000000002 -0.000000000000001 -0.000000000000002 -0.000000000000001 -0.000000000000001 0.000000000000001 -0.000000000000000 -0.000000000000001 -0.000000000000001 0.000000000000002 0.000000000000005 0.000000000000000 -0.000000000000002 -0.000000000000000 0.000000000000000 -0.000000000000000 -0.000000000000001 -0.000000000000000 -0.000000000000001 0.000000000000000 0.000000000000000 -0.000000000000000 0.000000000000000 0.000000000000000 -0.000000000000000 -0.000000000000000 0.000000000000000 0.000000000000000 -0.000000000000001 -0.000000000000001 -0.000000000000000 0.000000000000000 -0.000000000000000 0.000000000000001 -0.000000000000000 -0.000000000000000 -0.000000000000001 0.000000000000001 0.000000000000000 -0.000000000000000 0.000000000000001 -0.000000000000000 -0.000000000000000 0.000000000000001 0.000000000000000 -0.000000000000002 0.000000000000001 -0.000000000000001 -0.000000000000000 0.000000000000000 -0.000000000000000 -0.000000000000001 -0.000000000000000 -0.000000000000001 0.000000000000001 -0.000000000000000 -0.000000000000000 -0.000000000000000 0.000000000000001 0.000000000000002 -0.000000000000001 -0.000000000000001 0.000000000000000 -0.000000000000000 -0.000000000000000 -0.000000000000001 0.000000000000000 0.000000000000000 -0.000000000000000 0.000000000000000 0.000000000000001 -0.000000000000000 0.000000000000000 0.000000000000001 -0.000000000000000 0.000000000000000 -0.000000000000000 0.000000000000003 0.000000000000002 -0.000000000000001 -0.000000000000001 0.000000000000001 -0.000000000000000 0.000000000000001 -0.000000000000001 -0.000000000000001 0.000000000000000 0.000000000000001 -0.000000000000001 -0.000000000000001 0.000000000000000 0.000000000000000 -0.000000000000001 -0.000000000000000 0.000000000000003 -0.000000000000002 -0.000000000000001 -0.000000000000000 0.000000000000000 0.000000000000001 -0.000000000000001 -0.000000000000001 0.000000000000001 -0.000000000000001 0.000000000000000 -0.000000000000000 -0.000000000000000 0.000000000000001 -0.000000000000002 0.000000000000001 0.000000000000002 -0.000000000000001 0.000000000000000 0.000000000000001 0.000000000000000 -0.000000000000001 0.000000000000000 -0.000000000000000 0.000000000000000 0.000000000000000 0.000000000000000 -0.000000000000000 -0.000000000000000 -0.000000000000000 0.000000000000000 0.000000000000000 -0.000000000000001 -0.000000000000000 0.000000000000000 0.000000000000000 0.000000000000000 -0.000000000000000 -0.000000000000000 0.000000000000001 0.000000000000000 -0.000000000000000 -0.000000000000001 -0.000000000000000 0.000000000000001 0.000000000000000 0.000000000000000 -0.000000000000001 0.000000000000000 0.000000000000001 0.000000000000001 -0.000000000000001 -0.000000000000000 -0.000000000000001 -0.000000000000001 0.000000000000001 0.000000000000001 0.000000000000000 -0.000000000000000 -0.000000000000000 0.000000000000001 0.000000000000000 -0.000000000000001 -0.000000000000000 -0.000000000000001 0.000000000000000 0.000000000000000 1.000000000000000 -0.000000000000000 0.000000000000000 0.000000000000001 0.000000000000000 -0.000000000000000 -0.000000000000000 
-0.000000000000001 0.000000000000000 -0.000000000000000 -0.000000000000002 -0.000000000000000 0.000000000000000 -0.000000000000000 -0.000000000000000 0.000000000000001 -0.000000000000001 -0.000000000000001 0.000000000000000 -0.000000000000000 0.000000000000000 0.000000000000000 -0.000000000000001 0.000000000000000 0.000000000000001 -0.000000000000001 0.000000000000000 -0.000000000000000 -0.000000000000000 -0.000000000000000 -0.000000000000000 -0.000000000000000 -0.000000000000000 -0.000000000000000 0.000000000000000 -0.000000000000000 0.000000000000001 -0.000000000000001 -0.000000000000000 0.000000000000000 -0.000000000000000 0.000000000000000 0.000000000000000 -0.000000000000001 0.000000000000001 0.000000000000000 -0.000000000000000 0.000000000000000 -0.000000000000000 -0.000000000000000 0.000000000000000 -0.000000000000000 -0.000000000000000 0.000000000000000 -0.000000000000000 -0.000000000000000 0.000000000000000 -0.000000000000000 0.000000000000001 0.000000000000001 -0.000000000000000 0.000000000000000 -0.000000000000000 0.000000000000001 -0.000000000000001 -0.000000000000000 0.000000000000001 -0.000000000000001 -0.000000000000000 0.000000000000000 -0.000000000000001 0.000000000000003 -0.000000000000002 -0.000000000000001 0.000000000000002 -0.000000000000002 0.000000000000001 -0.000000000000001 -0.000000000000000 0.000000000000001 0.000000000000001 0.000000000000001 -0.000000000000001 0.000000000000000 0.000000000000001 -0.000000000000002 0.000000000000001 0.000000000000001 -0.000000000000003 0.000000000000002 -0.000000000000001 0.000000000000000 0.000000000000001 -0.000000000000001 -0.000000000000001 0.000000000000001 0.000000000000001 -0.000000000000000 0.000000000000000 -0.000000000000000 0.000000000000000 0.000000000000000 -0.000000000000000 -0.000000000000000 -0.000000000000000 0.000000000000000 -0.000000000000000 -0.000000000000000 -0.000000000000000 0.000000000000000 -0.000000000000001 0.000000000000000 -0.000000000000001 0.000000000000001 0.000000000000000 -0.000000000000001 0.000000000000001 0.000000000000000 -0.000000000000000 0.000000000000000 -0.000000000000002 0.000000000000001 0.000000000000002 -0.000000000000001 0.000000000000000 -0.000000000000001 0.000000000000001 0.000000000000001 -0.000000000000000 -0.000000000000002 -0.000000000000001 0.000000000000002 0.000000000000000 -0.000000000000000 0.000000000000002 -0.000000000000001 -0.000000000000001 0.000000000000001 -0.000000000000001 0.000000000000000 0.000000000000000 -0.000000000000002 0.000000000000000 0.000000000000001 -0.000000000000000 -0.000000000000001 -0.000000000000000 -0.000000000000000 0.000000000000001 -0.000000000000000 -0.000000000000000 0.000000000000001 0.000000000000000 0.000000000000000 -0.000000000000002 0.000000000000001 -0.000000000000002 0.000000000000000 0.000000000000001 -0.000000000000001 0.000000000000001 -0.000000000000001 0.000000000000001 0.000000000000000 0.000000000000000 0.000000000000001 -0.000000000000001 -0.000000000000000 -0.000000000000000 -0.000000000000000 0.000000000000000 -0.000000000000001 -0.000000000000001 0.000000000000001 0.000000000000000 0.000000000000002 -0.000000000000000 0.000000000000000 -0.000000000000001 -0.000000000000002 0.000000000000003 -0.000000000000001 -0.000000000000001 0.000000000000001 -0.000000000000001 0.000000000000001 0.000000000000003 -0.000000000000002 0.000000000000000 -0.000000000000001 0.000000000000001 -0.000000000000000 0.000000000000000 -0.000000000000001 -0.000000000000000 0.000000000000001 -0.000000000000000 -0.000000000000000 -0.000000000000000 0.000000000000000 0.000000000000001 -0.000000000000000 0.000000000000000 -0.000000000000000 -0.000000000000001 0.000000000000000 0.000000000000002 -0.000000000000000 0.000000000000001 -0.000000000000000 0.000000000000000 -0.000000000000000 0.000000000000000 0.000000000000002 -0.000000000000000 0.000000000000000 0.000000000000000 -0.000000000000000 0.000000000000002 -0.000000000000000 -0.000000000000001 0.000000000000000 -0.000000000000001 0.000000000000001 0.000000000000000 -0.000000000000001 -0.000000000000000 0.000000000000000 0.000000000000000 -0.000000000000000 -0.000000000000000 0.000000000000000 -0.000000000000000 0.000000000000000 -0.000000000000000 -0.000000000000001 0.000000000000001 -0.000000000000000 -0.000000000000001 0.000000000000001 -0.000000000000000 -0.000000000000001 0.000000000000000 -0.000000000000000 0.000000000000000 0.000000000000000 -0.000000000000000 -0.000000000000000 0.000000000000000 -0.000000000000000 0.000000000000000 0.000000000000000 0.000000000000001 0.000000000000000 0.000000000000000 -0.000000000000002 -0.000000000000000 -0.000000000000001 -0.000000000000000 -0.000000000000000 0.000000000000001 -0.000000000000001 -0.000000000000002 0.000000000000000 0.000000000000000 0.000000000000000 0.000000000000001 -0.000000000000002 0.000000000000001 0.000000000000002 -0.000000000000001 0.000000000000000 -0.000000000000001 -0.000000000000001 0.000000000000001 -0.000000000000001 -0.000000000000000 0.000000000000001 -0.000000000000001 0.000000000000001 -0.000000000000000 0.000000000000001 -0.000000000000002 -0.000000000000001 -0.000000000000000 -0.000000000000000 0.000000000000001 0.000000000000001 -0.000000000000001 0.000000000000001 0.000000000000001 -0.000000000000000 0.000000000000000 -0.000000000000001 -0.000000000000000 0.000000000000001 -0.000000000000000 -0.000000000000000 0.000000000000000 0.000000000000000 -0.000000000000000 -0.000000000000000 0.000000000000000 0.000000000000000 0.000000000000001 0.000000000000000 -0.000000000000000 1.000000000000000 0.000000000000000 -0.000000000000001 0.000000000000000 0.000000000000000 -0.000000000000000 0.000000000000000 0.000000000000000 -0.000000000000000 0.000000000000001 -0.000000000000001 -0.000000000000001 0.000000000000001 -0.000000000000001 0.000000000000000 -0.000000000000000 -0.000000000000000 0.000000000000001 0.000000000000001 0.000000000000000 -0.000000000000000 0.000000000000000 0.000000000000000 -0.000000000000001 0.000000000000001 0.000000000000001 -0.000000000000001 0.000000000000000 -0.000000000000000 0.000000000000000 0.000000000000001 -0.000000000000000 -0.000000000000001 0.000000000000000 0.000000000000000 0.000000000000000 0.000000000000000 -0.000000000000000 0.000000000000000 0.000000000000000 -0.000000000000000 -0.000000000000000 -0.000000000000000 
-0.000000000000002 -0.000000000000001 -0.000000000000001 0.000000000000001 0.000000000000001 -0.000000000000002 0.000000000000000 -0.000000000000000 0.000000000000000 0.000000000000002 0.000000000000001 -0.000000000000002 0.000000000000001 -0.000000000000000 -0.000000000000001 0.000000000000001 -0.000000000000001 0.000000000000001 0.000000000000001 -0.000000000000001 0.000000000000000 0.000000000000002 0.000000000000001 -0.000000000000002 -0.000000000000003 0.000000000000001 0.000000000000003 -0.000000000000000 0.000000000000002 -0.000000000000001 0.000000000000002 -0.000000000000000 -0.000000000000001 0.000000000000002 -0.000000000000001 -0.000000000000003 -0.000000000000000 -0.000000000000002 0.000000000000001 0.000000000000001 -0.000000000000004 0.000000000000001 0.000000000000001 0.000000000000000 0.000000000000000 0.000000000000000 -0.000000000000001 0.000000000000001 0.000000000000000 -0.000000000000001 0.000000000000002 0.000000000000001 -0.000000000000001 -0.000000000000001 0.000000000000001 0.000000000000001 0.000000000000002 -0.000000000000007 0.000000000000003 0.000000000000001 0.000000000000001 0.000000000000001 -0.000000000000003 -0.000000000000002 0.000000000000003 0.000000000000001 -0.000000000000002 -0.000000000000002 0.000000000000001 0.000000000000002 -0.000000000000002 0.000000000000001 0.000000000000000 0.000000000000001 0.000000000000002 -0.000000000000002 0.000000000000002 0.000000000000001 -0.000000000000004 0.000000000000001 0.000000000000004 0.000000000000001 -0.000000000000002 -0.000000000000002 -0.000000000000002 0.000000000000004 0.000000000000001 -0.000000000000002 -0.000000000000001 0.000000000000001 0.000000000000001 0.000000000000001 -0.000000000000003 0.000000000000001 0.000000000000001 0.000000000000001 -0.000000000000001 -0.000000000000001 0.000000000000000 -0.000000000000002 0.000000000000001 0.000000000000001 0.000000000000000 -0.000000000000001 -0.000000000000001 -0.000000000000002 0.000000000000006 -0.000000000000002 -0.000000000000004 0.000000000000001 0.000000000000001 0.000000000000001 0.000000000000002 -0.000000000000002 -0.000000000000001 0.000000000000001 0.000000000000003 -0.000000000000002 -0.000000000000001 0.000000000000002 0.000000000000000 0.000000000000002 0.000000000000000 -0.000000000000003 0.000000000000001 -0.000000000000000 -0.000000000000000 0.000000000000003 -0.000000000000001 -0.000000000000002 -0.000000000000000 0.000000000000001 0.000000000000001 0.000000000000000 -0.000000000000003 -0.000000000000002 0.000000000000001 0.000000000000003 -0.000000000000001 -0.000000000000001 -0.000000000000001 0.000000000000002 -0.000000000000001 -0.000000000000002 -0.000000000000001 0.000000000000001 0.000000000000001 0.000000000000002 0.000000000000000 -0.000000000000001 -0.000000000000001 0.000000000000001 -0.000000000000000 -0.000000000000001 -0.000000000000001 0.000000000000002 -0.000000000000004 0.000000000000003 -0.000000000000000 -0.000000000000003 0.000000000000002 0.000000000000003 -0.000000000000006 0.000000000000001 -0.000000000000002 -0.000000000000001 0.000000000000006 -0.000000000000003 -0.000000000000001 0.000000000000001 0.000000000000005 -0.000000000000001 -0.000000000000002 -0.000000000000002 0.000000000000000 -0.000000000000003 0.000000000000003 0.000000000000000 0.000000000000002 -0.000000000000001 -0.000000000000002 0.000000000000002 0.000000000000006 -0.000000000000004 0.000000000000002 -0.000000000000003 -0.000000000000000 0.000000000000005 -0.000000000000003 -0.000000000000001 0.000000000000002 -0.000000000000001 0.000000000000001 0.000000000000000 -0.000000000000002 0.000000000000001 0.000000000000001 0.000000000000003 -0.000000000000000 -0.000000000000002 0.000000000000000 0.000000000000000 0.000000000000001 0.000000000000002 -0.000000000000002 -0.000000000000001 0.000000000000000 0.000000000000001 -0.000000000000001 0.000000000000000 -0.000000000000001 -0.000000000000001 0.000000000000002 -0.000000000000000 -0.000000000000002 0.000000000000002 -0.000000000000000 -0.000000000000004 0.000000000000002 -0.000000000000000 0.000000000000004 0.000000000000003 -0.000000000000007 0.000000000000002 -0.000000000000000 -0.000000000000001 0.000000000000000 0.000000000000003 -0.000000000000002 -0.000000000000002 0.000000000000000 0.000000000000002 0.000000000000002 0.000000000000002 -0.000000000000003 -0.000000000000001 0.000000000000004 -0.000000000000000 -0.000000000000000 -0.000000000000001 -0.000000000000001 0.000000000000001 0.000000000000001 -0.000000000000001 -0.000000000000000 -0.000000000000002 -0.000000000000003 -0.000000000000000 0.000000000000004 0.000000000000001 -0.000000000000002 0.000000000000000 -0.000000000000001 0.000000000000003 0.000000000000004 -0.000000000000004 -0.000000000000003 0.000000000000004 -0.000000000000000 -0.000000000000001 0.000000000000002 -0.000000000000002 0.000000000000004 0.000000000000003 -0.000000000000007 0.000000000000001 0.000000000000004 -0.000000000000001 -0.000000000000003 -0.000000000000001 -0.000000000000000 0.000000000000005 -0.000000000000001 0.000000000000002 -0.000000000000001 0.000000000000002 -0.000000000000004 -0.000000000000002 0.000000000000004 -0.000000000000001 -0.000000000000005 0.000000000000001 -0.000000000000005 0.000000000000004 0.000000000000003 -0.000000000000007 0.000000000000002 0.000000000000001 0.000000000000001 0.000000000000000 -0.000000000000002 -0.000000000000002 0.000000000000002 -0.000000000000000 0.000000000000001 0.000000000000001 -0.000000000000000 -0.000000000000000 -0.000000000000000 0.000000000000001 0.000000000000000 0.000000000000000 -0.000000000000003 0.000000000000001 0.000000000000001 0.000000000000001 -0.000000000000000 -0.000000000000001 0.000000000000000 0.000000000000001 -0.000000000000000 -0.000000000000001 -0.000000000000001 0.000000000000001 0.000000000000000 -0.000000000000000 -0.000000000000000 0.000000000000001 0.000000000000000 -0.000000000000001 -0.000000000000000 0.000000000000000 -0.000000000000001 -0.000000000000001 0.000000000000001 0.000000000000001 0.000000000000001 -0.000000000000001 -0.000000000000000 0.000000000000001 0.000000000000001 0.000000000000000 -0.000000000000001 -0.000000000000000 0.000000000000001 0.000000000000000 -0.000000000000000 -0.000000000000001 0.000000000000001 0.000000000000001 0.000000000000000 -0.000000000000001 1.000000000000000 
******************************************
Plotting triangulation
6 4
5 1 2 0 
5 4 2 0 
5 3 1 2 
5 3 7 2 
5 6 4 2 
5 6 7 2 
******************************************
C0 overlapping patch forward matrix
9 9
1.255804304750247 -6.157822104774397 1.306470853991201 -0.208546852947764 0.098628109164109 -0.208546852947810 1.306470853991550 -6.157822104776076 1.255804304750590 
1.274261725651170 -6.188768008485522 1.276905530669793 -0.160282396204260 0.000000000000011 0.160282396204209 -1.276905530669450 6.188768008483883 -1.274261725650832 
1.408265695151000 -0.326898049192792 -1.640007123628732 0.830491559145017 -0.556038092143733 0.830491559145049 -1.640007123628808 -0.326898049192808 1.408265695151065 
-1.621757012545533 0.158426242336653 1.763233721284032 -0.609545115326404 0.000000000000005 0.609545115326384 -1.763233721283968 -0.158426242336654 1.621757012545473 
1.235983036379474 0.789759956703495 -0.274439397044844 -1.117092822506835 1.337360092123188 -1.117092822506829 -0.274439397044859 0.789759956703496 1.235983036379486 
-1.525858931144019 -1.428284823546159 -0.573585982060334 1.457255150707146 -0.000000000000006 -1.457255150707142 0.573585982060335 1.428284823546166 1.525858931144028 
1.344952146395538 1.633216406654163 1.433259195132218 -0.125999738601721 -1.640500139780839 -0.125999738601710 1.433259195132216 1.633216406654156 1.344952146395532 
-0.434072512969017 -0.662625583346843 -0.863880337511006 -1.192295828799856 -1.356543578661963 -1.192295828799848 -0.863880337511002 -0.662625583346836 -0.434072512969011 
-0.959151782721557 -1.351767854175034 -1.557028854198142 -1.329147966478085 -0.000000000000004 1.329147966478085 1.557028854198151 1.351767854175042 0.959151782721562 
******************************************
C0 overlapping patch diagonal scaling
9 1
186.169056919401271 
184.823944135980071 
51.735672644725611 
47.866728064349758 
26.666939891567516 
18.117513889893004 
10.109186109634672 
1.124586146397032 
4.497255621503385 
******************************************
C0 overlapping patch backward matrix
9 9
0.138257762094844 0.139732482232638 0.419900910055063 -0.462953697730444 0.418132317616869 -0.413124135055655 0.338530448998423 -0.159236000048760 -0.257482819316238 
-0.677945361680843 -0.678645444950257 -0.097470803147385 0.045225033183098 0.267175318218562 -0.386706084223807 0.411087847949071 -0.243078850352496 -0.362879999207686 
0.143835895315620 0.140022395545072 -0.488998976599123 0.503340244510603 -0.092842682912443 -0.155297588710288 0.360757726703932 -0.316907533548073 -0.417981998634363 
-0.022959963643551 -0.017576182842949 0.247626682009498 -0.174003357402449 -0.377911829790312 0.394549759092025 -0.031714695721210 -0.437384107448568 -0.356807725182084 
0.010858460670261 0.000000000000001 -0.165793217657978 0.000000000000002 0.452428114584652 -0.000000000000001 -0.412921196036856 -0.497637069623389 0.000000000000002 
-0.022959963643556 0.017576182842943 0.247626682009506 0.174003357402442 -0.377911829790311 -0.394549759092025 -0.031714695721210 -0.437384107448568 0.356807725182086 
0.143835895315658 -0.140022395545033 -0.488998976599141 -0.503340244510581 -0.092842682912447 0.155297588710289 0.360757726703930 -0.316907533548074 0.417981998634364 
-0.677945361681024 0.678645444950073 -0.097470803147390 -0.045225033183097 0.267175318218563 0.386706084223809 0.411087847949066 -0.243078850352495 0.362879999207686 
0.138257762094880 -0.139732482232600 0.419900910055079 0.462953697730423 0.418132317616874 0.413124135055658 0.338530448998420 -0.159236000048760 0.257482819316238 
******************************************
IPDG overlapping patch forward matrix
9 9
10.469894923045535 -10.522823132756720 -0.108981713651700 0.038395815346983 -0.000000000000017 -0.038395815346941 0.108981713651627 10.522823132751951 -10.469894923040810 
10.530242769859154 -10.445783752346257 -0.167469272406571 0.093504556678288 -0.072725353044951 0.093504556678305 -0.167469272406622 -10.445783752350971 10.530242769863928 
8.965639973334222 9.271288390839445 -2.142112807139865 0.343427571672556 -0.158157320350845 0.343427571672539 -2.142112807139703 9.271288390838654 8.965639973333444 
-9.133934272318793 -9.224817402289528 2.121000839394559 -0.275860422515503 -0.000000000000008 0.275860422515532 -2.121000839394690 9.224817402290016 9.133934272319253 
-1.595816965633074 -1.293611554514221 -1.673326167617316 1.454941951991112 -1.152167821757350 1.454941951991154 -1.673326167617383 -1.293611554514285 -1.595816965633144 
-1.857663369341388 -1.662532247257808 -2.347339713825801 1.343938385493559 -0.000000000000021 -1.343938385493512 2.347339713825737 1.662532247257775 1.857663369341344 
-0.972512002859955 -0.940259669592840 -1.678827451980193 -0.650689840386822 1.782601289305165 -0.650689840386819 -1.678827451980194 -0.940259669592837 -0.972512002859952 
-0.287320426497031 -0.275333784305858 -0.607679850103969 -1.163019251338862 -1.460552961600456 -1.163019251338863 -0.607679850103973 -0.275333784305859 -0.287320426497032 
0.640489069056399 0.614180630096106 1.256118804304231 1.588161147813531 0.000000000000004 -1.588161147813531 -1.256118804304239 -0.614180630096112 -0.640489069056407 
******************************************
IPDG overlapping patch diagonal scaling
9 1
1778.411265731418553 
1759.350661422820622 
170.996154758148919 
169.715276820156788 
38.847695184774665 
32.291351928148295 
16.910193500775272 
1.895295133490769 
7.582105520287195 
******************************************
IPDG overlapping patch backward matrix
9 9
0.498722673259181 0.501964173140124 0.484723259103494 -0.490900419589217 -0.360445721600069 -0.357096386257632 -0.266455437213768 -0.118350995838984 0.204857473328721 
-0.501243854076371 -0.497938112030551 0.501248002179683 -0.495784904774470 -0.292186861199392 -0.319586566291086 -0.257618724107317 -0.113413543053650 0.196442840522311 
-0.005191231809701 -0.007983061424809 -0.115812357437104 0.113992521838407 -0.377952654313228 -0.451226278646707 -0.459976536442066 -0.250311181449649 0.401763803447206 
0.001828945162541 0.004457251224273 0.018567255912822 -0.014826031491306 0.328626410838792 0.258343652963785 -0.178280417517680 -0.479062655774267 0.507966014875536 
-0.000000000000001 -0.003466731252581 -0.008550703798005 -0.000000000000001 -0.260239094370673 -0.000000000000004 0.488409196516654 -0.601620635150964 0.000000000000001 
-0.001828945162539 0.004457251224274 0.018567255912821 0.014826031491308 0.328626410838801 -0.258343652963775 -0.178280417517678 -0.479062655774267 -0.507966014875535 
0.005191231809698 -0.007983061424812 -0.115812357437098 -0.113992521838417 -0.377952654313242 0.451226278646694 -0.459976536442064 -0.250311181449651 -0.401763803447206 
0.501243854076143 -0.497938112030775 0.501248002179655 0.495784904774510 -0.292186861199406 0.319586566291079 -0.257618724107316 -0.113413543053652 -0.196442840522312 
-0.498722673258954 0.501964173140350 0.484723259103465 0.490900419589255 -0.360445721600084 0.357096386257622 -0.266455437213767 -0.118350995838985 -0.204857473328721 
******************************************
Gauss Legendre 1D quadrature nodes
8 1
-0.960289856497536 
-0.796666477413627 
-0.525532409916329 
-0.183434642495650 
0.183434642495650 
0.525532409916329 
0.796666477413627 
0.960289856497536 
******************************************
Gauss Legendre 1D quadrature weights
8 1
0.101228536290376 
0.222381034453374 
0.313706645877888 
0.362683783378362 
0.362683783378362 
0.313706645877888 
0.222381034453374 
0.101228536290376 
******************************************
GLL to Gauss Legendre interpolation matrix
8 7
0.635043843762540 0.467470961575565 -0.154510224122981 0.084033567975046 -0.053131771919539 0.033957884656032 -0.012864261926664 
-0.066862801776256 0.976828067776356 0.124877637917871 -0.054609347929078 0.032348165984509 -0.020148763038660 0.007567041065257 
-0.038500583352691 0.144552852360654 0.970375468130946 -0.111230614320894 0.055315195677889 -0.032486681597878 0.011974363101973 
0.054649466145357 -0.166351684370149 0.470787442936852 0.778476479745010 -0.205998483031343 0.106144700294648 -0.037707921720375 
-0.037707921720375 0.106144700294648 -0.205998483031343 0.778476479745009 0.470787442936853 -0.166351684370149 0.054649466145357 
0.011974363101973 -0.032486681597878 0.055315195677888 -0.111230614320893 0.970375468130947 0.144552852360653 -0.038500583352690 
0.007567041065257 -0.020148763038660 0.032348165984509 -0.054609347929077 0.124877637917868 0.976828067776357 -0.066862801776255 
-0.012864261926664 0.033957884656032 -0.053131771919539 0.084033567975046 -0.154510224122982 0.467470961575563 0.635043843762543 
******************************************
GLL to Gauss Legendre differentiation matrix
8 7
-7.958966822480725 9.507400424306971 -2.268885913846732 1.150494690382493 -0.709270058021661 0.448517129348521 -0.169289449688872 
-1.573449912492710 -1.317864285732594 3.933772929508256 -1.622212949682413 0.945884167908048 -0.585628092942298 0.219498143433711 
0.718473280051537 -2.867313331279468 1.055813690918920 1.629628957438891 -0.860045354081484 0.513813893862965 -0.190371136911360 
-0.205829193983171 0.680014110301996 -2.846094661705684 2.265227547936946 0.207777413964847 -0.165074754366131 0.063979537851197 
-0.063979537851197 0.165074754366130 -0.207777413964844 -2.265227547936949 2.846094661705685 -0.680014110301994 0.205829193983171 
0.190371136911360 -0.513813893862965 0.860045354081483 -1.629628957438891 -1.055813690918920 2.867313331279465 -0.718473280051534 
-0.219498143433712 0.585628092942298 -0.945884167908048 1.622212949682414 -3.933772929508258 1.317864285732592 1.573449912492713 
0.169289449688875 -0.448517129348520 0.709270058021663 -1.150494690382511 2.268885913846765 -9.507400424306995 7.958966822480727 
******************************************
Gauss Legendre to Gauss Legendre differentiation matrix
8 8
-12.336177007390164 19.623631827774410 -12.347142840642711 8.584781486527872 -5.831065317519073 3.612822620384687 -1.827526892720910 0.520676123585901 
-1.903399269213866 -2.180720939958538 6.166016293603689 -3.387036628665435 2.119208563829787 -1.264421785526866 0.627615211855337 -0.177261445924110 
0.428488794236262 -2.206109949908643 -0.726058332236426 3.631663393943800 -1.752386002797822 0.951416107865937 -0.452391519760612 0.125377508657504 
-0.193014788318655 0.785110384657958 -2.352848325643208 -0.189821817909740 2.725766481169760 -1.135319556167890 0.491229600718673 -0.131101978506898 
0.131101978506898 -0.491229600718673 1.135319556167889 -2.725766481169755 0.189821817909735 2.352848325643210 -0.785110384657957 0.193014788318654 
-0.125377508657505 0.452391519760612 -0.951416107865936 1.752386002797822 -3.631663393943807 0.726058332236440 2.206109949908634 -0.428488794236261 
0.177261445924109 -0.627615211855339 1.264421785526868 -2.119208563829789 3.387036628665444 -6.166016293603694 2.180720939958541 1.903399269213862 
-0.520676123585903 1.827526892720923 -3.612822620384691 5.831065317519080 -8.584781486527895 12.347142840642720 -19.623631827774378 12.336177007390154 
******************************************
Quadrature r-coordinates
8 1
-1.000000000000000 
-0.871740148509607 
-0.591700181433142 
-0.209299217902479 
0.209299217902479 
0.591700181433142 
0.871740148509607 
1.000000000000000 
******************************************
Quadrature weights
8 1
0.035714285714286 
0.210704227143506 
0.341122692483504 
0.412458794658704 
0.412458794658703 
0.341122692483504 
0.210704227143506 
0.035714285714286 
******************************************
Quadrature Interpolation Matrix
8 7
1.000000000000000 -0.000000000000000 0.000000000000000 0.000000000000000 0.000000000000000 0.000000000000000 0.000000000000000 
0.128433602859009 0.956674900332022 -0.123113292808042 0.060468936234215 -0.036999619950215 0.023336307595283 -0.008800834262272 
-0.085837229986902 0.354271682500220 0.859010181185142 -0.189540995414517 0.099505629187958 -0.059428065885543 0.022018798413642 
0.059307992203996 -0.182095658851632 0.544037159718680 0.716981191468132 -0.208220936329820 0.108768806449492 -0.038778554658848 
-0.038778554658848 0.108768806449492 -0.208220936329820 0.716981191468131 0.544037159718681 -0.182095658851632 0.059307992203996 
0.022018798413642 -0.059428065885543 0.099505629187957 -0.189540995414516 0.859010181185142 0.354271682500219 -0.085837229986902 
-0.008800834262272 0.023336307595283 -0.036999619950215 0.060468936234215 -0.123113292808044 0.956674900332022 0.128433602859010 
0.000000000000000 -0.000000000000000 0.000000000000000 0.000000000000000 0.000000000000000 0.000000000000000 1.000000000000000 
******************************************
Quadrature Weak D Differentiation Matrix
8 8
-13.999999999999986 -3.209915703002984 0.792476681320514 -0.372150435728595 0.243330712723791 -0.203284568900592 0.219957514771305 -0.499999999999997 
18.937598607117359 -0.000000000000011 -2.806475794736433 1.078944688790453 -0.661157350900311 0.537039586157660 -0.573565414940265 1.297687388320230 
-7.569289819348488 4.543585064566570 -0.000000000000000 -2.378187233515506 1.135358016881110 -0.845022556506510 0.869448098331494 -1.941659425544115 
4.297908164265169 -2.112061214314544 2.875517405972505 -0.000000000000001 -2.388924359158236 1.372785831806028 -1.294232050913501 2.810188989257946 
-2.810188989257946 1.294232050913503 -1.372785831806030 2.388924359158241 -0.000000000000006 -2.875517405972509 2.112061214314547 -4.297908164265182 
1.941659425544122 -0.869448098331493 0.845022556506512 -1.135358016881113 2.378187233515510 0.000000000000008 -4.543585064566572 7.569289819348489 
-1.297687388320231 0.573565414940264 -0.537039586157661 0.661157350900311 -1.078944688790452 2.806475794736428 0.000000000000009 -18.937598607117366 
0.500000000000000 -0.219957514771304 0.203284568900593 -0.243330712723791 0.372150435728594 -0.792476681320512 3.209915703002984 13.999999999999989 
******************************************
Quadrature Differentiation Matrix
8 8
-13.999999999999986 18.937598607117359 -7.569289819348488 4.297908164265169 -2.810188989257946 1.941659425544122 -1.297687388320231 0.500000000000000 
-3.209915703002984 -0.000000000000011 4.543585064566570 -2.112061214314544 1.294232050913503 -0.869448098331493 0.573565414940264 -0.219957514771304 
0.792476681320514 -2.806475794736433 -0.000000000000000 2.875517405972505 -1.372785831806030 0.845022556506512 -0.537039586157661 0.203284568900593 
-0.372150435728595 1.078944688790453 -2.378187233515506 -0.000000000000001 2.388924359158241 -1.135358016881113 0.661157350900311 -0.243330712723791 
0.243330712723791 -0.661157350900311 1.135358016881110 -2.388924359158236 -0.000000000000006 2.378187233515510 -1.078944688790452 0.372150435728594 
-0.203284568900592 0.537039586157660 -0.845022556506510 1.372785831806028 -2.875517405972509 0.000000000000008 2.806475794736428 -0.792476681320512 
0.219957514771305 -0.573565414940265 0.869448098331494 -1.294232050913501 2.112061214314547 -4.543585064566572 0.000000000000009 3.209915703002984 
-0.499999999999997 1.297687388320230 -1.941659425544115 2.810188989257946 -4.297908164265182 7.569289819348489 -18.937598607117366 13.999999999999989 
******************************************
Quadrature Projection Matrix
7 8
1.000000000000000 0.128433602859009 -0.085837229986902 0.059307992203996 -0.038778554658848 0.022018798413642 -0.008800834262272 0.000000000000000 
-0.000000000000000 0.956674900332022 0.354271682500220 -0.182095658851632 0.108768806449492 -0.059428065885543 0.023336307595283 -0.000000000000000 
0.000000000000000 -0.123113292808042 0.859010181185142 0.544037159718680 -0.208220936329820 0.099505629187957 -0.036999619950215 0.000000000000000 
0.000000000000000 0.060468936234215 -0.189540995414517 0.716981191468132 0.716981191468131 -0.189540995414516 0.060468936234215 0.000000000000000 
0.000000000000000 -0.036999619950215 0.099505629187958 -0.208220936329820 0.544037159718681 0.859010181185142 -0.123113292808044 0.000000000000000 
0.000000000000000 0.023336307595283 -0.059428065885543 0.108768806449492 -0.182095658851632 0.354271682500219 0.956674900332022 0.000000000000000 
0.000000000000000 -0.008800834262272 0.022018798413642 -0.038778554658848 0.059307992203996 -0.085837229986902 0.128433602859010 1.000000000000000 
******************************************
1D degree raise matrix
8 7
1.000000000000000 -0.000000000000000 0.000000000000000 0.000000000000000 0.000000000000000 0.000000000000000 0.000000000000000 
0.128433602859009 0.956674900332022 -0.123113292808042 0.060468936234215 -0.036999619950215 0.023336307595283 -0.008800834262272 
-0.085837229986902 0.354271682500220 0.859010181185142 -0.189540995414517 0.099505629187958 -0.059428065885543 0.022018798413642 
0.059307992203996 -0.182095658851632 0.544037159718680 0.716981191468132 -0.208220936329820 0.108768806449492 -0.038778554658848 
-0.038778554658848 0.108768806449492 -0.208220936329820 0.716981191468131 0.544037159718681 -0.182095658851632 0.059307992203996 
0.022018798413642 -0.059428065885543 0.099505629187957 -0.189540995414516 0.859010181185142 0.354271682500219 -0.085837229986902 
-0.008800834262272 0.023336307595283 -0.036999619950215 0.060468936234215 -0.123113292808044 0.956674900332022 0.128433602859010 
0.000000000000000 -0.000000000000000 0.000000000000000 0.000000000000000 0.000000000000000 0.000000000000000 1.000000000000000 
******************************************
1D degree lower matrix
6 7
1.000000000000000 -0.000000000000000 0.000000000000000 0.000000000000000 0.000000000000000 0.000000000000000 0.000000000000000 
-0.105826901146472 0.919891495175433 0.252749645817595 -0.103996524096388 0.060674159852915 -0.037578384208406 0.014086508605325 
0.063642410961030 -0.201249454444259 0.745971049663792 0.510345730445594 -0.181642685858651 0.098327031144441 -0.035394081911946 
-0.035394081911946 0.098327031144441 -0.181642685858651 0.510345730445594 0.745971049663792 -0.201249454444259 0.063642410961030 
0.014086508605324 -0.037578384208406 0.060674159852915 -0.103996524096388 0.252749645817595 0.919891495175432 -0.105826901146472 
0.000000000000000 -0.000000000000000 0.000000000000000 0.000000000000000 0.000000000000000 0.000000000000000 1.000000000000000 
******************************************
SEMFEM reference mesh
216 8
0 1 8 7 49 50 57 56 
1 2 9 8 50 51 58 57 
2 3 10 9 51 52 59 58 
3 4 11 10 52 53 60 59 
4 5 12 11 53 54 61 60 
5 6 13 12 54 55 62 61 
7 8 15 14 56 57 64 63 
8 9 16 15 57 58 65 64 
9 10 17 16 58 59 66 65 
10 11 18 17 59 60 67 66 
11 12 19 18 60 61 68 67 
12 13 20 19 61 62 69 68 
14 15 22 21 63 64 71 70 
15 16 23 22 64 65 72 71 
16 17 24 23 65 66 73 72 
17 18 25 24 66 67 74 73 
18 19 26 25 67 68 75 74 
19 20 27 26 68 69 76 75 
21 22 29 28 70 71 78 77 
22 23 30 29 71 72 79 78 
23 24 31 30 72 73 80 79 
24 25 32 31 73 74 81 80 
25 26 33 32 74 75 82 81 
26 27 34 33 75 76 83 82 
28 29 36 35 77 78 85 84 
29 30 37 36 78 79 86 85 
30 31 38 37 79 80 87 86 
31 32 39 38 80 81 88 87 
32 33 40 39 81 82 89 88 
33 34 41 40 82 83 90 89 
35 36 43 42 84 85 92 91 
36 37 44 43 85 86 93 92 
37 38 45 44 86 87 94 93 
38 39 46 45 87 88 95 94 
39 40 47 46 88 89 96 95 
40 41 48 47 89 90 97 96 
49 50 57 56 98 99 106 105 
50 51 58 57 99 100 107 106 
51 52 59 58 100 101 108 107 
52 53 60 59 101 102 109 108 
53 54 61 60 102 103 110 109 
54 55 62 61 103 104 111 110 
56 57 64 63 105 106 113 112 
57 58 65 64 106 107 114 113 
58 59 66 65 107 108 115 114 
59 60 67 66 108 109 116 115 
60 61 68 67 109 110 117 116 
61 62 69 68 110 111 118 117 
63 64 71 70 112 113 120 119 
64 65 72 71 113 114 121 120 
65 66 73 72 114 115 122 121 
66 67 74 73 115 116 123 122 
67 68 75 74 116 117 124 123 
68 69 76 75 117 118 125 124 
70 71 78 77 119 120 127 126 
71 72 79 78 120 121 128 127 
72 73 80 79 121 122 129 128 
73 74 81 80 122 123 130 129 
74 75 82 81 123 124 131 130 
75 76 83 82 124 125 132 131 
77 78 85 84 126 127 134 133 
78 79 86 85 127 128 135 134 
79 80 87 86 128 129 136 135 
80 81 88 87 129 130 137 136 
81 82 89 88 130 131 138 137 
82 83 90 89 131 132 139 138 
84 85 92 91 133 134 141 140 
85 86 93 92 134 135 142 141 
86 87 94 93 135 136 143 142 
87 88 95 94 136 137 144 143 
88 89 96 95 137 138 145 144 
89 90 97 96 138 139 146 145 
98 99 106 105 147 148 155 154 
99 100 107 106 148 149 156 155 
100 101 108 107 149 150 157 156 
101 102 109 108 150 151 158 157 
102 103 110 109 151 152 159 158 
103 104 111 110 152 153 160 159 
105 106 113 112 154 155 162 161 
106 107 114 113 155 156 163 162 
107 108 115 114 156 157 164 163 
108 109 116 115 157 158 165 164 
109 110 117 116 158 159 166 165 
110 111 118 117 159 160 167 166 
112 113 120 119 161 162 169 168 
113 114 121 120 162 163 170 169 
114 115 122 121 163 164 171 170 
115 116 123 122 164 165 172 171 
116 117 124 123 165 166 173 172 
117 118 125 124 166 167 174 173 
119 120 127 126 168 169 176 175 
120 121 128 127 169 170 177 176 
121 122 129 128 170 171 178 177 
122 123 130 129 171 172 179 178 
123 124 131 130 172 173 180 179 
124 125 132 131 173 174 181 180 
126 127 134 133 175 176 183 182 
127 128 135 134 176 177 184 183 
128 129 136 135 177 178 185 184 
129 130 137 136 178 179 186 185 
130 131 138 137 179 180 187 186 
131 132 139 138 180 181 188 187 
133 134 141 140 182 183 190 189 
134 135 142 141 183 184 191 190 
135 136 143 142 184 185 192 191 
136 137 144 143 185 186 193 192 
137 138 145 144 186 187 194 193 
138 139 146 145 187 188 195 194 
147 148 155 154 196 197 204 203 
148 149 156 155 197 198 205 204 
149 150 157 156 198 199 206 205 
150 151 158 157 199 200 207 206 
151 152 159 158 200 201 208 207 
152 153 160 159 201 202 209 208 
154 155 162 161 203 204 211 210 
155 156 163 162 204 205 212 211 
156 157 164 163 205 206 213 212 
157 158 165 164 206 207 214 213 
158 159 166 165 207 208 215 214 
159 160 167 166 208 209 216 215 
161 162 169 168 210 211 218 217 
162 163 170 169 211 212 219 218 
163 164 171 170 212 213 220 219 
164 165 172 171 213 214 221 220 
165 166 173 172 214 215 222 221 
166 167 174 173 215 216 223 222 
168 169 176 175 217 218 225 224 
169 170 177 176 218 219 226 225 
170 171 178 177 219 220 227 226 
171 172 179 178 220 221 228 227 
172 173 180 179 221 222 229 228 
173 174 181 180 222 223 230 229 
175 176 183 182 224 225 232 231 
176 177 184 183 225 226 233 232 
177 178 185 184 226 227 234 233 
178 179 186 185 227 228 235 234 
179 180 187 186 228 229 236 235 
180 181 188 187 229 230 237 236 
182 183 190 189 231 232 239 238 
183 184 191 190 232 233 240 239 
184 185 192 191 233 234 241 240 
185 186 193 192 234 235 242 241 
186 187 194 193 235 236 243 242 
187 188 195 194 236 237 244 243 
196 197 204 203 245 246 253 252 
197 198 205 204 246 247 254 253 
198 199 206 205 247 248 255 254 
199 200 207 206 248 249 256 255 
200 201 208 207 249 250 257 256 
201 202 209 208 250 251 258 257 
203 204 211 210 252 253 260 259 
204 205 212 211 253 254 261 260 
205 206 213 212 254 255 262 261 
206 207 214 213 255 256 263 262 
207 208 215 214 256 257 264 263 
208 209 216 215 257 258 265 264 
210 211 218 217 259 260 267 266 
211 212 219 218 260 261 268 267 
212 213 220 219 261 262 269 268 
213 214 221 220 262 263 270 269 
214 215 222 221 263 264 271 270 
215 216 223 222 264 265 272 271 
217 218 225 224 266 267 274 273 
218 219 226 225 267 268 275 274 
219 220 227 226 268 269 276 275 
220 221 228 227 269 270 277 276 
221 222 229 228 270 271 278 277 
222 223 230 229 271 272 279 278 
224 225 232 231 273 274 281 280 
225 226 233 232 274 275 282 281 
226 227 234 233 275 276 283 282 
227 228 235 234 276 277 284 283 
228 229 236 235 277 278 285 284 
229 230 237 236 278 279 286 285 
231 232 239 238 280 281 288 287 
232 233 240 239 281 282 289 288 
233 234 241 240 282 283 290 289 
234 235 242 241 283 284 291 290 
235 236 243 242 284 285 292 291 
236 237 244 243 285 286 293 292 
245 246 253 252 294 295 302 301 
246 247 254 253 295 296 303 302 
247 248 255 254 296 297 304 303 
248 249 256 255 297 298 305 304 
249 250 257 256 298 299 306 305 
250 251 258 257 299 300 307 306 
252 253 260 259 301 302 309 308 
253 254 261 260 302 303 310 309 
254 255 262 261 303 304 311 310 
255 256 263 262 304 305 312 311 
256 257 264 263 305 306 313 312 
257 258 265 264 306 307 314 313 
259 260 267 266 308 309 316 315 
260 261 268 267 309 310 317 316 
261 262 269 268 310 311 318 317 
262 263 270 269 311 312 319 318 
263 264 271 270 312 313 320 319 
264 265 272 271 313 314 321 320 
266 267 274 273 315 316 323 322 
267 268 275 274 316 317 324 323 
268 269 276 275 317 318 325 324 
269 270 277 276 318 319 326 325 
270 271 278 277 319 320 327 326 
271 272 279 278 320 321 328 327 
273 274 281 280 322 323 330 329 
274 275 282 281 323 324 331 330 
275 276 283 282 324 325 332 331 
276 277 284 283 325 326 333 332 
277 278 285 284 326 327 334 333 
278 279 286 285 327 328 335 334 
280 281 288 287 329 330 337 336 
281 282 289 288 330 331 338 337 
282 283 290 289 331 332 339 338 
283 284 291 290 332 333 340 339 
284 285 292 291 333 334 341 340 
285 286 293 292 334 335 342 341 
