% degree N
3
% number of nodes
16
% node coordinates
-1.000000000000000E+00 -1.000000000000000E+00
-4.472135954999579E-01 -1.000000000000000E+00
4.472135954999579E-01 -1.000000000000000E+00
1.000000000000000E+00 -1.000000000000000E+00
-1.000000000000000E+00 -4.472135954999579E-01
-4.472135954999579E-01 -4.472135954999579E-01
4.472135954999579E-01 -4.472135954999579E-01
1.000000000000000E+00 -4.472135954999579E-01
-1.000000000000000E+00 4.472135954999579E-01
-4.472135954999579E-01 4.472135954999579E-01
4.472135954999579E-01 4.472135954999579E-01
1.000000000000000E+00 4.472135954999579E-01
-1.000000000000000E+00 1.000000000000000E+00
-4.472135954999579E-01 1.000000000000000E+00
4.472135954999579E-01 1.000000000000000E+00
1.000000000000000E+00 1.000000000000000E+00
% r collocation differentation matrix
-3.000000000000000E+00 4.045084971874736E+00 -1.545084971874736E+00 4.999999999999996E-01 0.000000000000000E+00 0.000000000000000E+00 0.000000000000000E+00 0.000000000000000E+00 0.000000000000000E+00 0.000000000000000E+00 0.000000000000000E+00 0.000000000000000E+00 0.000000000000000E+00 0.000000000000000E+00 0.000000000000000E+00 0.000000000000000E+00 
-8.090169943749471E-01 0.000000000000000E+00 1.118033988749895E+00 -3.090169943749473E-01 0.000000000000000E+00 0.000000000000000E+00 0.000000000000000E+00 0.000000000000000E+00 0.000000000000000E+00 0.000000000000000E+00 0.000000000000000E+00 0.000000000000000E+00 0.000000000000000E+00 0.000000000000000E+00 0.000000000000000E+00 0.000000000000000E+00 
3.090169943749473E-01 -1.118033988749895E+00 0.000000000000000E+00 8.090169943749472E-01 0.000000000000000E+00 0.000000000000000E+00 0.000000000000000E+00 0.000000000000000E+00 0.000000000000000E+00 0.000000000000000E+00 0.000000000000000E+00 0.000000000000000E+00 0.000000000000000E+00 0.000000000000000E+00 0.000000000000000E+00 0.000000000000000E+00 
-4.999999999999997E-01 1.545084971874737E+00 -4.045084971874735E+00 2.999999999999999E+00 0.000000000000000E+00 0.000000000000000E+00 0.000000000000000E+00 0.000000000000000E+00 0.000000000000000E+00 0.000000000000000E+00 0.000000000000000E+00 0.000000000000000E+00 0.000000000000000E+00 0.000000000000000E+00 0.000000000000000E+00 0.000000000000000E+00 
0.000000000000000E+00 0.000000000000000E+00 0.000000000000000E+00 0.000000000000000E+00 -2.999999999999999E+00 4.045084971874736E+00 -1.545084971874736E+00 4.999999999999994E-01 0.000000000000000E+00 0.000000000000000E+00 0.000000000000000E+00 0.000000000000000E+00 0.000000000000000E+00 0.000000000000000E+00 0.000000000000000E+00 0.000000000000000E+00 
0.000000000000000E+00 0.000000000000000E+00 0.000000000000000E+00 0.000000000000000E+00 -8.090169943749473E-01 0.000000000000000E+00 1.118033988749895E+00 -3.090169943749474E-01 0.000000000000000E+00 0.000000000000000E+00 0.000000000000000E+00 0.000000000000000E+00 0.000000000000000E+00 0.000000000000000E+00 0.000000000000000E+00 0.000000000000000E+00 
0.000000000000000E+00 0.000000000000000E+00 0.000000000000000E+00 0.000000000000000E+00 3.090169943749472E-01 -1.118033988749895E+00 0.000000000000000E+00 8.090169943749472E-01 0.000000000000000E+00 0.000000000000000E+00 0.000000000000000E+00 0.000000000000000E+00 0.000000000000000E+00 0.000000000000000E+00 0.000000000000000E+00 0.000000000000000E+00 
0.000000000000000E+00 0.000000000000000E+00 0.000000000000000E+00 0.000000000000000E+00 -4.999999999999994E-01 1.545084971874736E+00 -4.045084971874735E+00 2.999999999999999E+00 0.000000000000000E+00 0.000000000000000E+00 0.000000000000000E+00 0.000000000000000E+00 0.000000000000000E+00 0.000000000000000E+00 0.000000000000000E+00 0.000000000000000E+00 
0.000000000000000E+00 0.000000000000000E+00 0.000000000000000E+00 0.000000000000000E+00 0.000000000000000E+00 0.000000000000000E+00 0.000000000000000E+00 0.000000000000000E+00 -3.000000000000000E+00 4.045084971874736E+00 -1.545084971874735E+00 4.999999999999994E-01 0.000000000000000E+00 0.000000000000000E+00 0.000000000000000E+00 0.000000000000000E+00 
0.000000000000000E+00 0.000000000000000E+00 0.000000000000000E+00 0.000000000000000E+00 0.000000000000000E+00 0.000000000000000E+00 0.000000000000000E+00 0.000000000000000E+00 -8.090169943749473E-01 0.000000000000000E+00 1.118033988749895E+00 -3.090169943749474E-01 0.000000000000000E+00 0.000000000000000E+00 0.000000000000000E+00 0.000000000000000E+00 
0.000000000000000E+00 0.000000000000000E+00 0.000000000000000E+00 0.000000000000000E+00 0.000000000000000E+00 0.000000000000000E+00 0.000000000000000E+00 0.000000000000000E+00 3.090169943749477E-01 -1.118033988749895E+00 0.000000000000000E+00 8.090169943749475E-01 0.000000000000000E+00 0.000000000000000E+00 0.000000000000000E+00 0.000000000000000E+00 
0.000000000000000E+00 0.000000000000000E+00 0.000000000000000E+00 0.000000000000000E+00 0.000000000000000E+00 0.000000000000000E+00 0.000000000000000E+00 0.000000000000000E+00 -4.999999999999985E-01 1.545084971874736E+00 -4.045084971874736E+00 3.000000000000000E+00 0.000000000000000E+00 0.000000000000000E+00 0.000000000000000E+00 0.000000000000000E+00 
0.000000000000000E+00 0.000000000000000E+00 0.000000000000000E+00 0.000000000000000E+00 0.000000000000000E+00 0.000000000000000E+00 0.000000000000000E+00 0.000000000000000E+00 0.000000000000000E+00 0.000000000000000E+00 0.000000000000000E+00 0.000000000000000E+00 -2.999999999999999E+00 4.045084971874736E+00 -1.545084971874735E+00 5.000000000000000E-01 
0.000000000000000E+00 0.000000000000000E+00 0.000000000000000E+00 0.000000000000000E+00 0.000000000000000E+00 0.000000000000000E+00 0.000000000000000E+00 0.000000000000000E+00 0.000000000000000E+00 0.000000000000000E+00 0.000000000000000E+00 0.000000000000000E+00 -8.090169943749471E-01 0.000000000000000E+00 1.118033988749895E+00 -3.090169943749473E-01 
0.000000000000000E+00 0.000000000000000E+00 0.000000000000000E+00 0.000000000000000E+00 0.000000000000000E+00 0.000000000000000E+00 0.000000000000000E+00 0.000000000000000E+00 0.000000000000000E+00 0.000000000000000E+00 0.000000000000000E+00 0.000000000000000E+00 3.090169943749473E-01 -1.118033988749895E+00 0.000000000000000E+00 8.090169943749471E-01 
0.000000000000000E+00 0.000000000000000E+00 0.000000000000000E+00 0.000000000000000E+00 0.000000000000000E+00 0.000000000000000E+00 0.000000000000000E+00 0.000000000000000E+00 0.000000000000000E+00 0.000000000000000E+00 0.000000000000000E+00 0.000000000000000E+00 -5.000000000000001E-01 1.545084971874737E+00 -4.045084971874735E+00 3.000000000000000E+00 
% s collocation differentation matrix
-3.000000000000000E+00 0.000000000000000E+00 0.000000000000000E+00 0.000000000000000E+00 4.045084971874736E+00 0.000000000000000E+00 0.000000000000000E+00 0.000000000000000E+00 -1.545084971874736E+00 0.000000000000000E+00 0.000000000000000E+00 0.000000000000000E+00 4.999999999999997E-01 0.000000000000000E+00 0.000000000000000E+00 0.000000000000000E+00 
0.000000000000000E+00 -3.000000000000000E+00 0.000000000000000E+00 0.000000000000000E+00 0.000000000000000E+00 4.045084971874735E+00 0.000000000000000E+00 0.000000000000000E+00 0.000000000000000E+00 -1.545084971874735E+00 0.000000000000000E+00 0.000000000000000E+00 0.000000000000000E+00 4.999999999999999E-01 0.000000000000000E+00 0.000000000000000E+00 
0.000000000000000E+00 0.000000000000000E+00 -3.000000000000000E+00 0.000000000000000E+00 0.000000000000000E+00 0.000000000000000E+00 4.045084971874736E+00 0.000000000000000E+00 0.000000000000000E+00 0.000000000000000E+00 -1.545084971874735E+00 0.000000000000000E+00 0.000000000000000E+00 0.000000000000000E+00 4.999999999999996E-01 0.000000000000000E+00 
0.000000000000000E+00 0.000000000000000E+00 0.000000000000000E+00 -3.000000000000000E+00 0.000000000000000E+00 0.000000000000000E+00 0.000000000000000E+00 4.045084971874736E+00 0.000000000000000E+00 0.000000000000000E+00 0.000000000000000E+00 -1.545084971874737E+00 0.000000000000000E+00 0.000000000000000E+00 0.000000000000000E+00 4.999999999999992E-01 
-8.090169943749473E-01 0.000000000000000E+00 0.000000000000000E+00 0.000000000000000E+00 0.000000000000000E+00 0.000000000000000E+00 0.000000000000000E+00 0.000000000000000E+00 1.118033988749895E+00 0.000000000000000E+00 0.000000000000000E+00 0.000000000000000E+00 -3.090169943749473E-01 0.000000000000000E+00 0.000000000000000E+00 0.000000000000000E+00 
0.000000000000000E+00 -8.090169943749471E-01 0.000000000000000E+00 0.000000000000000E+00 0.000000000000000E+00 0.000000000000000E+00 0.000000000000000E+00 0.000000000000000E+00 0.000000000000000E+00 1.118033988749895E+00 0.000000000000000E+00 0.000000000000000E+00 0.000000000000000E+00 -3.090169943749473E-01 0.000000000000000E+00 0.000000000000000E+00 
0.000000000000000E+00 0.000000000000000E+00 -8.090169943749473E-01 0.000000000000000E+00 0.000000000000000E+00 0.000000000000000E+00 0.000000000000000E+00 0.000000000000000E+00 0.000000000000000E+00 0.000000000000000E+00 1.118033988749895E+00 0.000000000000000E+00 0.000000000000000E+00 0.000000000000000E+00 -3.090169943749473E-01 0.000000000000000E+00 
0.000000000000000E+00 0.000000000000000E+00 0.000000000000000E+00 -8.090169943749471E-01 0.000000000000000E+00 0.000000000000000E+00 0.000000000000000E+00 0.000000000000000E+00 0.000000000000000E+00 0.000000000000000E+00 0.000000000000000E+00 1.118033988749895E+00 0.000000000000000E+00 0.000000000000000E+00 0.000000000000000E+00 -3.090169943749472E-01 
3.090169943749473E-01 0.000000000000000E+00 0.000000000000000E+00 0.000000000000000E+00 -1.118033988749895E+00 0.000000000000000E+00 0.000000000000000E+00 0.000000000000000E+00 0.000000000000000E+00 0.000000000000000E+00 0.000000000000000E+00 0.000000000000000E+00 8.090169943749472E-01 0.000000000000000E+00 0.000000000000000E+00 0.000000000000000E+00 
0.000000000000000E+00 3.090169943749472E-01 0.000000000000000E+00 0.000000000000000E+00 0.000000000000000E+00 -1.118033988749895E+00 0.000000000000000E+00 0.000000000000000E+00 0.000000000000000E+00 0.000000000000000E+00 0.000000000000000E+00 0.000000000000000E+00 0.000000000000000E+00 8.090169943749472E-01 0.000000000000000E+00 0.000000000000000E+00 
0.000000000000000E+00 0.000000000000000E+00 3.090169943749476E-01 0.000000000000000E+00 0.000000000000000E+00 0.000000000000000E+00 -1.118033988749895E+00 0.000000000000000E+00 0.000000000000000E+00 0.000000000000000E+00 0.000000000000000E+00 0.000000000000000E+00 0.000000000000000E+00 0.000000000000000E+00 8.090169943749473E-01 0.000000000000000E+00 
0.000000000000000E+00 0.000000000000000E+00 0.000000000000000E+00 3.090169943749471E-01 0.000000000000000E+00 0.000000000000000E+00 0.000000000000000E+00 -1.118033988749895E+00 0.000000000000000E+00 0.000000000000000E+00 0.000000000000000E+00 0.000000000000000E+00 0.000000000000000E+00 0.000000000000000E+00 0.000000000000000E+00 8.090169943749472E-01 
-5.000000000000003E-01 0.000000000000000E+00 0.000000000000000E+00 0.000000000000000E+00 1.545084971874736E+00 0.000000000000000E+00 0.000000000000000E+00 0.000000000000000E+00 -4.045084971874736E+00 0.000000000000000E+00 0.000000000000000E+00 0.000000000000000E+00 3.000000000000000E+00 0.000000000000000E+00 0.000000000000000E+00 0.000000000000000E+00 
0.000000000000000E+00 -4.999999999999996E-01 0.000000000000000E+00 0.000000000000000E+00 0.000000000000000E+00 1.545084971874736E+00 0.000000000000000E+00 0.000000000000000E+00 0.000000000000000E+00 -4.045084971874735E+00 0.000000000000000E+00 0.000000000000000E+00 0.000000000000000E+00 3.000000000000000E+00 0.000000000000000E+00 0.000000000000000E+00 
0.000000000000000E+00 0.000000000000000E+00 -5.000000000000001E-01 0.000000000000000E+00 0.000000000000000E+00 0.000000000000000E+00 1.545084971874736E+00 0.000000000000000E+00 0.000000000000000E+00 0.000000000000000E+00 -4.045084971874735E+00 0.000000000000000E+00 0.000000000000000E+00 0.000000000000000E+00 2.999999999999999E+00 0.000000000000000E+00 
0.000000000000000E+00 0.000000000000000E+00 0.000000000000000E+00 -4.999999999999995E-01 0.000000000000000E+00 0.000000000000000E+00 0.000000000000000E+00 1.545084971874737E+00 0.000000000000000E+00 0.000000000000000E+00 0.000000000000000E+00 -4.045084971874736E+00 0.000000000000000E+00 0.000000000000000E+00 0.000000000000000E+00 2.999999999999999E+00 
% faceNodes
0 1 2 3 
3 7 11 15 
12 13 14 15 
0 4 8 12 
% LIFT matrix
8.000000000000004E+00 0.000000000000000E+00 0.000000000000000E+00 0.000000000000000E+00 -2.000000000000003E+00 0.000000000000000E+00 0.000000000000000E+00 0.000000000000000E+00 -2.000000000000003E+00 0.000000000000000E+00 0.000000000000000E+00 0.000000000000000E+00 8.000000000000005E+00 0.000000000000000E+00 0.000000000000000E+00 0.000000000000000E+00 
0.000000000000000E+00 8.000000000000004E+00 0.000000000000000E+00 0.000000000000000E+00 8.944271909999167E-01 0.000000000000000E+00 0.000000000000000E+00 0.000000000000000E+00 0.000000000000000E+00 -2.000000000000003E+00 0.000000000000000E+00 0.000000000000000E+00 -8.944271909999167E-01 0.000000000000000E+00 0.000000000000000E+00 0.000000000000000E+00 
0.000000000000000E+00 0.000000000000000E+00 8.000000000000004E+00 0.000000000000000E+00 -8.944271909999167E-01 0.000000000000000E+00 0.000000000000000E+00 0.000000000000000E+00 0.000000000000000E+00 0.000000000000000E+00 -2.000000000000003E+00 0.000000000000000E+00 8.944271909999167E-01 0.000000000000000E+00 0.000000000000000E+00 0.000000000000000E+00 
0.000000000000000E+00 0.000000000000000E+00 0.000000000000000E+00 8.000000000000004E+00 8.000000000000005E+00 0.000000000000000E+00 0.000000000000000E+00 0.000000000000000E+00 0.000000000000000E+00 0.000000000000000E+00 0.000000000000000E+00 -2.000000000000003E+00 -2.000000000000003E+00 0.000000000000000E+00 0.000000000000000E+00 0.000000000000000E+00 
-8.944271909999169E-01 0.000000000000000E+00 0.000000000000000E+00 0.000000000000000E+00 0.000000000000000E+00 -2.000000000000003E+00 0.000000000000000E+00 0.000000000000000E+00 8.944271909999169E-01 0.000000000000000E+00 0.000000000000000E+00 0.000000000000000E+00 0.000000000000000E+00 8.000000000000005E+00 0.000000000000000E+00 0.000000000000000E+00 
0.000000000000000E+00 -8.944271909999173E-01 0.000000000000000E+00 0.000000000000000E+00 0.000000000000000E+00 8.944271909999170E-01 0.000000000000000E+00 0.000000000000000E+00 0.000000000000000E+00 8.944271909999170E-01 0.000000000000000E+00 0.000000000000000E+00 0.000000000000000E+00 -8.944271909999171E-01 0.000000000000000E+00 0.000000000000000E+00 
0.000000000000000E+00 0.000000000000000E+00 -8.944271909999171E-01 0.000000000000000E+00 0.000000000000000E+00 -8.944271909999171E-01 0.000000000000000E+00 0.000000000000000E+00 0.000000000000000E+00 0.000000000000000E+00 8.944271909999170E-01 0.000000000000000E+00 0.000000000000000E+00 8.944271909999170E-01 0.000000000000000E+00 0.000000000000000E+00 
0.000000000000000E+00 0.000000000000000E+00 0.000000000000000E+00 -8.944271909999169E-01 0.000000000000000E+00 8.000000000000005E+00 0.000000000000000E+00 0.000000000000000E+00 0.000000000000000E+00 0.000000000000000E+00 0.000000000000000E+00 8.944271909999165E-01 0.000000000000000E+00 -2.000000000000003E+00 0.000000000000000E+00 0.000000000000000E+00 
8.944271909999169E-01 0.000000000000000E+00 0.000000000000000E+00 0.000000000000000E+00 0.000000000000000E+00 0.000000000000000E+00 -2.000000000000003E+00 0.000000000000000E+00 -8.944271909999169E-01 0.000000000000000E+00 0.000000000000000E+00 0.000000000000000E+00 0.000000000000000E+00 0.000000000000000E+00 8.000000000000004E+00 0.000000000000000E+00 
0.000000000000000E+00 8.944271909999170E-01 0.000000000000000E+00 0.000000000000000E+00 0.000000000000000E+00 0.000000000000000E+00 8.944271909999169E-01 0.000000000000000E+00 0.000000000000000E+00 -8.944271909999173E-01 0.000000000000000E+00 0.000000000000000E+00 0.000000000000000E+00 0.000000000000000E+00 -8.944271909999171E-01 0.000000000000000E+00 
0.000000000000000E+00 0.000000000000000E+00 8.944271909999170E-01 0.000000000000000E+00 0.000000000000000E+00 0.000000000000000E+00 -8.944271909999171E-01 0.000000000000000E+00 0.000000000000000E+00 0.000000000000000E+00 -8.944271909999171E-01 0.000000000000000E+00 0.000000000000000E+00 0.000000000000000E+00 8.944271909999169E-01 0.000000000000000E+00 
0.000000000000000E+00 0.000000000000000E+00 0.000000000000000E+00 8.944271909999165E-01 0.000000000000000E+00 0.000000000000000E+00 8.000000000000004E+00 0.000000000000000E+00 0.000000000000000E+00 0.000000000000000E+00 0.000000000000000E+00 -8.944271909999169E-01 0.000000000000000E+00 0.000000000000000E+00 -2.000000000000003E+00 0.000000000000000E+00 
-2.000000000000003E+00 0.000000000000000E+00 0.000000000000000E+00 0.000000000000000E+00 0.000000000000000E+00 0.000000000000000E+00 0.000000000000000E+00 -2.000000000000003E+00 8.000000000000004E+00 0.000000000000000E+00 0.000000000000000E+00 0.000000000000000E+00 0.000000000000000E+00 0.000000000000000E+00 0.000000000000000E+00 8.000000000000004E+00 
0.000000000000000E+00 -2.000000000000003E+00 0.000000000000000E+00 0.000000000000000E+00 0.000000000000000E+00 0.000000000000000E+00 0.000000000000000E+00 8.944271909999166E-01 0.000000000000000E+00 8.000000000000005E+00 0.000000000000000E+00 0.000000000000000E+00 0.000000000000000E+00 0.000000000000000E+00 0.000000000000000E+00 -8.944271909999169E-01 
0.000000000000000E+00 0.000000000000000E+00 -2.000000000000002E+00 0.000000000000000E+00 0.000000000000000E+00 0.000000000000000E+00 0.000000000000000E+00 -8.944271909999169E-01 0.000000000000000E+00 0.000000000000000E+00 8.000000000000004E+00 0.000000000000000E+00 0.000000000000000E+00 0.000000000000000E+00 0.000000000000000E+00 8.944271909999166E-01 
0.000000000000000E+00 0.000000000000000E+00 0.000000000000000E+00 -2.000000000000003E+00 0.000000000000000E+00 0.000000000000000E+00 0.000000000000000E+00 8.000000000000004E+00 0.000000000000000E+00 0.000000000000000E+00 0.000000000000000E+00 8.000000000000004E+00 0.000000000000000E+00 0.000000000000000E+00 0.000000000000000E+00 -2.000000000000003E+00 
% D (1D) matrix
-2.999999999999999E+00 4.045084971874736E+00 -1.545084971874736E+00 4.999999999999997E-01 
-8.090169943749473E-01 -4.053961296325413E-16 1.118033988749895E+00 -3.090169943749473E-01 
3.090169943749473E-01 -1.118033988749895E+00 3.140184917367550E-16 8.090169943749473E-01 
-5.000000000000002E-01 1.545084971874737E+00 -4.045084971874735E+00 2.999999999999999E+00 
% r (1D) gll nodes
-1.000000000000000E+00 
-4.472135954999579E-01 
4.472135954999579E-01 
1.000000000000000E+00 
% w (1D) gll node weights
1.666666666666667E-01 
8.333333333333335E-01 
8.333333333333335E-01 
1.666666666666666E-01 
% number of plot nodes
49
% plot node coordinates
-1.000000000000000E+00 -1.000000000000000E+00
-1.000000000000000E+00 -6.666666666666667E-01
-1.000000000000000E+00 -3.333333333333334E-01
-1.000000000000000E+00 0.000000000000000E+00
-1.000000000000000E+00 3.333333333333333E-01
-1.000000000000000E+00 6.666666666666665E-01
-1.000000000000000E+00 1.000000000000000E+00
-6.666666666666667E-01 -1.000000000000000E+00
-6.666666666666667E-01 -6.666666666666667E-01
-6.666666666666667E-01 -3.333333333333334E-01
-6.666666666666667E-01 0.000000000000000E+00
-6.666666666666667E-01 3.333333333333333E-01
-6.666666666666667E-01 6.666666666666665E-01
-6.666666666666667E-01 1.000000000000000E+00
-3.333333333333334E-01 -1.000000000000000E+00
-3.333333333333334E-01 -6.666666666666667E-01
-3.333333333333334E-01 -3.333333333333334E-01
-3.333333333333334E-01 0.000000000000000E+00
-3.333333333333334E-01 3.333333333333333E-01
-3.333333333333334E-01 6.666666666666665E-01
-3.333333333333334E-01 1.000000000000000E+00
0.000000000000000E+00 -1.000000000000000E+00
0.000000000000000E+00 -6.666666666666667E-01
0.000000000000000E+00 -3.333333333333334E-01
0.000000000000000E+00 0.000000000000000E+00
0.000000000000000E+00 3.333333333333333E-01
0.000000000000000E+00 6.666666666666665E-01
0.000000000000000E+00 1.000000000000000E+00
3.333333333333333E-01 -1.000000000000000E+00
3.333333333333333E-01 -6.666666666666667E-01
3.333333333333333E-01 -3.333333333333334E-01
3.333333333333333E-01 0.000000000000000E+00
3.333333333333333E-01 3.333333333333333E-01
3.333333333333333E-01 6.666666666666665E-01
3.333333333333333E-01 1.000000000000000E+00
6.666666666666665E-01 -1.000000000000000E+00
6.666666666666665E-01 -6.666666666666667E-01
6.666666666666665E-01 -3.333333333333334E-01
6.666666666666665E-01 0.000000000000000E+00
6.666666666666665E-01 3.333333333333333E-01
6.666666666666665E-01 6.666666666666665E-01
6.666666666666665E-01 1.000000000000000E+00
1.000000000000000E+00 -1.000000000000000E+00
1.000000000000000E+00 -6.666666666666667E-01
1.000000000000000E+00 -3.333333333333334E-01
1.000000000000000E+00 0.000000000000000E+00
1.000000000000000E+00 3.333333333333333E-01
1.000000000000000E+00 6.666666666666665E-01
1.000000000000000E+00 1.000000000000000E+00
% plot node interpolation matrix
1.000000000000000E+00 -3.579173532930780E-17 -8.920736550662901E-17 4.783179628584112E-17 -3.579173532930780E-17 -1.365216547214293E-19 5.327910852259983E-17 -1.190353930181190E-17 -8.920736550662901E-17 5.327910852259981E-17 1.066947386999211E-16 -6.531916947913314E-17 4.783179628584111E-17 -1.190353930181191E-17 -6.531916947913314E-17 2.394360025834525E-17 
2.546296296296298E-01 -4.147120467692659E-17 5.086079175256656E-17 1.368588927264718E-17 8.648305503471735E-01 -4.862635955982185E-17 5.540896869760521E-17 -1.903398069760672E-17 -1.703861059027291E-01 1.732344154713286E-17 -5.517265346793839E-17 2.424902618707628E-17 5.092592592592594E-02 4.580125178985432E-18 -2.880464368184033E-17 8.116859071446388E-18 
-7.407407407407401E-02 -1.819896782486975E-17 -1.149185220713531E-17 1.252578692301385E-17 9.696422180555166E-01 9.513861301227058E-18 -5.915294378839202E-17 -1.015306255672930E-17 1.414688930555945E-01 1.458840779233411E-17 -6.069899146899673E-17 -1.178391583818694E-17 -3.703703703703700E-02 -1.094872156497473E-18 -3.447964101732324E-17 -6.895928203464645E-18 
-1.250000000000000E-01 -3.620969730522985E-17 -5.174825438072145E-17 1.015748806050815E-17 6.250000000000000E-01 -2.834977847076475E-17 2.038923207498717E-17 -5.605431724059895E-18 6.250000000000000E-01 -4.949124907609674E-18 1.779209993636626E-17 -1.374419380212083E-17 -1.250000000000000E-01 -2.319159015956757E-17 -4.989940524822818E-17 8.523836027440303E-18 
-3.703703703703703E-02 -6.108799315398769E-18 -2.936286038039116E-17 9.077801102474538E-18 1.414688930555948E-01 -5.982723817344963E-17 -1.218467683745656E-16 2.393214481493993E-17 9.696422180555168E-01 -1.069052056962475E-16 -1.991693236807518E-16 2.317183215079350E-17 -7.407407407407406E-02 -2.052344955614271E-17 -7.393907973346393E-17 2.221961820747909E-17 
5.092592592592598E-02 1.726454785162183E-18 9.481378254116224E-18 1.756747962710692E-17 -1.703861059027289E-01 -4.860323010175450E-17 4.937016823317793E-17 7.627319707517654E-17 8.648305503471737E-01 -1.782129758748038E-16 -8.021933864797728E-17 8.420219689019083E-17 2.546296296296294E-01 -7.903517537308738E-17 -2.561954519576615E-17 4.113538365356161E-17 
2.852623274288712E-17 6.378659555507592E-17 2.979952083799930E-17 -2.786798892475702E-17 -3.031001513949640E-17 -5.038371055233696E-17 -1.028289222273741E-16 3.847679094568162E-17 -3.505521361492752E-17 -7.838584060875411E-17 -4.665311865127671E-17 6.771866718732713E-17 1.000000000000000E+00 3.083952846180989E-17 3.083952846180989E-17 -3.083952846180989E-17 
2.546296296296298E-01 8.648305503471735E-01 -1.703861059027291E-01 5.092592592592595E-02 -5.324966236866223E-17 -7.460657480006773E-17 -3.981276371709765E-17 -1.518279910884918E-17 4.323423679660404E-17 6.321687198384118E-17 -2.645885617276734E-17 -2.853670665317949E-17 9.397096653151541E-18 -2.328002756916411E-17 6.510434097692024E-17 1.764679746465552E-17 
6.483624828532236E-02 2.202114827272896E-01 -4.338535104004678E-02 1.296724965706447E-02 2.202114827272897E-01 7.479318808137949E-01 -1.473551097393690E-01 4.404229654545787E-02 -4.338535104004675E-02 -1.473551097393689E-01 2.903142508469615E-02 -8.677070208009331E-03 1.296724965706448E-02 4.404229654545791E-02 -8.677070208009310E-03 2.593449931412896E-03 
-1.886145404663923E-02 -6.406152224793869E-02 1.262119302983174E-02 -3.772290809327850E-03 2.468996388567289E-01 8.385762130808064E-01 -1.652135616533645E-01 4.937992777134573E-02 3.602217184285971E-02 1.223466206382752E-01 -2.410433379411230E-02 7.204434368571954E-03 -9.430727023319626E-03 -3.203076112396936E-02 6.310596514915913E-03 -1.886145404663924E-03 
-3.182870370370373E-02 -1.081038187933967E-01 2.129826323784112E-02 -6.365740740740745E-03 1.591435185185187E-01 5.405190939669835E-01 -1.064913161892057E-01 3.182870370370369E-02 1.591435185185187E-01 5.405190939669835E-01 -1.064913161892057E-01 3.182870370370369E-02 -3.182870370370373E-02 -1.081038187933967E-01 2.129826323784114E-02 -6.365740740740745E-03 
-9.430727023319603E-03 -3.203076112396946E-02 6.310596514915927E-03 -1.886145404663917E-03 3.602217184285982E-02 1.223466206382754E-01 -2.410433379411228E-02 7.204434368571986E-03 2.468996388567289E-01 8.385762130808063E-01 -1.652135616533645E-01 4.937992777134572E-02 -1.886145404663923E-02 -6.406152224793879E-02 1.262119302983174E-02 -3.772290809327858E-03 
1.296724965706454E-02 4.404229654545787E-02 -8.677070208009292E-03 2.593449931412916E-03 -4.338535104004676E-02 -1.473551097393689E-01 2.903142508469604E-02 -8.677070208009334E-03 2.202114827272897E-01 7.479318808137950E-01 -1.473551097393692E-01 4.404229654545785E-02 6.483624828532236E-02 2.202114827272894E-01 -4.338535104004679E-02 1.296724965706446E-02 
-3.172065784643301E-17 0.000000000000000E+00 -1.850474321852791E-17 -2.345774282398783E-17 7.141628276145916E-17 1.228937045403621E-16 3.322729302975328E-17 2.515124323811414E-17 -4.196248604251574E-17 -0.000000000000000E+00 3.482336662086391E-17 2.068778461039394E-17 2.546296296296297E-01 8.648305503471734E-01 -1.703861059027292E-01 5.092592592592590E-02 
-7.407407407407400E-02 9.696422180555166E-01 1.414688930555945E-01 -3.703703703703700E-02 -9.353356597430926E-18 2.873325667865851E-18 1.007517708750267E-17 6.078259763727149E-18 2.045696778896919E-17 1.811604541935570E-18 -2.293749789257643E-17 -3.257365333868141E-17 -7.709882115452473E-18 7.709882115452473E-18 7.709882115452473E-18 -7.709882115452473E-18 
-1.886145404663925E-02 2.468996388567289E-01 3.602217184285971E-02 -9.430727023319636E-03 -6.406152224793869E-02 8.385762130808064E-01 1.223466206382751E-01 -3.203076112396942E-02 1.262119302983176E-02 -1.652135616533645E-01 -2.410433379411234E-02 6.310596514915899E-03 -3.772290809327842E-03 4.937992777134572E-02 7.204434368571944E-03 -1.886145404663920E-03 
5.486968449931372E-03 -7.182534948559377E-02 -1.047917726337737E-02 2.743484224965693E-03 -7.182534948559383E-02 9.402060310356219E-01 1.371742112482853E-01 -3.591267474279690E-02 -1.047917726337736E-02 1.371742112482854E-01 2.001344770237530E-02 -5.239588631688672E-03 2.743484224965705E-03 -3.591267474279689E-02 -5.239588631688688E-03 1.371742112482844E-03 
9.259259259259233E-03 -1.212052772569396E-01 -1.768361163194932E-02 4.629629629629618E-03 -4.629629629629636E-02 6.060263862846978E-01 8.841805815974664E-02 -2.314814814814813E-02 -4.629629629629630E-02 6.060263862846978E-01 8.841805815974663E-02 -2.314814814814813E-02 9.259259259259252E-03 -1.212052772569396E-01 -1.768361163194932E-02 4.629629629629617E-03 
2.743484224965648E-03 -3.591267474279702E-02 -5.239588631688666E-03 1.371742112482868E-03 -1.047917726337749E-02 1.371742112482854E-01 2.001344770237541E-02 -5.239588631688653E-03 -7.182534948559381E-02 9.402060310356218E-01 1.371742112482853E-01 -3.591267474279691E-02 5.486968449931397E-03 -7.182534948559388E-02 -1.047917726337740E-02 2.743484224965687E-03 
-3.772290809327854E-03 4.937992777134572E-02 7.204434368572008E-03 -1.886145404663886E-03 1.262119302983177E-02 -1.652135616533643E-01 -2.410433379411230E-02 6.310596514915934E-03 -6.406152224793871E-02 8.385762130808065E-01 1.223466206382751E-01 -3.203076112396939E-02 -1.886145404663920E-02 2.468996388567286E-01 3.602217184285970E-02 -9.430727023319596E-03 
1.498721046784129E-17 -1.083466730720831E-16 2.880049062925381E-17 -7.819247607995942E-18 -5.599349986448966E-17 1.796965174174024E-18 -2.766497651221534E-17 -2.727597009861233E-17 -8.392497208503148E-17 -0.000000000000000E+00 -2.775557561562893E-17 0.000000000000000E+00 -7.407407407407401E-02 9.696422180555165E-01 1.414688930555945E-01 -3.703703703703699E-02 
-1.250000000000000E-01 6.250000000000000E-01 6.250000000000000E-01 -1.250000000000000E-01 -2.704377016757201E-17 -3.713056615687424E-17 -1.372991259371915E-17 -1.402566302190975E-17 -4.258232724306363E-17 1.557503463356236E-17 1.297790249494147E-17 -4.073347811057037E-17 1.705341626397279E-17 -7.281002152844010E-18 -1.541976423090495E-17 1.541976423090495E-17 
-3.182870370370372E-02 1.591435185185186E-01 1.591435185185186E-01 -3.182870370370371E-02 -1.081038187933967E-01 5.405190939669835E-01 5.405190939669835E-01 -1.081038187933967E-01 2.129826323784115E-02 -1.064913161892057E-01 -1.064913161892057E-01 2.129826323784115E-02 -6.365740740740740E-03 3.182870370370368E-02 3.182870370370369E-02 -6.365740740740733E-03 
9.259259259259278E-03 -4.629629629629613E-02 -4.629629629629620E-02 9.259259259259243E-03 -1.212052772569396E-01 6.060263862846981E-01 6.060263862846980E-01 -1.212052772569396E-01 -1.768361163194932E-02 8.841805815974660E-02 8.841805815974664E-02 -1.768361163194930E-02 4.629629629629623E-03 -2.314814814814815E-02 -2.314814814814813E-02 4.629629629629630E-03 
1.562500000000002E-02 -7.812500000000000E-02 -7.812500000000003E-02 1.562499999999999E-02 -7.812499999999999E-02 3.906250000000001E-01 3.906250000000001E-01 -7.812500000000000E-02 -7.812500000000003E-02 3.906250000000001E-01 3.906250000000001E-01 -7.812500000000000E-02 1.562500000000000E-02 -7.812500000000003E-02 -7.812500000000001E-02 1.562500000000000E-02 
4.629629629629627E-03 -2.314814814814817E-02 -2.314814814814817E-02 4.629629629629642E-03 -1.768361163194932E-02 8.841805815974663E-02 8.841805815974672E-02 -1.768361163194930E-02 -1.212052772569396E-01 6.060263862846977E-01 6.060263862846978E-01 -1.212052772569396E-01 9.259259259259252E-03 -4.629629629629632E-02 -4.629629629629631E-02 9.259259259259260E-03 
-6.365740740740753E-03 3.182870370370368E-02 3.182870370370371E-02 -6.365740740740733E-03 2.129826323784113E-02 -1.064913161892055E-01 -1.064913161892055E-01 2.129826323784113E-02 -1.081038187933968E-01 5.405190939669835E-01 5.405190939669835E-01 -1.081038187933967E-01 -3.182870370370370E-02 1.591435185185184E-01 1.591435185185184E-01 -3.182870370370369E-02 
-1.565581581799732E-17 1.683072493756226E-16 1.678499441700630E-16 -0.000000000000000E+00 -4.140836992609641E-17 -1.204777830901230E-18 5.564526141095921E-18 -6.437872313198020E-17 -1.840521601490410E-17 -7.641603721372497E-17 -6.964673324172781E-17 -4.137556922078788E-17 -1.250000000000000E-01 6.250000000000001E-01 6.250000000000001E-01 -1.250000000000000E-01 
-3.703703703703704E-02 1.414688930555946E-01 9.696422180555165E-01 -7.407407407407408E-02 -3.937430266836710E-18 -9.848848253866368E-17 -1.330182568810197E-16 -1.937961480228393E-17 -9.957460745103391E-18 -2.552137475728815E-17 -1.063104417923590E-16 -4.608742989094454E-17 1.884002621721258E-17 6.118745610598384E-17 3.447964101732324E-17 6.895928203464645E-18 
-9.430727023319607E-03 3.602217184285979E-02 2.468996388567289E-01 -1.886145404663924E-02 -3.203076112396940E-02 1.223466206382754E-01 8.385762130808063E-01 -6.406152224793878E-02 6.310596514915873E-03 -2.410433379411247E-02 -1.652135616533646E-01 1.262119302983175E-02 -1.886145404663922E-03 7.204434368571931E-03 4.937992777134568E-02 -3.772290809327854E-03 
2.743484224965643E-03 -1.047917726337745E-02 -7.182534948559376E-02 5.486968449931386E-03 -3.591267474279701E-02 1.371742112482854E-01 9.402060310356219E-01 -7.182534948559385E-02 -5.239588631688670E-03 2.001344770237530E-02 1.371742112482853E-01 -1.047917726337737E-02 1.371742112482861E-03 -5.239588631688718E-03 -3.591267474279693E-02 2.743484224965699E-03 
4.629629629629614E-03 -1.768361163194936E-02 -1.212052772569396E-01 9.259259259259271E-03 -2.314814814814817E-02 8.841805815974656E-02 6.060263862846978E-01 -4.629629629629628E-02 -2.314814814814820E-02 8.841805815974654E-02 6.060263862846978E-01 -4.629629629629629E-02 4.629629629629629E-03 -1.768361163194936E-02 -1.212052772569396E-01 9.259259259259269E-03 
1.371742112482893E-03 -5.239588631688671E-03 -3.591267474279693E-02 2.743484224965720E-03 -5.239588631688542E-03 2.001344770237558E-02 1.371742112482857E-01 -1.047917726337731E-02 -3.591267474279698E-02 1.371742112482855E-01 9.402060310356219E-01 -7.182534948559377E-02 2.743484224965685E-03 -1.047917726337737E-02 -7.182534948559381E-02 5.486968449931413E-03 
-1.886145404663830E-03 7.204434368572050E-03 4.937992777134571E-02 -3.772290809327815E-03 6.310596514916031E-03 -2.410433379411198E-02 -1.652135616533641E-01 1.262119302983184E-02 -3.203076112396944E-02 1.223466206382754E-01 8.385762130808067E-01 -6.406152224793878E-02 -9.430727023319593E-03 3.602217184285970E-02 2.468996388567286E-01 -1.886145404663922E-02 
-7.842852616070729E-17 1.083466730720831E-16 -0.000000000000000E+00 -0.000000000000000E+00 6.873831716119395E-17 1.115321554970149E-16 1.208524056073456E-16 2.901423618214330E-17 8.392497208503148E-17 -0.000000000000000E+00 4.895894863133385E-17 6.206335383118183E-17 -3.703703703703711E-02 1.414688930555947E-01 9.696422180555165E-01 -7.407407407407410E-02 
5.092592592592592E-02 -1.703861059027290E-01 8.648305503471737E-01 2.546296296296294E-01 1.343472557999263E-17 -1.369007658227807E-17 -1.318561113191728E-16 -6.191732958491869E-17 2.640977994496279E-17 6.815832316011984E-18 -1.719178339521637E-16 -2.185560695192775E-17 1.357312542184235E-17 8.850825617250465E-17 5.353951780374153E-17 2.921162063783423E-17 
1.296724965706449E-02 -4.338535104004679E-02 2.202114827272897E-01 6.483624828532235E-02 4.404229654545793E-02 -1.473551097393689E-01 7.479318808137950E-01 2.202114827272894E-01 -8.677070208009329E-03 2.903142508469611E-02 -1.473551097393691E-01 -4.338535104004681E-02 2.593449931412879E-03 -8.677070208009351E-03 4.404229654545786E-02 1.296724965706443E-02 
-3.772290809327836E-03 1.262119302983178E-02 -6.406152224793869E-02 -1.886145404663919E-02 4.937992777134577E-02 -1.652135616533644E-01 8.385762130808065E-01 2.468996388567286E-01 7.204434368571900E-03 -2.410433379411239E-02 1.223466206382752E-01 3.602217184285963E-02 -1.886145404663932E-03 6.310596514915865E-03 -3.203076112396942E-02 -9.430727023319639E-03 
-6.365740740740749E-03 2.129826323784106E-02 -1.081038187933968E-01 -3.182870370370368E-02 3.182870370370372E-02 -1.064913161892056E-01 5.405190939669835E-01 1.591435185185184E-01 3.182870370370370E-02 -1.064913161892056E-01 5.405190939669835E-01 1.591435185185184E-01 -6.365740740740740E-03 2.129826323784111E-02 -1.081038187933967E-01 -3.182870370370369E-02 
-1.886145404663963E-03 6.310596514915701E-03 -3.203076112396957E-02 -9.430727023319626E-03 7.204434368571946E-03 -2.410433379411235E-02 1.223466206382754E-01 3.602217184285977E-02 4.937992777134575E-02 -1.652135616533642E-01 8.385762130808067E-01 2.468996388567287E-01 -3.772290809327820E-03 1.262119302983181E-02 -6.406152224793876E-02 -1.886145404663920E-02 
2.593449931412927E-03 -8.677070208009218E-03 4.404229654545793E-02 1.296724965706442E-02 -8.677070208009219E-03 2.903142508469627E-02 -1.473551097393688E-01 -4.338535104004670E-02 4.404229654545792E-02 -1.473551097393689E-01 7.479318808137954E-01 2.202114827272895E-01 1.296724965706446E-02 -4.338535104004672E-02 2.202114827272894E-01 6.483624828532225E-02 
-1.268826313857320E-16 0.000000000000000E+00 6.255398086396754E-17 -6.255398086396754E-17 1.447095875925661E-16 2.094258118154644E-16 3.169857588085459E-16 1.442816588321676E-16 1.480237282978169E-16 1.433291761649753E-16 3.199625021876991E-16 1.241267076623637E-16 5.092592592592585E-02 -1.703861059027290E-01 8.648305503471736E-01 2.546296296296294E-01 
3.537132931241852E-17 7.909269679709877E-17 -0.000000000000000E+00 1.000000000000000E+00 5.614749269672364E-17 -2.809398956450872E-17 -6.980198417039292E-17 3.749511046793332E-17 -5.613107989467749E-17 -4.027455002056761E-17 1.030546261444077E-16 7.967676318107960E-18 -3.083952846180989E-17 3.083952846180989E-17 3.083952846180989E-17 -3.083952846180989E-17 
1.021588412521395E-16 8.657501907112123E-17 -4.196248604251574E-17 2.546296296296298E-01 6.959213073478474E-17 1.556127350220311E-16 -0.000000000000000E+00 8.648305503471735E-01 -1.618573889301934E-16 1.072307321712222E-16 1.110223024625157E-16 -1.703861059027293E-01 -8.872747373586970E-17 1.141176746734679E-17 0.000000000000000E+00 5.092592592592583E-02 
8.880035981721562E-19 1.985636409777350E-18 -2.098124302125787E-17 -7.407407407407401E-02 -1.229102669374154E-17 -2.748357120047058E-17 -0.000000000000000E+00 9.696422180555166E-01 -1.089069242932380E-16 1.318005992437020E-16 1.387778780781446E-16 1.414688930555944E-01 -6.986235733482105E-17 3.611108095915620E-17 4.137556922078788E-17 -3.703703703703708E-02 
2.190845883844813E-17 -2.194074399061019E-17 -0.000000000000000E+00 -1.250000000000000E-01 1.653162470538609E-16 -1.594133609251687E-17 -1.433291761649753E-16 6.250000000000000E-01 9.124386300186377E-17 1.636553760994277E-17 -1.110223024625157E-16 6.250000000000000E-01 1.859956956290486E-17 -6.331631321139805E-17 -4.137556922078788E-17 -1.250000000000000E-01 
4.346542445904723E-17 -4.466745070996097E-17 -7.343435057440255E-17 -3.703703703703707E-02 2.475626144078440E-16 -1.732447438718635E-16 -2.149937642474630E-16 1.414688930555948E-01 2.458985589816231E-16 -2.008018769154598E-16 -2.220446049250314E-16 9.696422180555168E-01 4.531361134585231E-17 -3.855063819972095E-17 -4.137556922078788E-17 -7.407407407407406E-02 
6.649378427503980E-17 -6.410401998671330E-17 -7.343435057440255E-17 5.092592592592590E-02 4.004776482048976E-16 -7.358685964509752E-17 -7.166458808248766E-17 -1.703861059027288E-01 2.737261733739075E-16 -1.385774394826605E-16 -1.110223024625157E-16 8.648305503471739E-01 9.487269301239942E-17 2.329360571615764E-18 -4.137556922078788E-17 2.546296296296295E-01 
-3.211744527356773E-16 1.329866578743677E-16 2.502159234558702E-16 -2.502159234558702E-16 3.876518742640838E-17 7.365219835204949E-17 4.549090221605269E-17 9.783827394892257E-17 1.891803288022132E-16 4.769619002370477E-17 -1.655022768831516E-16 1.655022768831515E-16 -1.932562471936310E-16 1.273657080987479E-16 1.655022768831515E-16 9.999999999999999E-01 
% number of plot elements
72
% number of vertices per plot elements
3
% triangulation of plot nodes
17 23 24
17 23 16
9 15 8
9 15 16
43 35 42
43 35 36
13 5 6
13 5 12
19 13 12
19 13 20
11 4 5
11 5 12
26 34 27
26 34 33
26 20 27
26 19 20
37 44 45
37 38 45
37 43 44
37 43 36
29 28 35
29 35 36
29 37 36
29 37 30
31 39 32
31 39 38
31 37 30
31 37 38
31 23 24
31 30 23
7 15 8
7 14 15
1 7 0
1 7 8
1 9 8
1 2 9
18 19 12
18 11 12
10 17 16
10 9 16
10 2 3
10 2 9
10 4 3
10 11 4
10 18 11
10 18 17
22 23 16
22 15 16
22 14 21
22 14 15
22 28 21
22 29 28
22 30 23
22 29 30
25 26 33
25 32 33
25 31 32
25 31 24
25 17 24
25 18 17
25 26 19
25 18 19
46 38 45
46 39 38
40 39 32
40 32 33
40 34 33
40 34 41
40 41 48
40 47 48
40 46 39
40 46 47
