******************************************
Nodal r-coordinates
9 1
-1.000000000000000 
0.000000000000000 
1.000000000000000 
-1.000000000000000 
0.000000000000000 
1.000000000000000 
-1.000000000000000 
0.000000000000000 
1.000000000000000 
******************************************
Nodal s-coordinates
9 1
-1.000000000000000 
-1.000000000000000 
-1.000000000000000 
0.000000000000000 
0.000000000000000 
0.000000000000000 
1.000000000000000 
1.000000000000000 
1.000000000000000 
******************************************
Nodal Dr differentiation matrix
9 9
-1.500000000000000 2.000000000000000 -0.500000000000000 0.000000000000000 0.000000000000000 0.000000000000000 0.000000000000000 0.000000000000000 0.000000000000000 
-0.500000000000000 0.000000000000000 0.500000000000000 0.000000000000000 0.000000000000000 0.000000000000000 0.000000000000000 0.000000000000000 0.000000000000000 
0.500000000000000 -2.000000000000000 1.500000000000000 0.000000000000000 0.000000000000000 0.000000000000000 0.000000000000000 0.000000000000000 0.000000000000000 
0.000000000000000 0.000000000000000 0.000000000000000 -1.500000000000000 2.000000000000000 -0.500000000000000 0.000000000000000 0.000000000000000 0.000000000000000 
0.000000000000000 0.000000000000000 0.000000000000000 -0.500000000000000 0.000000000000000 0.500000000000000 0.000000000000000 0.000000000000000 0.000000000000000 
0.000000000000000 0.000000000000000 0.000000000000000 0.500000000000000 -2.000000000000000 1.500000000000000 0.000000000000000 0.000000000000000 0.000000000000000 
0.000000000000000 0.000000000000000 0.000000000000000 0.000000000000000 0.000000000000000 0.000000000000000 -1.500000000000000 2.000000000000000 -0.500000000000000 
0.000000000000000 0.000000000000000 0.000000000000000 0.000000000000000 0.000000000000000 0.000000000000000 -0.500000000000000 0.000000000000000 0.500000000000000 
0.000000000000000 0.000000000000000 0.000000000000000 0.000000000000000 0.000000000000000 0.000000000000000 0.500000000000000 -2.000000000000000 1.500000000000000 
******************************************
Nodal Ds differentiation matrix
9 9
-1.500000000000000 0.000000000000000 0.000000000000000 2.000000000000000 0.000000000000000 0.000000000000000 -0.500000000000000 0.000000000000000 0.000000000000000 
0.000000000000000 -1.500000000000000 0.000000000000000 0.000000000000000 2.000000000000000 0.000000000000000 0.000000000000000 -0.500000000000000 0.000000000000000 
0.000000000000000 0.000000000000000 -1.500000000000000 0.000000000000000 0.000000000000000 2.000000000000000 0.000000000000000 0.000000000000000 -0.500000000000000 
-0.500000000000000 0.000000000000000 0.000000000000000 0.000000000000000 0.000000000000000 0.000000000000000 0.500000000000000 0.000000000000000 0.000000000000000 
0.000000000000000 -0.500000000000000 0.000000000000000 0.000000000000000 0.000000000000000 0.000000000000000 0.000000000000000 0.500000000000000 0.000000000000000 
0.000000000000000 0.000000000000000 -0.500000000000000 0.000000000000000 0.000000000000000 0.000000000000000 0.000000000000000 0.000000000000000 0.500000000000000 
0.500000000000000 0.000000000000000 0.000000000000000 -2.000000000000000 0.000000000000000 0.000000000000000 1.500000000000000 0.000000000000000 0.000000000000000 
0.000000000000000 0.500000000000000 0.000000000000000 0.000000000000000 -2.000000000000000 0.000000000000000 0.000000000000000 1.500000000000000 0.000000000000000 
0.000000000000000 0.000000000000000 0.500000000000000 0.000000000000000 0.000000000000000 -2.000000000000000 0.000000000000000 0.000000000000000 1.500000000000000 
******************************************
Nodal Face nodes
4 3
0 1 2 
2 5 8 
6 7 8 
0 3 6 
******************************************
Nodal Lift Matrix
9 12
4.500000000000000 0.000000000000000 0.000000000000000 1.500000000000001 0.000000000000000 0.000000000000000 1.500000000000001 0.000000000000000 0.000000000000000 4.500000000000000 0.000000000000000 0.000000000000000 
0.000000000000000 4.499999999999999 0.000000000000000 -0.750000000000000 0.000000000000000 0.000000000000000 0.000000000000000 1.500000000000001 0.000000000000000 -0.750000000000000 0.000000000000000 0.000000000000000 
0.000000000000000 0.000000000000000 4.500000000000000 4.500000000000000 0.000000000000000 0.000000000000000 0.000000000000000 0.000000000000000 1.500000000000001 1.500000000000001 0.000000000000000 0.000000000000000 
-0.750000000000000 0.000000000000000 0.000000000000000 0.000000000000000 1.500000000000001 0.000000000000000 -0.750000000000000 0.000000000000000 0.000000000000000 0.000000000000000 4.500000000000001 0.000000000000000 
0.000000000000000 -0.750000000000000 0.000000000000000 0.000000000000000 -0.750000000000000 0.000000000000000 0.000000000000000 -0.750000000000000 0.000000000000000 0.000000000000000 -0.750000000000000 0.000000000000000 
0.000000000000000 0.000000000000000 -0.750000000000000 0.000000000000000 4.500000000000001 0.000000000000000 0.000000000000000 0.000000000000000 -0.750000000000000 0.000000000000000 1.500000000000001 0.000000000000000 
1.500000000000001 0.000000000000000 0.000000000000000 0.000000000000000 0.000000000000000 1.500000000000001 4.500000000000000 0.000000000000000 0.000000000000000 0.000000000000000 0.000000000000000 4.500000000000001 
0.000000000000000 1.500000000000001 0.000000000000000 0.000000000000000 0.000000000000000 -0.750000000000000 0.000000000000000 4.499999999999999 0.000000000000000 0.000000000000000 0.000000000000000 -0.750000000000000 
0.000000000000000 0.000000000000000 1.500000000000001 0.000000000000000 0.000000000000000 4.500000000000000 0.000000000000000 0.000000000000000 4.500000000000000 0.000000000000000 0.000000000000000 1.500000000000001 
******************************************
Nodal 1D GLL Nodes
3 1
-1.000000000000000 
0.000000000000000 
1.000000000000000 
******************************************
Nodal 1D GLL Weights
3 1
0.333333333333333 
1.333333333333333 
0.333333333333333 
******************************************
Nodal 1D differentiation matrix
3 3
-1.500000000000000 2.000000000000000 -0.500000000000000 
-0.500000000000000 -0.000000000000000 0.500000000000000 
0.500000000000000 -2.000000000000000 1.500000000000000 
******************************************
Plotting r-coordinates
36 1
-1.000000000000000 
-1.000000000000000 
-1.000000000000000 
-1.000000000000000 
-1.000000000000000 
-1.000000000000000 
-0.600000000000000 
-0.600000000000000 
-0.600000000000000 
-0.600000000000000 
-0.600000000000000 
-0.600000000000000 
-0.200000000000000 
-0.200000000000000 
-0.200000000000000 
-0.200000000000000 
-0.200000000000000 
-0.200000000000000 
0.200000000000000 
0.200000000000000 
0.200000000000000 
0.200000000000000 
0.200000000000000 
0.200000000000000 
0.600000000000000 
0.600000000000000 
0.600000000000000 
0.600000000000000 
0.600000000000000 
0.600000000000000 
1.000000000000000 
1.000000000000000 
1.000000000000000 
1.000000000000000 
1.000000000000000 
1.000000000000000 
******************************************
Plotting s-coordinates
36 1
-1.000000000000000 
-0.600000000000000 
-0.200000000000000 
0.200000000000000 
0.600000000000000 
1.000000000000000 
-1.000000000000000 
-0.600000000000000 
-0.200000000000000 
0.200000000000000 
0.600000000000000 
1.000000000000000 
-1.000000000000000 
-0.600000000000000 
-0.200000000000000 
0.200000000000000 
0.600000000000000 
1.000000000000000 
-1.000000000000000 
-0.600000000000000 
-0.200000000000000 
0.200000000000000 
0.600000000000000 
1.000000000000000 
-1.000000000000000 
-0.600000000000000 
-0.200000000000000 
0.200000000000000 
0.600000000000000 
1.000000000000000 
-1.000000000000000 
-0.600000000000000 
-0.200000000000000 
0.200000000000000 
0.600000000000000 
1.000000000000000 
******************************************
Plotting Interpolation Matrix
36 9
1.000000000000000 0.000000000000000 0.000000000000000 0.000000000000000 0.000000000000000 0.000000000000000 0.000000000000000 -0.000000000000000 0.000000000000000 
0.480000000000000 0.000000000000000 0.000000000000000 0.640000000000000 -0.000000000000000 -0.000000000000000 -0.120000000000000 0.000000000000000 -0.000000000000000 
0.120000000000000 0.000000000000000 -0.000000000000000 0.960000000000000 0.000000000000000 0.000000000000000 -0.080000000000000 -0.000000000000000 -0.000000000000000 
-0.080000000000000 0.000000000000000 -0.000000000000000 0.960000000000000 0.000000000000000 0.000000000000000 0.120000000000000 -0.000000000000000 -0.000000000000000 
-0.120000000000000 -0.000000000000000 -0.000000000000000 0.640000000000000 0.000000000000000 -0.000000000000000 0.480000000000000 0.000000000000000 0.000000000000000 
0.000000000000000 0.000000000000000 0.000000000000000 0.000000000000000 0.000000000000000 0.000000000000000 1.000000000000000 -0.000000000000000 0.000000000000000 
0.480000000000000 0.640000000000000 -0.120000000000000 0.000000000000000 -0.000000000000000 0.000000000000000 0.000000000000000 -0.000000000000000 -0.000000000000000 
0.230400000000000 0.307200000000000 -0.057600000000000 0.307200000000000 0.409600000000000 -0.076800000000000 -0.057600000000000 -0.076800000000000 0.014400000000000 
0.057600000000000 0.076800000000000 -0.014400000000000 0.460800000000000 0.614400000000000 -0.115200000000000 -0.038400000000000 -0.051200000000000 0.009600000000000 
-0.038400000000000 -0.051200000000000 0.009600000000000 0.460800000000000 0.614400000000000 -0.115200000000000 0.057600000000000 0.076800000000000 -0.014400000000000 
-0.057600000000000 -0.076800000000000 0.014400000000000 0.307200000000000 0.409600000000000 -0.076800000000000 0.230400000000000 0.307200000000000 -0.057600000000000 
0.000000000000000 0.000000000000000 -0.000000000000000 0.000000000000000 -0.000000000000000 -0.000000000000000 0.480000000000000 0.640000000000000 -0.120000000000000 
0.120000000000000 0.960000000000000 -0.080000000000000 0.000000000000000 0.000000000000000 -0.000000000000000 -0.000000000000000 0.000000000000000 -0.000000000000000 
0.057600000000000 0.460800000000000 -0.038400000000000 0.076800000000000 0.614400000000000 -0.051200000000000 -0.014400000000000 -0.115200000000000 0.009600000000000 
0.014400000000000 0.115200000000000 -0.009600000000000 0.115200000000000 0.921600000000000 -0.076800000000000 -0.009600000000000 -0.076800000000000 0.006400000000000 
-0.009600000000000 -0.076800000000000 0.006400000000000 0.115200000000000 0.921600000000000 -0.076800000000000 0.014400000000000 0.115200000000000 -0.009600000000000 
-0.014400000000000 -0.115200000000000 0.009600000000000 0.076800000000000 0.614400000000000 -0.051200000000000 0.057600000000000 0.460800000000000 -0.038400000000000 
0.000000000000000 0.000000000000000 -0.000000000000000 -0.000000000000000 0.000000000000000 -0.000000000000000 0.120000000000000 0.960000000000000 -0.080000000000000 
-0.080000000000000 0.960000000000000 0.120000000000000 0.000000000000000 0.000000000000000 -0.000000000000000 -0.000000000000000 0.000000000000000 -0.000000000000000 
-0.038400000000000 0.460800000000000 0.057600000000000 -0.051200000000000 0.614400000000000 0.076800000000000 0.009600000000000 -0.115200000000000 -0.014400000000000 
-0.009600000000000 0.115200000000000 0.014400000000000 -0.076800000000000 0.921600000000000 0.115200000000000 0.006400000000000 -0.076800000000000 -0.009600000000000 
0.006400000000000 -0.076800000000000 -0.009600000000000 -0.076800000000000 0.921600000000000 0.115200000000000 -0.009600000000000 0.115200000000000 0.014400000000000 
0.009600000000000 -0.115200000000000 -0.014400000000000 -0.051200000000000 0.614400000000000 0.076800000000000 -0.038400000000000 0.460800000000000 0.057600000000000 
0.000000000000000 0.000000000000000 0.000000000000000 0.000000000000000 0.000000000000000 -0.000000000000000 -0.080000000000000 0.960000000000000 0.120000000000000 
-0.120000000000000 0.640000000000000 0.480000000000000 -0.000000000000000 0.000000000000000 0.000000000000000 -0.000000000000000 -0.000000000000000 0.000000000000000 
-0.057600000000000 0.307200000000000 0.230400000000000 -0.076800000000000 0.409600000000000 0.307200000000000 0.014400000000000 -0.076800000000000 -0.057600000000000 
-0.014400000000000 0.076800000000000 0.057600000000000 -0.115200000000000 0.614400000000000 0.460800000000000 0.009600000000000 -0.051200000000000 -0.038400000000000 
0.009600000000000 -0.051200000000000 -0.038400000000000 -0.115200000000000 0.614400000000000 0.460800000000000 -0.014400000000000 0.076800000000000 0.057600000000000 
0.014400000000000 -0.076800000000000 -0.057600000000000 -0.076800000000000 0.409600000000000 0.307200000000000 -0.057600000000000 0.307200000000000 0.230400000000000 
0.000000000000000 0.000000000000000 0.000000000000000 -0.000000000000000 0.000000000000000 -0.000000000000000 -0.120000000000000 0.640000000000000 0.480000000000000 
0.000000000000000 0.000000000000000 1.000000000000000 0.000000000000000 0.000000000000000 0.000000000000000 0.000000000000000 -0.000000000000000 0.000000000000000 
0.000000000000000 0.000000000000000 0.480000000000000 0.000000000000000 -0.000000000000000 0.640000000000000 -0.000000000000000 -0.000000000000000 -0.120000000000000 
0.000000000000000 -0.000000000000000 0.120000000000000 0.000000000000000 0.000000000000000 0.960000000000000 -0.000000000000000 -0.000000000000000 -0.080000000000000 
-0.000000000000000 0.000000000000000 -0.080000000000000 0.000000000000000 0.000000000000000 0.960000000000000 -0.000000000000000 -0.000000000000000 0.120000000000000 
-0.000000000000000 -0.000000000000000 -0.120000000000000 0.000000000000000 0.000000000000000 0.640000000000000 0.000000000000000 -0.000000000000000 0.480000000000000 
0.000000000000000 0.000000000000000 0.000000000000000 0.000000000000000 0.000000000000000 0.000000000000000 0.000000000000000 -0.000000000000000 1.000000000000000 
******************************************
Plotting triangulation
50 3
21 20 26 
1 6 7 
2 8 3 
29 28 34 
14 20 15 
25 31 26 
9 15 10 
28 27 33 
27 21 26 
7 8 2 
6 1 0 
18 19 13 
12 7 6 
13 8 7 
16 15 21 
14 13 19 
1 7 2 
9 14 15 
8 13 14 
9 10 4 
10 5 4 
3 9 4 
16 17 11 
10 11 5 
10 16 11 
8 9 3 
8 14 9 
15 16 10 
22 17 16 
33 27 32 
20 14 19 
16 21 22 
15 20 21 
22 23 17 
29 34 35 
22 28 23 
22 21 27 
23 28 29 
32 27 26 
28 22 27 
34 28 33 
26 31 32 
20 19 25 
13 7 12 
20 25 26 
18 13 12 
24 19 18 
25 19 24 
25 24 30 
25 30 31 
******************************************
C0 overlapping patch forward matrix
5 5
0.227797142684450 -0.791841434767612 0.455594285368901 -0.791841434767612 0.227797142684450 
0.377629768813151 -0.819896389581045 -0.000000000000000 0.819896389581046 -0.377629768813151 
0.433012701892219 -0.000000000000001 -0.433012701892219 0.000000000000001 0.433012701892219 
0.288840614498510 0.498562442820067 0.577681228997018 0.498562442820068 0.288840614498509 
-0.506253707670033 -0.466342998987771 0.000000000000000 0.466342998987771 0.506253707670033 
******************************************
C0 overlapping patch diagonal scaling
5 1
5.476081505835600 
4.171164609606619 
2.000000000000000 
0.273918494164399 
1.078835390393378 
******************************************
C0 overlapping patch backward matrix
5 5
0.182070289668505 0.295812529629829 0.577350269189626 0.289173004256351 -0.520079910200803 
-0.632891166678822 -0.642257695410496 -0.000000000000001 0.499136174633807 -0.479079207444369 
0.364140579337010 -0.000000000000000 -0.577350269189626 0.578346008512701 0.000000000000000 
-0.632891166678821 0.642257695410496 -0.000000000000000 0.499136174633806 0.479079207444369 
0.182070289668505 -0.295812529629829 0.577350269189626 0.289173004256351 0.520079910200803 
******************************************
IPDG overlapping patch forward matrix
5 5
1.483787076506575 -1.516039548162341 -0.000000000000001 1.516039548162274 -1.483787076506505 
-1.517990442731199 1.480429867990203 0.033940105887364 1.480429867990274 -1.517990442731270 
0.574789330390340 0.549722053788096 0.864755148236622 0.549722053788096 0.574789330390340 
1.078541840629245 1.138940046244537 -0.720455267758265 1.138940046244534 1.078541840629242 
-1.516039548162306 -1.483787076506539 -0.000000000000002 1.483787076506543 1.516039548162308 
******************************************
IPDG overlapping patch diagonal scaling
5 1
49.755375722615234 
47.278902051802213 
0.685124887896667 
5.035973060301136 
3.244624277384813 
******************************************
IPDG overlapping patch backward matrix
5 5
0.494595692168859 -0.506191254696645 0.405127375475834 0.462423989052493 -0.505346516054102 
-0.505346516054114 0.493666251956139 0.387459267452158 0.488319673503586 -0.494595692168847 
-0.000000000000000 0.011317716040920 0.609503282526844 -0.308894644881173 -0.000000000000000 
0.505346516054091 0.493666251956161 0.387459267452159 0.488319673503584 0.494595692168847 
-0.494595692168835 -0.506191254696668 0.405127375475836 0.462423989052491 0.505346516054103 
******************************************
Cubature r-coordinates
16 1
-0.861136311594053 
-0.861136311594053 
-0.861136311594053 
-0.861136311594053 
-0.339981043584856 
-0.339981043584856 
-0.339981043584856 
-0.339981043584856 
0.339981043584856 
0.339981043584856 
0.339981043584856 
0.339981043584856 
0.861136311594053 
0.861136311594053 
0.861136311594053 
0.861136311594053 
******************************************
Cubature s-coordinates
16 1
-0.861136311594053 
-0.339981043584856 
0.339981043584856 
0.861136311594053 
-0.861136311594053 
-0.339981043584856 
0.339981043584856 
0.861136311594053 
-0.861136311594053 
-0.339981043584856 
0.339981043584856 
0.861136311594053 
-0.861136311594053 
-0.339981043584856 
0.339981043584856 
0.861136311594053 
******************************************
Cubature weights
16 1
0.121002993285602 
0.226851851851852 
0.226851851851852 
0.121002993285602 
0.226851851851852 
0.425293303010695 
0.425293303010694 
0.226851851851852 
0.226851851851852 
0.425293303010694 
0.425293303010694 
0.226851851851852 
0.121002993285602 
0.226851851851852 
0.226851851851852 
0.121002993285602 
******************************************
Cubature Interpolation Matrix
16 9
0.642155458786954 0.207103275838184 -0.047912705255208 0.207103275838184 0.066793431833361 -0.015452454817354 -0.047912705255208 -0.015452454817354 0.003574877848440 
0.182533865490125 0.058869485538319 -0.013619274237492 0.708720757727451 0.228571428571428 -0.052879296295928 -0.089908593847645 -0.028996661255557 0.006708288309298 
-0.089908593847645 -0.028996661255557 0.006708288309298 0.708720757727451 0.228571428571428 -0.052879296295928 0.182533865490125 0.058869485538319 -0.013619274237492 
-0.047912705255208 -0.015452454817354 0.003574877848440 0.207103275838184 0.066793431833361 -0.015452454817354 0.642155458786954 0.207103275838184 -0.047912705255208 
0.182533865490125 0.708720757727451 -0.089908593847645 0.058869485538319 0.228571428571428 -0.028996661255557 -0.013619274237492 -0.052879296295928 0.006708288309298 
0.051885585639506 0.201455173651340 -0.025556682499895 0.201455173651340 0.782186160003374 -0.099228443651762 -0.025556682499895 -0.099228443651762 0.012588159357752 
-0.025556682499895 -0.099228443651762 0.012588159357752 0.201455173651340 0.782186160003374 -0.099228443651762 0.051885585639506 0.201455173651340 -0.025556682499895 
-0.013619274237492 -0.052879296295928 0.006708288309298 0.058869485538319 0.228571428571429 -0.028996661255557 0.182533865490125 0.708720757727451 -0.089908593847645 
-0.089908593847645 0.708720757727451 0.182533865490125 -0.028996661255557 0.228571428571428 0.058869485538319 0.006708288309298 -0.052879296295928 -0.013619274237492 
-0.025556682499895 0.201455173651340 0.051885585639506 -0.099228443651762 0.782186160003374 0.201455173651340 0.012588159357752 -0.099228443651762 -0.025556682499895 
0.012588159357752 -0.099228443651762 -0.025556682499894 -0.099228443651762 0.782186160003374 0.201455173651340 -0.025556682499895 0.201455173651340 0.051885585639506 
0.006708288309298 -0.052879296295928 -0.013619274237492 -0.028996661255557 0.228571428571429 0.058869485538319 -0.089908593847645 0.708720757727451 0.182533865490125 
-0.047912705255208 0.207103275838184 0.642155458786954 -0.015452454817354 0.066793431833361 0.207103275838184 0.003574877848440 -0.015452454817354 -0.047912705255208 
-0.013619274237492 0.058869485538319 0.182533865490125 -0.052879296295928 0.228571428571429 0.708720757727451 0.006708288309298 -0.028996661255557 -0.089908593847645 
0.006708288309298 -0.028996661255557 -0.089908593847645 -0.052879296295928 0.228571428571429 0.708720757727451 -0.013619274237492 0.058869485538319 0.182533865490125 
0.003574877848440 -0.015452454817354 -0.047912705255208 -0.015452454817354 0.066793431833361 0.207103275838184 -0.047912705255208 0.207103275838184 0.642155458786954 
******************************************
Cubature Weak Dr Differentiation Matrix
9 16
-3.199621289408128 -0.349207365247706 1.492203603447611 -0.711785503836370 -3.052475105213731 -0.333147798617468 1.423579211237412 -0.679051467092358 0.791303057433098 0.086362988242831 -0.369039072727011 0.176032722149585 1.993509971022796 0.217572112949866 -0.929710891759702 0.443474827419269 
1.298282815107731 0.141694869549393 -0.605478623801828 0.288815082813910 0.960944540661707 0.104877696715075 -0.448154570991106 0.213771047310486 -0.960944540661707 -0.104877696715075 0.448154570991106 -0.213771047310486 -1.298282815107731 -0.141694869549393 0.605478623801828 -0.288815082813910 
-1.993509971022796 -0.217572112949866 0.929710891759702 -0.443474827419269 -0.791303057433098 -0.086362988242831 0.369039072727012 -0.176032722149585 3.052475105213730 0.333147798617468 -1.423579211237411 0.679051467092358 3.199621289408127 0.349207365247706 -1.492203603447611 0.711785503836370 
0.255597929634678 -1.639803207156972 -1.639803207156971 0.255597929634678 0.243843332252096 -1.564390912095166 -1.564390912095165 0.243843332252095 -0.063212300737911 0.405542148287162 0.405542148287162 -0.063212300737911 -0.159249165826674 1.021672175642787 1.021672175642787 -0.159249165826674 
-0.103711773865338 0.665368845699940 0.665368845699939 -0.103711773865338 -0.076763908247502 0.492483265095582 0.492483265095582 -0.076763908247502 0.076763908247502 -0.492483265095582 -0.492483265095581 0.076763908247502 0.103711773865338 -0.665368845699940 -0.665368845699939 0.103711773865338 
0.159249165826674 -1.021672175642788 -1.021672175642787 0.159249165826674 0.063212300737911 -0.405542148287162 -0.405542148287162 0.063212300737911 -0.243843332252095 1.564390912095165 1.564390912095164 -0.243843332252095 -0.255597929634678 1.639803207156971 1.639803207156971 -0.255597929634678 
-0.711785503836370 1.492203603447612 -0.349207365247706 -3.199621289408127 -0.679051467092358 1.423579211237413 -0.333147798617468 -3.052475105213731 0.176032722149585 -0.369039072727012 0.086362988242831 0.791303057433098 0.443474827419269 -0.929710891759703 0.217572112949866 1.993509971022795 
0.288815082813910 -0.605478623801828 0.141694869549393 1.298282815107731 0.213771047310486 -0.448154570991106 0.104877696715075 0.960944540661707 -0.213771047310486 0.448154570991106 -0.104877696715075 -0.960944540661707 -0.288815082813910 0.605478623801828 -0.141694869549393 -1.298282815107730 
-0.443474827419269 0.929710891759703 -0.217572112949866 -1.993509971022796 -0.176032722149585 0.369039072727012 -0.086362988242831 -0.791303057433098 0.679051467092358 -1.423579211237412 0.333147798617467 3.052475105213729 0.711785503836370 -1.492203603447611 0.349207365247706 3.199621289408127 
******************************************
Cubature Weak Ds Differentiation Matrix
9 16
-3.199621289408128 -3.052475105213731 0.791303057433098 1.993509971022796 -0.349207365247706 -0.333147798617468 0.086362988242831 0.217572112949866 1.492203603447611 1.423579211237412 -0.369039072727012 -0.929710891759702 -0.711785503836370 -0.679051467092358 0.176032722149585 0.443474827419269 
0.255597929634678 0.243843332252096 -0.063212300737911 -0.159249165826674 -1.639803207156972 -1.564390912095166 0.405542148287162 1.021672175642788 -1.639803207156971 -1.564390912095165 0.405542148287162 1.021672175642787 0.255597929634678 0.243843332252095 -0.063212300737911 -0.159249165826674 
-0.711785503836370 -0.679051467092358 0.176032722149585 0.443474827419269 1.492203603447612 1.423579211237413 -0.369039072727012 -0.929710891759702 -0.349207365247706 -0.333147798617468 0.086362988242831 0.217572112949866 -3.199621289408127 -3.052475105213730 0.791303057433098 1.993509971022795 
1.298282815107731 0.960944540661707 -0.960944540661707 -1.298282815107731 0.141694869549393 0.104877696715075 -0.104877696715075 -0.141694869549393 -0.605478623801828 -0.448154570991106 0.448154570991106 0.605478623801828 0.288815082813910 0.213771047310486 -0.213771047310486 -0.288815082813910 
-0.103711773865338 -0.076763908247502 0.076763908247502 0.103711773865338 0.665368845699940 0.492483265095582 -0.492483265095582 -0.665368845699940 0.665368845699939 0.492483265095582 -0.492483265095581 -0.665368845699939 -0.103711773865338 -0.076763908247502 0.076763908247502 0.103711773865338 
0.288815082813910 0.213771047310486 -0.213771047310486 -0.288815082813910 -0.605478623801828 -0.448154570991106 0.448154570991106 0.605478623801828 0.141694869549393 0.104877696715075 -0.104877696715075 -0.141694869549393 1.298282815107731 0.960944540661707 -0.960944540661707 -1.298282815107730 
-1.993509971022796 -0.791303057433098 3.052475105213729 3.199621289408127 -0.217572112949866 -0.086362988242831 0.333147798617468 0.349207365247706 0.929710891759702 0.369039072727012 -1.423579211237411 -1.492203603447611 -0.443474827419269 -0.176032722149585 0.679051467092358 0.711785503836370 
0.159249165826674 0.063212300737911 -0.243843332252095 -0.255597929634678 -1.021672175642788 -0.405542148287162 1.564390912095165 1.639803207156971 -1.021672175642787 -0.405542148287162 1.564390912095164 1.639803207156971 0.159249165826674 0.063212300737911 -0.243843332252095 -0.255597929634677 
-0.443474827419269 -0.176032722149585 0.679051467092358 0.711785503836370 0.929710891759703 0.369039072727012 -1.423579211237412 -1.492203603447611 -0.217572112949866 -0.086362988242831 0.333147798617467 0.349207365247706 -1.993509971022796 -0.791303057433098 3.052475105213729 3.199621289408127 
******************************************
Cubature Projection Matrix
9 16
1.335783771254574 0.145787732080862 -0.622967900448503 0.297157519168390 0.145787732080862 0.015911304870338 -0.067990852501722 0.032431836441348 -0.622967900448503 -0.067990852501722 0.290532804291163 -0.138585001407041 0.297157519168390 0.032431836441348 -0.138585001407041 0.066105452917262 
-0.106707493009408 -0.011646079056092 0.049765047541909 -0.023738073917138 0.684588054037068 0.074716089501505 -0.319270522574960 0.152292977477117 0.684588054037068 0.074716089501505 -0.319270522574960 0.152292977477116 -0.106707493009408 -0.011646079056092 0.049765047541909 -0.023738073917138 
0.297157519168390 0.032431836441348 -0.138585001407041 0.066105452917262 -0.622967900448504 -0.067990852501722 0.290532804291163 -0.138585001407041 0.145787732080862 0.015911304870338 -0.067990852501722 0.032431836441348 1.335783771254574 0.145787732080862 -0.622967900448503 0.297157519168390 
-0.106707493009408 0.684588054037068 0.684588054037068 -0.106707493009408 -0.011646079056092 0.074716089501505 0.074716089501505 -0.011646079056092 0.049765047541909 -0.319270522574960 -0.319270522574960 0.049765047541909 -0.023738073917138 0.152292977477117 0.152292977477116 -0.023738073917138 
0.008524200779636 -0.054687500000000 -0.054687500000000 0.008524200779636 -0.054687500000000 0.350850799220365 0.350850799220364 -0.054687500000000 -0.054687500000000 0.350850799220364 0.350850799220364 -0.054687500000000 0.008524200779636 -0.054687500000000 -0.054687500000000 0.008524200779636 
-0.023738073917138 0.152292977477117 0.152292977477116 -0.023738073917138 0.049765047541909 -0.319270522574960 -0.319270522574960 0.049765047541909 -0.011646079056092 0.074716089501505 0.074716089501505 -0.011646079056092 -0.106707493009408 0.684588054037068 0.684588054037068 -0.106707493009408 
0.297157519168390 -0.622967900448504 0.145787732080862 1.335783771254574 0.032431836441348 -0.067990852501722 0.015911304870338 0.145787732080862 -0.138585001407041 0.290532804291163 -0.067990852501722 -0.622967900448503 0.066105452917262 -0.138585001407041 0.032431836441348 0.297157519168390 
-0.023738073917138 0.049765047541909 -0.011646079056092 -0.106707493009408 0.152292977477117 -0.319270522574960 0.074716089501505 0.684588054037068 0.152292977477116 -0.319270522574960 0.074716089501505 0.684588054037068 -0.023738073917138 0.049765047541909 -0.011646079056092 -0.106707493009408 
0.066105452917262 -0.138585001407041 0.032431836441348 0.297157519168390 -0.138585001407041 0.290532804291163 -0.067990852501722 -0.622967900448503 0.032431836441348 -0.067990852501722 0.015911304870338 0.145787732080862 0.297157519168390 -0.622967900448503 0.145787732080862 1.335783771254574 
******************************************
Cubature Surface Interpolation Matrix
16 3
0.801346029369931 0.258444252854191 -0.059790282224122 
0.227784076790952 0.884412890002952 -0.112196966793904 
-0.112196966793904 0.884412890002952 0.227784076790952 
-0.059790282224122 0.258444252854191 0.801346029369931 
0.801346029369931 0.258444252854191 -0.059790282224122 
0.227784076790952 0.884412890002952 -0.112196966793904 
-0.112196966793904 0.884412890002952 0.227784076790952 
-0.059790282224122 0.258444252854191 0.801346029369931 
-0.059790282224122 0.258444252854191 0.801346029369931 
-0.112196966793904 0.884412890002952 0.227784076790952 
0.227784076790952 0.884412890002952 -0.112196966793904 
0.801346029369931 0.258444252854191 -0.059790282224122 
-0.059790282224122 0.258444252854191 0.801346029369931 
-0.112196966793904 0.884412890002952 0.227784076790952 
0.227784076790952 0.884412890002952 -0.112196966793904 
0.801346029369931 0.258444252854191 -0.059790282224122 
******************************************
Cubature Surface Lift Matrix
9 16
5.200925049248945 0.567630094008714 -2.425549275297464 1.156994132039810 1.733641683082981 0.189210031336240 -0.808516425099157 0.385664710679936 0.385664710679937 -0.808516425099155 0.189210031336240 1.733641683082981 1.156994132039811 -2.425549275297465 0.567630094008713 5.200925049248944 
-0.415469692983281 2.665469692983281 2.665469692983280 -0.415469692983281 -0.866820841541491 -0.094605015668120 0.404258212549577 -0.192832355339968 -0.138489897661093 0.888489897661094 0.888489897661093 -0.138489897661093 -0.192832355339969 0.404258212549578 -0.094605015668119 -0.866820841541491 
1.156994132039810 -2.425549275297465 0.567630094008713 5.200925049248943 5.200925049248945 0.567630094008715 -2.425549275297463 1.156994132039810 1.733641683082982 0.189210031336239 -0.808516425099155 0.385664710679936 0.385664710679937 -0.808516425099156 0.189210031336237 1.733641683082982 
-0.866820841541491 -0.094605015668119 0.404258212549578 -0.192832355339969 -0.138489897661093 0.888489897661094 0.888489897661094 -0.138489897661093 -0.192832355339968 0.404258212549577 -0.094605015668120 -0.866820841541491 -0.415469692983281 2.665469692983281 2.665469692983280 -0.415469692983281 
0.069244948830547 -0.444244948830547 -0.444244948830547 0.069244948830547 0.069244948830547 -0.444244948830547 -0.444244948830547 0.069244948830547 0.069244948830547 -0.444244948830547 -0.444244948830547 0.069244948830547 0.069244948830547 -0.444244948830547 -0.444244948830547 0.069244948830547 
-0.192832355339968 0.404258212549577 -0.094605015668119 -0.866820841541491 -0.415469692983281 2.665469692983280 2.665469692983279 -0.415469692983281 -0.866820841541491 -0.094605015668120 0.404258212549577 -0.192832355339968 -0.138489897661094 0.888489897661094 0.888489897661094 -0.138489897661094 
1.733641683082983 0.189210031336238 -0.808516425099156 0.385664710679937 0.385664710679936 -0.808516425099155 0.189210031336239 1.733641683082981 1.156994132039810 -2.425549275297462 0.567630094008715 5.200925049248944 5.200925049248944 0.567630094008714 -2.425549275297464 1.156994132039810 
-0.138489897661094 0.888489897661094 0.888489897661094 -0.138489897661094 -0.192832355339968 0.404258212549577 -0.094605015668119 -0.866820841541491 -0.415469692983281 2.665469692983280 2.665469692983279 -0.415469692983281 -0.866820841541491 -0.094605015668119 0.404258212549577 -0.192832355339968 
0.385664710679937 -0.808516425099155 0.189210031336238 1.733641683082982 1.156994132039811 -2.425549275297463 0.567630094008714 5.200925049248945 5.200925049248946 0.567630094008715 -2.425549275297462 1.156994132039811 1.733641683082982 0.189210031336238 -0.808516425099155 0.385664710679937 
******************************************
1D degree raise matrix
4 3
1.000000000000000 -0.000000000000000 0.000000000000000 
0.323606797749979 0.800000000000000 -0.123606797749979 
-0.123606797749979 0.800000000000000 0.323606797749979 
0.000000000000000 -0.000000000000000 1.000000000000000 
******************************************
1D degree lower matrix
2 3
1.000000000000000 -0.000000000000000 0.000000000000000 
0.000000000000000 -0.000000000000000 1.000000000000000 
******************************************
SEMFEM reference mesh
4 4
0 1 4 3 
1 2 5 4 
3 4 7 6 
4 5 8 7 
