% degree N
2
% number of nodes
10
% node coordinates
-1.000000000000000E+00 -1.000000000000000E+00 -9.999999999999999E-01
0.000000000000000E+00 -1.000000000000000E+00 -9.999999999999999E-01
1.000000000000000E+00 -1.000000000000000E+00 -9.999999999999999E-01
-1.000000000000000E+00 -6.409875621278545E-17 -9.999999999999999E-01
-2.346177312486510E-17 -6.409875621278545E-17 -9.999999999999999E-01
-9.999999999999999E-01 9.999999999999998E-01 -9.999999999999999E-01
-1.000000000000000E+00 -1.000000000000000E+00 0.000000000000000E+00
0.000000000000000E+00 -1.000000000000000E+00 0.000000000000000E+00
-1.000000000000000E+00 0.000000000000000E+00 0.000000000000000E+00
-1.000000000000000E+00 -1.000000000000000E+00 1.000000000000000E+00
% r collocation differentation matrix
-1.500000000000000E+00 2.000000000000000E+00 -4.999999999999998E-01 1.447616009817475E-17 -2.002016191888451E-16 -3.918980444636547E-17 3.110139806803223E-16 -1.330292302571049E-17 1.661949130736163E-16 -2.186769366746118E-17 
-5.000000000000001E-01 -3.333061339267651E-18 5.000000000000001E-01 -6.437796378069009E-17 4.372767078798758E-17 2.202839157939624E-18 -5.496048495794143E-17 5.314514961073621E-17 -1.824705191991304E-17 -1.451365803311855E-18 
4.999999999999998E-01 -2.000000000000000E+00 1.500000000000000E+00 -8.687903559971311E-17 2.313039087049784E-16 4.359548276224479E-17 -5.290405851648829E-16 2.276988568158605E-16 -2.026890169134424E-16 1.896496206083748E-17 
-5.000000000000000E-01 9.999999999999998E-01 -4.999999999999999E-01 -1.000000000000000E+00 1.000000000000000E+00 -2.617047603746064E-17 2.048838497603642E-16 -1.132741937699099E-17 1.141175994379970E-16 -2.563950248511418E-17 
5.000000000000001E-01 -1.000000000000000E+00 4.999999999999999E-01 -1.000000000000000E+00 1.000000000000000E+00 2.617047603746063E-17 -3.129894843290418E-16 1.194330539456686E-16 -1.141175994379970E-16 2.563950248511418E-17 
5.000000000000004E-01 -6.119516842382359E-16 -5.000000000000001E-01 -2.000000000000001E+00 2.000000000000000E+00 2.153599669874045E-17 -2.562061276061342E-16 6.811077609989872E-17 -7.670829150680719E-17 -6.620091075326058E-17 
-4.999999999999999E-01 1.000000000000000E+00 -5.000000000000000E-01 0.000000000000000E+00 -1.203143205148642E-16 -1.262153660223317E-17 -1.000000000000000E+00 1.000000000000000E+00 2.206697025108688E-17 1.655022768831514E-17 
5.000000000000000E-01 -9.999999999999999E-01 4.999999999999999E-01 0.000000000000000E+00 3.990000663371582E-16 9.495026699554811E-17 -1.000000000000001E+00 1.000000000000000E+00 -2.271829901320003E-16 3.472877728191320E-17 
5.000000000000004E-01 -6.687971114637268E-17 -5.000000000000002E-01 -1.000000000000000E+00 1.000000000000000E+00 3.485359689554087E-17 -1.000000000000000E+00 1.000000000000000E+00 -1.466919504426305E-16 -7.460952891516117E-18 
5.000000000000001E-01 1.097706436819464E-16 -5.000000000000001E-01 0.000000000000000E+00 -1.262153660223315E-17 -1.893230490334975E-17 -2.000000000000000E+00 2.000000000000000E+00 -1.609820793787397E-16 8.437946034685864E-17 
% s collocation differentation matrix
-1.500000000000000E+00 2.584218945334654E-16 1.118999627800420E-16 2.000000000000000E+00 -1.678499441700631E-16 -5.000000000000001E-01 4.728687390122539E-19 5.452568602335109E-17 -6.612294844753034E-17 -6.464127677107140E-17 
-5.000000000000001E-01 -1.000000000000000E+00 -0.000000000000000E+00 1.000000000000000E+00 1.000000000000000E+00 -5.000000000000000E-01 -7.564691879641349E-17 8.651153305660299E-17 -8.818991869861726E-17 -8.119150445938655E-17 
5.000000000000003E-01 -2.000000000000000E+00 -3.950411272716907E-16 -4.385564976760521E-16 2.000000000000000E+00 -4.999999999999999E-01 -4.512833904651459E-16 -7.291366947477422E-17 -1.684763041412480E-16 -2.991249948915820E-17 
-5.000000000000001E-01 0.000000000000000E+00 3.137633902401876E-17 2.893296385360902E-16 -2.797499069501052E-16 5.000000000000002E-01 3.787960433861302E-17 -1.617321294572580E-17 1.085319569644361E-17 1.872107015188403E-17 
5.000000000000000E-01 -1.000000000000000E+00 -0.000000000000000E+00 -1.000000000000000E+00 1.000000000000000E+00 5.000000000000001E-01 -6.944759180638334E-17 -1.539477452204452E-17 5.120104266449807E-17 2.170842463568887E-18 
5.000000000000002E-01 0.000000000000000E+00 1.118999627800420E-16 -2.000000000000000E+00 2.237999255600842E-16 1.500000000000000E+00 -1.966331789932948E-16 -1.425803617089560E-16 3.921265846211465E-16 -6.307223851850440E-18 
-5.000000000000000E-01 0.000000000000000E+00 -2.237999255600841E-16 1.000000000000000E+00 0.000000000000000E+00 -5.000000000000001E-01 -1.000000000000000E+00 1.872444516574241E-16 1.000000000000000E+00 -3.310045537663029E-17 
5.000000000000003E-01 -9.999999999999999E-01 -2.945852166829962E-16 -1.096391244190130E-16 1.000000000000000E+00 -5.000000000000001E-01 -1.000000000000000E+00 1.872444516574241E-16 9.999999999999999E-01 0.000000000000000E+00 
5.000000000000001E-01 -2.584218945334654E-16 -5.594998139002102E-17 -1.000000000000000E+00 -3.356998883401262E-16 5.000000000000002E-01 -1.000000000000000E+00 -1.872444516574241E-16 1.000000000000000E+00 0.000000000000000E+00 
5.000000000000001E-01 -3.601624998972964E-16 -2.693649017348088E-16 4.385564976760521E-16 3.916498697301473E-16 -5.000000000000000E-01 -2.000000000000000E+00 -3.744889033148481E-16 2.000000000000000E+00 -6.620091075326058E-17 
% t collocation differentation matrix
-1.500000000000000E+00 8.287940617124311E-17 1.159700839083563E-16 -4.385564976760521E-16 -1.752001407770740E-16 -9.495026699554809E-17 2.000000000000001E+00 2.454513286150697E-16 -1.367440132539423E-16 -4.999999999999999E-01 
-5.000000000000003E-01 -1.000000000000000E+00 1.110505004138501E-16 -1.469347173968777E-16 5.109000291172003E-16 9.495026699554809E-17 1.000000000000000E+00 1.000000000000000E+00 -1.367440132539423E-16 -4.999999999999999E-01 
4.999999999999996E-01 -1.999999999999999E+00 -1.085087052384985E-16 4.385564976760521E-16 8.318995242433047E-16 -9.495026699554809E-17 4.324225382747105E-16 2.000000000000001E+00 -1.367440132539423E-16 -5.000000000000000E-01 
-5.000000000000000E-01 0.000000000000000E+00 5.594998139002102E-17 -1.000000000000000E+00 -8.911222426670770E-17 -1.336683364000618E-16 1.000000000000000E+00 -1.872444516574241E-16 9.999999999999999E-01 -5.000000000000000E-01 
4.999999999999998E-01 -1.000000000000000E+00 -1.118999627800420E-16 -1.000000000000000E+00 1.765609555451092E-16 -7.085845502246267E-17 -2.162112691373552E-16 1.000000000000000E+00 1.000000000000000E+00 -4.999999999999999E-01 
5.000000000000003E-01 0.000000000000000E+00 -2.237999255600841E-16 -2.000000000000001E+00 4.520984562611130E-16 -6.646518689688366E-16 3.911380602894884E-16 7.489778066296962E-16 2.000000000000000E+00 -4.999999999999999E-01 
-5.000000000000001E-01 2.149133447116883E-16 -3.151383378502187E-17 1.750201060821837E-16 1.091608281211585E-16 -4.108701988325443E-18 2.658017867647452E-16 3.548382217520062E-17 0.000000000000000E+00 4.999999999999998E-01 
5.000000000000000E-01 -1.000000000000000E+00 -8.392497208503152E-17 0.000000000000000E+00 2.385003187741060E-16 1.899005339910961E-16 -1.000000000000001E+00 1.000000000000000E+00 -2.734880265078846E-16 4.999999999999998E-01 
5.000000000000001E-01 1.292109472667327E-16 -1.118999627800420E-16 -1.000000000000000E+00 4.124958817599920E-17 -1.899005339910962E-16 -1.000000000000000E+00 -0.000000000000000E+00 1.000000000000000E+00 4.999999999999998E-01 
5.000000000000001E-01 3.724713459380192E-17 -1.176021283407040E-16 4.385564976760521E-16 1.266003559940639E-16 1.899005339910962E-16 -2.000000000000000E+00 -2.966073421703766E-16 -2.734880265078846E-16 1.499999999999999E+00 
% faceNodes
0 1 2 3 4 5 
0 1 2 6 7 9 
2 4 5 7 8 9 
0 3 5 6 8 9 
% LIFT matrix
4.499999999999997E+00 1.999999999999996E+00 -4.999999999999994E-01 1.999999999999997E+00 6.455277382961784E-16 -4.999999999999987E-01 4.500000000000001E+00 2.000000000000003E+00 -5.000000000000006E-01 2.000000000000001E+00 1.786513596668224E-15 -5.000000000000002E-01 1.341381666340905E-15 5.000000000000003E+00 8.523005584914623E-16 5.000000000000000E+00 5.000000000000000E+00 -1.021370062055445E-15 4.500000000000000E+00 2.000000000000002E+00 -5.000000000000003E-01 2.000000000000001E+00 2.007791754853420E-15 -5.000000000000004E-01 
2.499999999999993E-01 5.499999999999998E+00 2.499999999999996E-01 1.000000000000000E+00 9.999999999999998E-01 -4.999999999999995E-01 2.500000000000000E-01 5.500000000000002E+00 2.500000000000004E-01 1.000000000000002E+00 1.000000000000002E+00 -5.000000000000003E-01 -3.750000000000002E-01 -1.750000000000001E+00 6.250000000000008E-01 -1.749999999999999E+00 7.499999999999996E-01 6.249999999999994E-01 -3.750000000000003E-01 -1.750000000000001E+00 6.250000000000008E-01 -1.750000000000000E+00 7.499999999999996E-01 6.249999999999993E-01 
-4.999999999999993E-01 1.999999999999998E+00 4.500000000000000E+00 1.704797268002526E-16 1.999999999999998E+00 -4.999999999999998E-01 -5.000000000000002E-01 2.000000000000003E+00 4.500000000000001E+00 1.359898571446897E-15 2.000000000000003E+00 -5.000000000000004E-01 4.500000000000000E+00 2.000000000000003E+00 -5.000000000000009E-01 2.000000000000001E+00 1.563702545003358E-15 -5.000000000000002E-01 1.119337061415874E-15 5.000000000000003E+00 1.861667437163684E-16 5.000000000000000E+00 5.000000000000000E+00 -9.103477595929297E-16 
2.499999999999996E-01 9.999999999999996E-01 -4.999999999999988E-01 5.499999999999996E+00 9.999999999999991E-01 2.499999999999991E-01 -3.750000000000001E-01 -1.750000000000001E+00 6.250000000000000E-01 -1.750000000000001E+00 7.499999999999984E-01 6.249999999999994E-01 6.249999999999998E-01 -1.749999999999999E+00 -3.750000000000008E-01 7.499999999999993E-01 -1.749999999999999E+00 6.249999999999993E-01 2.500000000000003E-01 5.500000000000000E+00 2.499999999999993E-01 1.000000000000002E+00 1.000000000000000E+00 -4.999999999999998E-01 
-4.999999999999997E-01 1.000000000000000E+00 2.499999999999992E-01 1.000000000000000E+00 5.500000000000000E+00 2.499999999999999E-01 6.250000000000001E-01 -1.750000000000002E+00 -3.750000000000004E-01 7.499999999999986E-01 -1.750000000000000E+00 6.249999999999994E-01 2.500000000000002E-01 5.500000000000000E+00 2.500000000000001E-01 1.000000000000001E+00 9.999999999999999E-01 -4.999999999999998E-01 6.250000000000000E-01 -1.749999999999999E+00 -3.750000000000000E-01 7.499999999999984E-01 -1.749999999999999E+00 6.249999999999991E-01 
-4.999999999999984E-01 4.440892098500627E-16 -4.999999999999989E-01 1.999999999999995E+00 1.999999999999998E+00 4.499999999999997E+00 1.232347557333924E-15 5.000000000000002E+00 2.109423746787795E-16 4.999999999999999E+00 4.999999999999998E+00 -6.661338147750939E-16 -5.000000000000002E-01 1.999999999999999E+00 4.500000000000001E+00 -1.677921338313500E-17 1.999999999999998E+00 -5.000000000000000E-01 -4.999999999999997E-01 1.999999999999996E+00 4.500000000000001E+00 -1.071320012690296E-15 1.999999999999997E+00 -4.999999999999996E-01 
-3.749999999999991E-01 -1.750000000000000E+00 6.249999999999997E-01 -1.750000000000000E+00 7.499999999999994E-01 6.250000000000000E-01 2.500000000000003E-01 1.000000000000001E+00 -4.999999999999998E-01 5.499999999999999E+00 1.000000000000000E+00 2.500000000000000E-01 6.250000000000002E-01 7.499999999999999E-01 6.250000000000004E-01 -1.750000000000000E+00 -1.750000000000000E+00 -3.749999999999999E-01 2.500000000000001E-01 1.000000000000001E+00 -4.999999999999999E-01 5.499999999999997E+00 1.000000000000000E+00 2.499999999999998E-01 
6.249999999999999E-01 -1.750000000000000E+00 -3.749999999999990E-01 7.499999999999978E-01 -1.750000000000001E+00 6.249999999999997E-01 -4.999999999999998E-01 1.000000000000001E+00 2.500000000000002E-01 1.000000000000000E+00 5.499999999999999E+00 2.499999999999999E-01 2.500000000000001E-01 1.000000000000001E+00 -5.000000000000001E-01 5.499999999999998E+00 1.000000000000000E+00 2.499999999999998E-01 6.250000000000002E-01 7.499999999999997E-01 6.250000000000000E-01 -1.750000000000000E+00 -1.750000000000000E+00 -3.749999999999999E-01 
6.249999999999996E-01 7.499999999999993E-01 6.249999999999998E-01 -1.749999999999999E+00 -1.750000000000000E+00 -3.749999999999996E-01 6.250000000000001E-01 7.500000000000004E-01 6.250000000000002E-01 -1.749999999999999E+00 -1.749999999999999E+00 -3.749999999999999E-01 -4.999999999999997E-01 1.000000000000001E+00 2.500000000000001E-01 1.000000000000001E+00 5.500000000000001E+00 2.500000000000000E-01 -4.999999999999999E-01 1.000000000000001E+00 2.500000000000001E-01 1.000000000000001E+00 5.500000000000001E+00 2.500000000000000E-01 
-7.251847807728751E-16 4.999999999999998E+00 -2.642972075268510E-16 4.999999999999998E+00 5.000000000000000E+00 -7.480196101422270E-17 -5.000000000000001E-01 -4.472711040135766E-16 -5.000000000000002E-01 2.000000000000000E+00 2.000000000000000E+00 4.499999999999999E+00 -5.000000000000003E-01 -3.148355387638729E-16 -5.000000000000003E-01 2.000000000000000E+00 2.000000000000000E+00 4.499999999999999E+00 -5.000000000000002E-01 -3.148355387638729E-16 -5.000000000000003E-01 2.000000000000000E+00 2.000000000000000E+00 4.499999999999999E+00 
% number of plot nodes
84
% plot node coordinates
-1.000000000000000E+00 -1.000000000000000E+00 -1.000000000000000E+00
-6.666666666666667E-01 -1.000000000000000E+00 -1.000000000000000E+00
-3.333333333333334E-01 -1.000000000000000E+00 -1.000000000000000E+00
0.000000000000000E+00 -1.000000000000000E+00 -1.000000000000000E+00
3.333333333333333E-01 -1.000000000000000E+00 -1.000000000000000E+00
6.666666666666667E-01 -1.000000000000000E+00 -1.000000000000000E+00
1.000000000000000E+00 -1.000000000000000E+00 -1.000000000000000E+00
-1.000000000000000E+00 -6.666666666666667E-01 -1.000000000000000E+00
-6.666666666666667E-01 -6.666666666666667E-01 -1.000000000000000E+00
-3.333333333333334E-01 -6.666666666666667E-01 -1.000000000000000E+00
0.000000000000000E+00 -6.666666666666667E-01 -1.000000000000000E+00
3.333333333333333E-01 -6.666666666666667E-01 -1.000000000000000E+00
6.666666666666667E-01 -6.666666666666667E-01 -1.000000000000000E+00
-1.000000000000000E+00 -3.333333333333334E-01 -1.000000000000000E+00
-6.666666666666667E-01 -3.333333333333334E-01 -1.000000000000000E+00
-3.333333333333334E-01 -3.333333333333334E-01 -1.000000000000000E+00
0.000000000000000E+00 -3.333333333333334E-01 -1.000000000000000E+00
3.333333333333333E-01 -3.333333333333334E-01 -1.000000000000000E+00
-1.000000000000000E+00 0.000000000000000E+00 -1.000000000000000E+00
-6.666666666666667E-01 0.000000000000000E+00 -1.000000000000000E+00
-3.333333333333334E-01 0.000000000000000E+00 -1.000000000000000E+00
0.000000000000000E+00 0.000000000000000E+00 -1.000000000000000E+00
-1.000000000000000E+00 3.333333333333333E-01 -1.000000000000000E+00
-6.666666666666667E-01 3.333333333333333E-01 -1.000000000000000E+00
-3.333333333333334E-01 3.333333333333333E-01 -1.000000000000000E+00
-1.000000000000000E+00 6.666666666666667E-01 -1.000000000000000E+00
-6.666666666666667E-01 6.666666666666667E-01 -1.000000000000000E+00
-1.000000000000000E+00 1.000000000000000E+00 -1.000000000000000E+00
-1.000000000000000E+00 -1.000000000000000E+00 -6.666666666666667E-01
-6.666666666666667E-01 -1.000000000000000E+00 -6.666666666666667E-01
-3.333333333333334E-01 -1.000000000000000E+00 -6.666666666666667E-01
0.000000000000000E+00 -1.000000000000000E+00 -6.666666666666667E-01
3.333333333333333E-01 -1.000000000000000E+00 -6.666666666666667E-01
6.666666666666667E-01 -1.000000000000000E+00 -6.666666666666667E-01
-1.000000000000000E+00 -6.666666666666667E-01 -6.666666666666667E-01
-6.666666666666667E-01 -6.666666666666667E-01 -6.666666666666667E-01
-3.333333333333334E-01 -6.666666666666667E-01 -6.666666666666667E-01
0.000000000000000E+00 -6.666666666666667E-01 -6.666666666666667E-01
3.333333333333333E-01 -6.666666666666667E-01 -6.666666666666667E-01
-1.000000000000000E+00 -3.333333333333334E-01 -6.666666666666667E-01
-6.666666666666667E-01 -3.333333333333334E-01 -6.666666666666667E-01
-3.333333333333334E-01 -3.333333333333334E-01 -6.666666666666667E-01
0.000000000000000E+00 -3.333333333333334E-01 -6.666666666666667E-01
-1.000000000000000E+00 0.000000000000000E+00 -6.666666666666667E-01
-6.666666666666667E-01 0.000000000000000E+00 -6.666666666666667E-01
-3.333333333333334E-01 0.000000000000000E+00 -6.666666666666667E-01
-1.000000000000000E+00 3.333333333333333E-01 -6.666666666666667E-01
-6.666666666666667E-01 3.333333333333333E-01 -6.666666666666667E-01
-1.000000000000000E+00 6.666666666666667E-01 -6.666666666666667E-01
-1.000000000000000E+00 -1.000000000000000E+00 -3.333333333333334E-01
-6.666666666666667E-01 -1.000000000000000E+00 -3.333333333333334E-01
-3.333333333333334E-01 -1.000000000000000E+00 -3.333333333333334E-01
0.000000000000000E+00 -1.000000000000000E+00 -3.333333333333334E-01
3.333333333333333E-01 -1.000000000000000E+00 -3.333333333333334E-01
-1.000000000000000E+00 -6.666666666666667E-01 -3.333333333333334E-01
-6.666666666666667E-01 -6.666666666666667E-01 -3.333333333333334E-01
-3.333333333333334E-01 -6.666666666666667E-01 -3.333333333333334E-01
0.000000000000000E+00 -6.666666666666667E-01 -3.333333333333334E-01
-1.000000000000000E+00 -3.333333333333334E-01 -3.333333333333334E-01
-6.666666666666667E-01 -3.333333333333334E-01 -3.333333333333334E-01
-3.333333333333334E-01 -3.333333333333334E-01 -3.333333333333334E-01
-1.000000000000000E+00 0.000000000000000E+00 -3.333333333333334E-01
-6.666666666666667E-01 0.000000000000000E+00 -3.333333333333334E-01
-1.000000000000000E+00 3.333333333333333E-01 -3.333333333333334E-01
-1.000000000000000E+00 -1.000000000000000E+00 0.000000000000000E+00
-6.666666666666667E-01 -1.000000000000000E+00 0.000000000000000E+00
-3.333333333333334E-01 -1.000000000000000E+00 0.000000000000000E+00
0.000000000000000E+00 -1.000000000000000E+00 0.000000000000000E+00
-1.000000000000000E+00 -6.666666666666667E-01 0.000000000000000E+00
-6.666666666666667E-01 -6.666666666666667E-01 0.000000000000000E+00
-3.333333333333334E-01 -6.666666666666667E-01 0.000000000000000E+00
-1.000000000000000E+00 -3.333333333333334E-01 0.000000000000000E+00
-6.666666666666667E-01 -3.333333333333334E-01 0.000000000000000E+00
-1.000000000000000E+00 0.000000000000000E+00 0.000000000000000E+00
-1.000000000000000E+00 -1.000000000000000E+00 3.333333333333333E-01
-6.666666666666667E-01 -1.000000000000000E+00 3.333333333333333E-01
-3.333333333333334E-01 -1.000000000000000E+00 3.333333333333333E-01
-1.000000000000000E+00 -6.666666666666667E-01 3.333333333333333E-01
-6.666666666666667E-01 -6.666666666666667E-01 3.333333333333333E-01
-1.000000000000000E+00 -3.333333333333334E-01 3.333333333333333E-01
-1.000000000000000E+00 -1.000000000000000E+00 6.666666666666667E-01
-6.666666666666667E-01 -1.000000000000000E+00 6.666666666666667E-01
-1.000000000000000E+00 -6.666666666666667E-01 6.666666666666667E-01
-1.000000000000000E+00 -1.000000000000000E+00 1.000000000000000E+00
% plot node interpolation matrix
1.000000000000000E+00 1.064917633773418E-16 -3.284954931482023E-17 1.133776201891556E-16 6.715160694719426E-19 -3.576708274955746E-17 -2.044050328095719E-16 1.180623632778336E-17 4.413394050217375E-17 3.310045537663029E-17 
5.555555555555557E-01 5.555555555555556E-01 -1.111111111111111E-01 3.610771526597840E-17 -4.842186282378433E-17 -4.128382531232919E-17 -1.553116539163156E-16 6.846797936700838E-18 6.620091075326064E-17 4.965068306494543E-17 
2.222222222222223E-01 8.888888888888888E-01 -1.111111111111111E-01 -1.464942635295271E-17 -6.985236102504307E-17 -1.113638294216362E-17 -1.133851347960062E-16 -8.635872615383686E-17 4.056140826814646E-17 5.606055868622398E-17 
0.000000000000000E+00 1.000000000000000E+00 3.926704279539041E-17 -1.349919884498248E-17 -4.912259025541488E-17 -6.546907197213871E-17 -2.789111177800214E-18 -4.847207968572231E-17 1.616138562256628E-16 6.993138719901863E-17 
-1.111111111111111E-01 8.888888888888891E-01 2.222222222222222E-01 -4.053313902709532E-17 4.284632167491593E-17 -3.588275236877097E-17 3.965316019476200E-17 -4.142606573174623E-17 1.395468859745759E-16 5.338115951070349E-17 
-1.111111111111110E-01 5.555555555555556E-01 5.555555555555557E-01 -1.246157377728875E-16 9.619600091547379E-17 -4.128382531232917E-17 -2.017961070546854E-17 -1.282852452741462E-16 6.620091075326064E-17 4.965068306494543E-17 
-1.535563714492134E-16 3.959661093223914E-17 1.000000000000000E+00 2.998909445530190E-17 3.612305385664312E-17 -1.113638294216360E-17 1.163393386624337E-16 -3.160831996122769E-16 4.056140826814646E-17 5.606055868622398E-17 
5.555555555555557E-01 0.000000000000000E+00 -0.000000000000000E+00 5.555555555555556E-01 9.791246743253682E-17 -1.111111111111111E-01 -3.192125054620581E-16 1.132100328126524E-16 -3.278456695316879E-17 5.233008224046592E-17 
2.222222222222224E-01 4.444444444444444E-01 -1.111111111111112E-01 4.444444444444445E-01 1.111111111111111E-01 -1.111111111111111E-01 -1.620618119510882E-16 5.414945718626700E-17 -7.145064468054608E-18 4.592020661918737E-17 
8.667733845766650E-17 6.666666666666669E-01 -1.111111111111112E-01 3.333333333333334E-01 2.222222222222223E-01 -1.111111111111111E-01 -7.964399981848889E-17 -2.559118253415011E-17 -2.921203471914149E-17 2.936997893087223E-17 
-1.111111111111111E-01 6.666666666666667E-01 -1.398749534750525E-17 2.222222222222222E-01 3.333333333333334E-01 -1.111111111111111E-01 -2.379401876469026E-17 -3.730722308577499E-17 -7.145064468054608E-18 4.592020661918737E-17 
-1.111111111111111E-01 4.444444444444446E-01 2.222222222222222E-01 1.111111111111112E-01 4.444444444444445E-01 -1.111111111111111E-01 -4.676279296339189E-17 -1.008156102477307E-16 -3.572532234027304E-18 2.296010330959369E-17 
1.087492032819667E-16 -1.292109472667327E-16 5.555555555555556E-01 1.096391244190130E-16 5.555555555555555E-01 -1.111111111111111E-01 -8.093426607361590E-17 -8.093426607361594E-17 -1.071759670208190E-17 6.888030992878107E-17 
2.222222222222223E-01 -1.292109472667327E-16 -0.000000000000000E+00 8.888888888888891E-01 -6.993747673752630E-17 -1.111111111111111E-01 -1.615702656158781E-16 5.881862371383286E-19 -8.049103968936985E-17 4.218973017342932E-17 
1.950240115297496E-16 3.333333333333334E-01 -1.111111111111112E-01 6.666666666666670E-01 2.222222222222221E-01 -1.111111111111111E-01 -1.296109432286979E-16 5.957391726648790E-17 -5.842406943828298E-17 5.873995786174446E-17 
-1.111111111111111E-01 4.444444444444446E-01 -1.111111111111111E-01 4.444444444444446E-01 4.444444444444445E-01 -1.111111111111111E-01 -1.018135921591581E-16 -5.212309837171055E-18 -7.691850745534255E-17 1.922962686383563E-17 
-1.111111111111112E-01 3.333333333333334E-01 -4.196248604251576E-17 2.222222222222223E-01 6.666666666666667E-01 -1.111111111111111E-01 -8.500725169620632E-17 -3.095443441186754E-17 -1.281975124255709E-16 3.204937810639272E-17 
-2.207186482430016E-17 1.292109472667327E-16 2.222222222222221E-01 0.000000000000000E+00 8.888888888888890E-01 -1.111111111111111E-01 -3.071735847066971E-19 -1.624656254377232E-16 -1.281975124255709E-16 3.204937810639272E-17 
0.000000000000000E+00 0.000000000000000E+00 5.594998139002102E-17 1.000000000000000E+00 -1.578674539910216E-16 9.406742163450319E-17 -1.200740846282754E-16 -1.196845005959780E-17 -1.830490496298266E-16 6.782923265854349E-17 
-1.111111111111111E-01 2.222222222222223E-01 -1.111111111111111E-01 6.666666666666669E-01 3.333333333333332E-01 9.437753348224526E-17 -1.336356089003242E-16 5.554925159486160E-17 -1.794765173957993E-16 4.486912934894980E-17 
-1.111111111111111E-01 2.222222222222223E-01 -1.111111111111111E-01 3.333333333333334E-01 6.666666666666667E-01 1.192101748011335E-16 -1.340458665127288E-16 -3.945343626513591E-17 -2.271829901320003E-16 3.472877728191320E-17 
6.541053405313341E-17 -1.292109472667327E-16 -2.967061946578229E-17 -2.192782488380260E-16 1.000000000000000E+00 1.039788616382807E-16 -1.195825382930652E-16 -6.552972100872646E-17 -2.563950248511418E-16 6.409875621278544E-17 
-1.111111111111111E-01 6.460547363336635E-17 5.594998139002102E-17 8.888888888888891E-01 -1.678499441700631E-16 2.222222222222223E-01 -1.273641089492223E-16 1.428999774724718E-16 -1.794765173957993E-16 4.486912934894980E-17 
-1.111111111111111E-01 1.111111111111112E-01 -1.111111111111110E-01 4.444444444444446E-01 4.444444444444441E-01 2.222222222222223E-01 -9.550252818334722E-17 1.562545123419454E-17 -2.271829901320003E-16 3.472877728191320E-17 
-5.992278061979746E-17 1.835251233622378E-16 -1.111111111111110E-01 1.096391244190130E-16 8.888888888888888E-01 2.222222222222223E-01 -9.399135575891512E-17 1.411427880976247E-17 -2.271829901320003E-16 3.472877728191320E-17 
-1.111111111111111E-01 -1.292109472667327E-16 1.398749534750525E-16 5.555555555555556E-01 -5.035498325101894E-16 5.555555555555560E-01 -1.375153147190581E-16 -1.104889060768888E-16 -3.112465620553975E-16 9.987861076493620E-17 
8.667733845766650E-17 0.000000000000000E+00 -1.111111111111110E-01 -1.096391244190130E-16 5.555555555555551E-01 5.555555555555560E-01 -1.591720273577405E-16 -3.755318846797825E-17 -2.856070595702833E-16 9.346873514365766E-17 
-3.192830677752632E-17 0.000000000000000E+00 1.664103247465255E-16 3.838985129433519E-18 -4.475998511201683E-16 1.000000000000000E+00 -6.229310197215401E-17 -3.187410391310793E-17 -2.343280546000549E-16 8.064898390110057E-17 
5.555555555555556E-01 6.972208774027607E-17 2.114019097115834E-17 0.000000000000000E+00 2.613744154325779E-17 -2.373756674888702E-17 5.555555555555555E-01 2.622941839027676E-17 -1.709300165674279E-17 -1.111111111111110E-01 
2.222222222222223E-01 4.444444444444444E-01 -1.111111111111111E-01 -5.481956220950651E-17 1.277250072793001E-16 2.373756674888702E-17 4.444444444444443E-01 1.111111111111110E-01 6.837200662697116E-17 -1.111111111111110E-01 
-4.333866922883325E-17 6.666666666666667E-01 -1.111111111111111E-01 -9.593423386663639E-17 -4.012493689076305E-17 2.373756674888702E-17 3.333333333333333E-01 2.222222222222222E-01 -1.709300165674279E-17 -1.111111111111110E-01 
-1.111111111111112E-01 6.666666666666667E-01 6.024150096177636E-17 -1.233440149713897E-16 1.582504449925799E-17 2.373756674888702E-17 2.222222222222221E-01 3.333333333333333E-01 -6.837200662697116E-17 -1.111111111111110E-01 
-1.111111111111111E-01 4.444444444444445E-01 2.222222222222222E-01 -1.096391244190130E-16 3.165008899851598E-17 4.747513349777404E-17 1.111111111111110E-01 4.444444444444443E-01 -1.709300165674279E-17 -1.111111111111110E-01 
5.480335992534286E-17 -6.374795706464729E-17 5.555555555555557E-01 -2.192782488380260E-16 0.000000000000000E+00 -0.000000000000000E+00 -1.081056345686776E-16 5.555555555555555E-01 -8.546500828371396E-17 -1.111111111111110E-01 
2.222222222222223E-01 6.460547363336635E-17 5.594998139002102E-17 4.444444444444445E-01 8.392497208503156E-17 -1.111111111111111E-01 4.444444444444443E-01 4.681111291435601E-17 1.111111111111110E-01 -1.111111111111110E-01 
8.667733845766650E-17 3.333333333333333E-01 -1.111111111111110E-01 3.333333333333333E-01 1.111111111111111E-01 -1.111111111111111E-01 3.333333333333333E-01 1.111111111111111E-01 1.111111111111110E-01 -1.111111111111110E-01 
-1.111111111111111E-01 4.444444444444446E-01 -1.111111111111111E-01 2.222222222222222E-01 2.222222222222223E-01 -1.111111111111111E-01 2.222222222222222E-01 2.222222222222222E-01 1.111111111111110E-01 -1.111111111111110E-01 
-1.111111111111111E-01 3.333333333333334E-01 -0.000000000000000E+00 1.111111111111110E-01 3.333333333333334E-01 -1.111111111111111E-01 1.111111111111110E-01 3.333333333333332E-01 1.111111111111110E-01 -1.111111111111110E-01 
0.000000000000000E+00 0.000000000000000E+00 2.222222222222223E-01 -1.370489055237663E-16 4.444444444444444E-01 -1.111111111111111E-01 -1.621584518530164E-16 4.444444444444443E-01 1.111111111111109E-01 -1.111111111111110E-01 
5.437460164098333E-17 -6.460547363336635E-17 -0.000000000000000E+00 6.666666666666669E-01 0.000000000000000E+00 -1.111111111111111E-01 3.333333333333333E-01 -4.681111291435601E-17 2.222222222222222E-01 -1.111111111111110E-01 
-1.111111111111111E-01 2.222222222222222E-01 -1.111111111111111E-01 4.444444444444445E-01 2.222222222222222E-01 -1.111111111111111E-01 2.222222222222222E-01 1.111111111111111E-01 2.222222222222221E-01 -1.111111111111110E-01 
-1.111111111111111E-01 2.222222222222223E-01 -1.111111111111111E-01 2.222222222222222E-01 4.444444444444445E-01 -1.111111111111111E-01 1.111111111111111E-01 2.222222222222223E-01 2.222222222222221E-01 -1.111111111111110E-01 
7.564140604551642E-17 6.460547363336635E-17 4.853232652357544E-17 -5.481956220950651E-17 6.666666666666669E-01 -1.111111111111111E-01 -1.621584518530164E-16 3.333333333333334E-01 2.222222222222220E-01 -1.111111111111110E-01 
-1.111111111111111E-01 -3.230273681668318E-17 8.392497208503152E-17 6.666666666666667E-01 -1.802810531871247E-16 6.527830855943931E-17 2.222222222222221E-01 -0.000000000000000E+00 3.333333333333331E-01 -1.111111111111110E-01 
-1.111111111111111E-01 1.111111111111112E-01 -1.111111111111111E-01 3.333333333333335E-01 3.333333333333333E-01 7.121270024666106E-17 1.111111111111110E-01 1.111111111111111E-01 3.333333333333331E-01 -1.111111111111110E-01 
2.166933461441662E-17 0.000000000000000E+00 -1.111111111111111E-01 0.000000000000000E+00 6.666666666666667E-01 1.068190503699916E-16 -1.621584518530164E-16 2.222222222222221E-01 3.333333333333331E-01 -1.111111111111110E-01 
-1.111111111111112E-01 -1.938164209000991E-16 5.594998139002102E-17 4.444444444444446E-01 -1.958249348650736E-16 2.222222222222224E-01 1.111111111111110E-01 -9.362222582871203E-17 4.444444444444442E-01 -1.111111111111110E-01 
-1.137640067256873E-16 0.000000000000000E+00 -1.111111111111111E-01 2.740978110475325E-16 4.444444444444443E-01 2.222222222222223E-01 -4.053961296325411E-17 1.111111111111110E-01 4.444444444444443E-01 -1.111111111111110E-01 
1.505784069727710E-17 0.000000000000000E+00 1.510351581372672E-16 -1.043605209526004E-16 -3.916498697301473E-16 5.555555555555559E-01 -7.473937882671742E-17 -9.362222582871203E-17 5.555555555555554E-01 -1.111111111111110E-01 
2.222222222222222E-01 -1.862114065645246E-17 6.967897701418985E-17 -2.192782488380260E-16 2.429989239150506E-17 -4.747513349777404E-17 8.888888888888890E-01 7.750842336050514E-17 3.418600331348558E-17 -1.111111111111110E-01 
2.166933461441662E-17 3.333333333333333E-01 -1.111111111111110E-01 0.000000000000000E+00 1.435500517785581E-16 4.747513349777404E-17 6.666666666666667E-01 2.222222222222221E-01 -3.418600331348558E-17 -1.111111111111111E-01 
-1.111111111111112E-01 4.444444444444446E-01 -1.111111111111111E-01 -6.901587161200939E-17 1.118999627800421E-16 -0.000000000000000E+00 4.444444444444445E-01 4.444444444444445E-01 -3.418600331348558E-17 -1.111111111111111E-01 
-1.111111111111112E-01 3.333333333333334E-01 -1.695628770771789E-18 -2.192782488380260E-16 3.165008899851598E-17 4.747513349777404E-17 2.222222222222222E-01 6.666666666666666E-01 -8.546500828371396E-17 -1.111111111111111E-01 
-2.610674858534072E-17 -5.221349717068146E-17 2.222222222222222E-01 -1.096391244190130E-16 -1.604997475630522E-16 9.495026699554809E-17 -1.081056345686776E-16 8.888888888888887E-01 -1.538370149106851E-16 -1.111111111111110E-01 
7.052597004932492E-17 -3.230273681668318E-17 8.392497208503152E-17 3.333333333333332E-01 1.118999627800421E-16 -1.111111111111111E-01 6.666666666666666E-01 1.404333387430680E-16 2.222222222222221E-01 -1.111111111111111E-01 
-1.111111111111111E-01 2.222222222222223E-01 -1.111111111111111E-01 2.222222222222221E-01 1.111111111111111E-01 -1.111111111111111E-01 4.444444444444445E-01 2.222222222222222E-01 2.222222222222220E-01 -1.111111111111111E-01 
-1.111111111111111E-01 2.222222222222223E-01 -1.111111111111111E-01 1.111111111111110E-01 2.222222222222223E-01 -1.111111111111111E-01 2.222222222222221E-01 4.444444444444445E-01 2.222222222222221E-01 -1.111111111111111E-01 
5.437460164098333E-17 -6.460547363336635E-17 1.049062151062894E-16 0.000000000000000E+00 3.333333333333335E-01 -1.111111111111111E-01 -2.162112691373552E-16 6.666666666666667E-01 2.222222222222220E-01 -1.111111111111111E-01 
-1.111111111111111E-01 3.230273681668318E-17 2.797499069501051E-17 4.444444444444445E-01 8.392497208503156E-17 -1.111111111111111E-01 4.444444444444444E-01 -0.000000000000000E+00 4.444444444444443E-01 -1.111111111111111E-01 
-1.111111111111111E-01 1.111111111111111E-01 -1.111111111111111E-01 2.222222222222223E-01 2.222222222222223E-01 -1.111111111111111E-01 2.222222222222222E-01 2.222222222222221E-01 4.444444444444443E-01 -1.111111111111111E-01 
2.166933461441662E-17 0.000000000000000E+00 -1.111111111111111E-01 -1.096391244190130E-16 4.444444444444445E-01 -1.111111111111111E-01 -5.405281728433881E-17 4.444444444444445E-01 4.444444444444443E-01 -1.111111111111111E-01 
-1.111111111111112E-01 -1.615136840834159E-16 9.791246743253678E-17 3.333333333333333E-01 -1.995000331685791E-16 -4.747513349777404E-17 2.222222222222223E-01 -0.000000000000000E+00 6.666666666666665E-01 -1.111111111111110E-01 
3.802196812769998E-17 -3.230273681668318E-17 -1.111111111111111E-01 -1.370489055237663E-16 3.333333333333333E-01 -2.373756674888702E-17 -2.702640864216941E-17 2.222222222222222E-01 6.666666666666664E-01 -1.111111111111110E-01 
-2.228937997041018E-18 1.292109472667327E-16 4.259371628121783E-17 1.848166573301979E-16 -1.118999627800421E-16 2.222222222222223E-01 2.404608684660227E-17 -0.000000000000000E+00 8.888888888888888E-01 -1.111111111111111E-01 
-8.837809532423922E-17 8.327582472452109E-17 6.860710301125854E-17 0.000000000000000E+00 1.678499441700631E-16 -0.000000000000000E+00 1.000000000000000E+00 3.572532234027314E-18 3.572532234027304E-18 -2.296010330959369E-17 
-1.111111111111112E-01 2.222222222222223E-01 -1.111111111111110E-01 -1.644586866285195E-16 2.098124302125789E-16 -0.000000000000000E+00 6.666666666666666E-01 3.333333333333334E-01 -2.206697025108688E-17 -1.655022768831514E-17 
-1.111111111111112E-01 2.222222222222223E-01 -1.111111111111110E-01 -1.096391244190130E-16 1.678499441700631E-16 -0.000000000000000E+00 3.333333333333333E-01 6.666666666666667E-01 -2.563950248511418E-17 6.409875621278543E-18 
-6.076760602499469E-17 -3.485787359232290E-17 2.797499069501051E-17 0.000000000000000E+00 1.435500517785581E-16 4.747513349777404E-17 -2.162112691373552E-16 1.000000000000000E+00 2.563950248511418E-17 -6.409875621278543E-18 
-1.111111111111112E-01 1.292109472667327E-16 8.392497208503152E-17 2.222222222222221E-01 1.398749534750526E-16 -1.111111111111112E-01 6.666666666666667E-01 9.362222582871203E-17 3.333333333333332E-01 -1.655022768831514E-17 
-1.111111111111111E-01 1.111111111111112E-01 -1.111111111111111E-01 1.111111111111111E-01 1.111111111111113E-01 -1.111111111111111E-01 3.333333333333334E-01 3.333333333333334E-01 3.333333333333333E-01 -2.482534153247272E-17 
-5.517966206075040E-18 3.230273681668318E-17 -1.111111111111111E-01 -5.481956220950651E-17 2.222222222222223E-01 -1.111111111111111E-01 -1.081056345686776E-16 6.666666666666667E-01 3.333333333333331E-01 0.000000000000000E+00 
-1.111111111111112E-01 9.690821045004953E-17 -1.398749534750525E-17 2.222222222222223E-01 1.958249348650736E-16 -1.111111111111112E-01 3.333333333333334E-01 1.872444516574241E-16 6.666666666666667E-01 -3.310045537663029E-17 
-4.394888001431200E-17 7.462224957950070E-17 -1.111111111111111E-01 -2.740978110475325E-17 2.222222222222223E-01 -1.111111111111111E-01 -0.000000000000000E+00 3.333333333333333E-01 6.666666666666665E-01 -1.655022768831514E-17 
-3.542825771407784E-17 0.000000000000000E+00 4.659787972299002E-18 6.217387392723071E-17 5.594998139002104E-17 -0.000000000000000E+00 4.950023649863617E-18 -0.000000000000000E+00 1.000000000000000E+00 -3.310045537663029E-17 
-1.111111111111112E-01 2.065872769508297E-16 4.603433891681271E-17 1.096391244190130E-16 3.356998883401262E-16 -0.000000000000000E+00 8.888888888888891E-01 1.347856148768706E-16 3.418600331348558E-17 2.222222222222220E-01 
-1.111111111111112E-01 1.111111111111113E-01 -1.111111111111110E-01 -1.122957528982395E-18 1.921498365615682E-16 -4.747513349777404E-17 4.444444444444446E-01 4.444444444444445E-01 -3.418600331348558E-17 2.222222222222220E-01 
-3.912318808829827E-17 2.251243084252362E-16 -1.111111111111111E-01 1.096391244190130E-16 2.274750238635896E-16 4.747513349777404E-17 -1.081056345686776E-16 8.888888888888890E-01 -2.051160198809135E-16 2.222222222222220E-01 
-1.111111111111112E-01 1.130595788583911E-16 4.895623371626839E-17 1.111111111111111E-01 1.398749534750526E-16 -1.111111111111112E-01 4.444444444444446E-01 9.362222582871203E-17 4.444444444444443E-01 2.222222222222220E-01 
-1.102293273859563E-16 1.695893682875867E-16 -1.111111111111111E-01 5.481956220950651E-17 1.111111111111111E-01 -1.111111111111112E-01 2.702640864216940E-16 4.444444444444445E-01 4.444444444444443E-01 2.222222222222221E-01 
-2.062814783271739E-17 2.584218945334654E-16 1.995493861185206E-18 2.557785961902709E-16 2.517749162550947E-16 -1.111111111111112E-01 8.382089250769385E-17 -0.000000000000000E+00 8.888888888888888E-01 2.222222222222220E-01 
-1.111111111111112E-01 9.447551591303659E-17 -1.300291069805004E-17 0.000000000000000E+00 1.763247920623102E-16 -7.121270024666106E-17 5.555555555555556E-01 3.377426037589230E-16 2.734880265078846E-16 5.555555555555554E-01 
-1.765910038805510E-17 1.380364761392228E-16 -1.111111111111111E-01 1.096391244190130E-16 2.079748810608262E-16 -2.373756674888702E-17 1.081056345686776E-16 5.555555555555556E-01 1.367440132539423E-16 5.555555555555554E-01 
1.221016329939630E-17 3.068759997584902E-16 -1.283245693998171E-17 1.880823339958424E-16 2.377874209075894E-16 -1.111111111111112E-01 9.674919334717808E-17 9.362222582871203E-17 5.555555555555555E-01 5.555555555555554E-01 
6.837200662697117E-17 2.693812633113984E-16 6.837200662697113E-17 2.693812633113984E-16 2.693812633113982E-16 6.837200662697121E-17 -2.734880265078846E-16 -2.734880265078847E-16 -2.734880265078846E-16 9.999999999999998E-01 
% number of plot elements
212
% number of vertices per plot elements
4
% triangulation of plot nodes
52 57 53
67 48 25 26
27 5 33 12
6 32 33 53
38 17 11 12
38 46 48 63
47 81 75 76
78 81 82 80
83 71 72 79
73 37 57 42
38 16 17 42
21 77 82 79
78 41 45 42
60 24 45 20
21 24 23 26
47 62 59 72
60 62 61 63
73 44 62 45
47 70 56 57
60 70 69 72
78 66 70 76
67 32 33 12
38 32 11 4
12 32 5 33
12 32 11 12
38 32 5 4
12 7 1 29
0 7 8 1
29 7 28 34
29 7 35 8
29 7 35 34
29 7 28 29
0 16 10 11
38 16 17 42
38 16 17 11
38 16 37 42
38 16 37 10
38 23 48 26
47 23 46 48
47 23 48 25
26 23 48 22
25 23 46 48
22 77 81 75
80 77 81 82
78 77 81 75
78 77 81 82
80 77 74 75
80 41 20 15
21 41 45 20
21 41 45 42
21 41 16 15
21 41 16 42
21 31 11 4
3 31 11 4
38 31 32 4
38 31 10 11
3 31 10 11
38 31 37 10
38 31 57 53
38 31 52 57
53 31 32 53
38 31 37 57
38 50 49 34
54 50 35 34
29 50 35 34
54 50 28 34
29 50 28 49
34 50 55 35
54 62 71 58
72 62 71 58
73 62 59 58
72 62 71 72
73 62 61 58
73 69 72 79
78 69 71 68
79 69 71 72
79 69 77 68
79 69 77 79
78 69 68 58
54 69 71 58
72 69 71 68
58 69 59 58
54 69 59 58
72 69 55 59
54 44 24 45
20 44 23 19
20 44 24 23
20 44 24 23
47 44 24 45
47 44 41 59
60 44 62 45
60 44 41 45
60 44 62 59
60 44 40 41
59 44 20 15
14 44 45 20
15 44 19 20
14 44 41 15
14 44 41 45
15 44 40 41
14 70 59 72
60 70 55 59
72 70 55 59
60 70 56 55
60 70 69 55
72 39 35 8
34 39 13 8
14 39 35 8
14 39 7 8
34 39 7 13
8 39 40 35
14 39 35 34
54 39 59 58
54 39 55 35
54 39 55 59
54 39 55 59
35 39 40 59
35 36 55 59
35 36 55 59
60 36 41 59
60 36 40 41
59 36 56 55
60 36 40 59
35 36 57 42
60 36 37 57
42 36 41 42
60 36 56 57
60 36 8 15
14 36 35 8
14 36 41 15
14 36 40 35
14 36 40 41
14 36 9 8
15 36 16 10
42 36 37 10
42 36 16 15
42 36 16 10
15 36 41 15
42 36 9 10
15 36 37 10
3 36 2 10
3 36 31 37
3 36 31 2
3 36 9 2
10 36 30 31
2 36 8 1
29 36 2 1
29 36 2 8
1 36 35 8
29 36 9 2
8 36 30 2
29 36 55 35
29 36 50 55
51 36 50 55
29 36 50 51
29 36 56 55
51 36 30 51
29 36 37 52
57 36 31 37
52 36 51 52
57 36 31 51
52 36 56 51
57 36 30 31
51 66 51 52
57 66 52 57
67 66 56 51
57 66 70 56
57 66 70 57
67 43 19 22
18 43 46 22
47 43 23 22
47 43 23 19
22 43 23 19
47 43 44 19
47 43 62 63
47 43 46 63
47 43 62 61
63 43 44 62
47 43 61 59
58 43 40 59
58 43 40 62
59 43 62 61
59 43 44 40
62 43 39 40
58 43 13 14
18 43 40 13
14 43 40 19
14 43 19 14
18 43 44 40
19 43 39 40
13 65 74 75
78 65 74 68
64 65 77 74
68 65 77 68
78 65 77 74
78 65 69 68
78 65 49 54
64 65 55 49
54 65 55 68
54 65 68 54
64 65 50 55
49 65 69 55
68 65 70 76
78 65 75 76
78 65 70 69
78 65 66 70
76 65 50 55
51 65 69 56
55 65 56 55
51 65 70 56
51 65 70 69
56 65 66 70
51 