% degree N
1
% number of nodes
4
% node coordinates
-1.000000000000000E+00 -1.000000000000000E+00 -9.999999999999999E-01
1.000000000000000E+00 -1.000000000000000E+00 -9.999999999999999E-01
-1.000000000000000E+00 9.999999999999999E-01 -9.999999999999999E-01
-1.000000000000000E+00 -1.000000000000000E+00 1.000000000000000E+00
% r collocation differentation matrix
-5.000000000000000E-01 5.000000000000000E-01 0.000000000000000E+00 0.000000000000000E+00 
-5.000000000000000E-01 5.000000000000000E-01 0.000000000000000E+00 0.000000000000000E+00 
-5.000000000000000E-01 5.000000000000000E-01 0.000000000000000E+00 0.000000000000000E+00 
-5.000000000000000E-01 5.000000000000000E-01 0.000000000000000E+00 0.000000000000000E+00 
% s collocation differentation matrix
-4.999999999999999E-01 1.497153826800370E-17 4.999999999999999E-01 0.000000000000000E+00 
-5.000000000000000E-01 1.365903771577661E-16 4.999999999999999E-01 0.000000000000000E+00 
-4.999999999999999E-01 1.497153826800370E-17 4.999999999999999E-01 0.000000000000000E+00 
-4.999999999999999E-01 1.497153826800370E-17 4.999999999999999E-01 0.000000000000000E+00 
% t collocation differentation matrix
-4.999999999999999E-01 8.170599419506765E-18 1.360187769699387E-17 4.999999999999999E-01 
-5.000000000000000E-01 1.297894383092691E-16 1.360187769699387E-17 4.999999999999999E-01 
-4.999999999999999E-01 -3.532178809082238E-18 3.700743415417188E-17 4.999999999999999E-01 
-4.999999999999999E-01 8.170599419506765E-18 1.360187769699387E-17 4.999999999999999E-01 
% faceNodes
0 1 2 
0 1 3 
1 2 3 
0 2 3 
% LIFT matrix
2.999999999999998E+00 4.999999999999985E-01 4.999999999999984E-01 3.000000000000000E+00 5.000000000000001E-01 4.999999999999998E-01 -2.000000000000000E+00 -2.000000000000000E+00 -2.000000000000000E+00 2.999999999999999E+00 4.999999999999995E-01 4.999999999999998E-01 
4.999999999999986E-01 2.999999999999999E+00 4.999999999999993E-01 5.000000000000001E-01 3.000000000000000E+00 4.999999999999998E-01 2.999999999999999E+00 4.999999999999996E-01 4.999999999999997E-01 -2.000000000000000E+00 -2.000000000000000E+00 -1.999999999999999E+00 
4.999999999999988E-01 4.999999999999990E-01 2.999999999999999E+00 -2.000000000000000E+00 -2.000000000000000E+00 -2.000000000000000E+00 4.999999999999998E-01 3.000000000000000E+00 4.999999999999998E-01 4.999999999999998E-01 3.000000000000000E+00 4.999999999999999E-01 
-1.999999999999998E+00 -1.999999999999999E+00 -1.999999999999999E+00 5.000000000000001E-01 5.000000000000002E-01 3.000000000000000E+00 5.000000000000002E-01 5.000000000000001E-01 3.000000000000000E+00 5.000000000000002E-01 5.000000000000002E-01 3.000000000000000E+00 
% number of plot nodes
56
% plot node coordinates
-1.000000000000000E+00 -1.000000000000000E+00 -1.000000000000000E+00
-6.000000000000000E-01 -1.000000000000000E+00 -1.000000000000000E+00
-2.000000000000000E-01 -1.000000000000000E+00 -1.000000000000000E+00
2.000000000000000E-01 -1.000000000000000E+00 -1.000000000000000E+00
6.000000000000001E-01 -1.000000000000000E+00 -1.000000000000000E+00
1.000000000000000E+00 -1.000000000000000E+00 -1.000000000000000E+00
-1.000000000000000E+00 -6.000000000000000E-01 -1.000000000000000E+00
-6.000000000000000E-01 -6.000000000000000E-01 -1.000000000000000E+00
-2.000000000000000E-01 -6.000000000000000E-01 -1.000000000000000E+00
2.000000000000000E-01 -6.000000000000000E-01 -1.000000000000000E+00
6.000000000000001E-01 -6.000000000000000E-01 -1.000000000000000E+00
-1.000000000000000E+00 -2.000000000000000E-01 -1.000000000000000E+00
-6.000000000000000E-01 -2.000000000000000E-01 -1.000000000000000E+00
-2.000000000000000E-01 -2.000000000000000E-01 -1.000000000000000E+00
2.000000000000000E-01 -2.000000000000000E-01 -1.000000000000000E+00
-1.000000000000000E+00 2.000000000000000E-01 -1.000000000000000E+00
-6.000000000000000E-01 2.000000000000000E-01 -1.000000000000000E+00
-2.000000000000000E-01 2.000000000000000E-01 -1.000000000000000E+00
-1.000000000000000E+00 6.000000000000001E-01 -1.000000000000000E+00
-6.000000000000000E-01 6.000000000000001E-01 -1.000000000000000E+00
-1.000000000000000E+00 1.000000000000000E+00 -1.000000000000000E+00
-1.000000000000000E+00 -1.000000000000000E+00 -6.000000000000000E-01
-6.000000000000000E-01 -1.000000000000000E+00 -6.000000000000000E-01
-2.000000000000000E-01 -1.000000000000000E+00 -6.000000000000000E-01
2.000000000000000E-01 -1.000000000000000E+00 -6.000000000000000E-01
6.000000000000001E-01 -1.000000000000000E+00 -6.000000000000000E-01
-1.000000000000000E+00 -6.000000000000000E-01 -6.000000000000000E-01
-6.000000000000000E-01 -6.000000000000000E-01 -6.000000000000000E-01
-2.000000000000000E-01 -6.000000000000000E-01 -6.000000000000000E-01
2.000000000000000E-01 -6.000000000000000E-01 -6.000000000000000E-01
-1.000000000000000E+00 -2.000000000000000E-01 -6.000000000000000E-01
-6.000000000000000E-01 -2.000000000000000E-01 -6.000000000000000E-01
-2.000000000000000E-01 -2.000000000000000E-01 -6.000000000000000E-01
-1.000000000000000E+00 2.000000000000000E-01 -6.000000000000000E-01
-6.000000000000000E-01 2.000000000000000E-01 -6.000000000000000E-01
-1.000000000000000E+00 6.000000000000001E-01 -6.000000000000000E-01
-1.000000000000000E+00 -1.000000000000000E+00 -2.000000000000000E-01
-6.000000000000000E-01 -1.000000000000000E+00 -2.000000000000000E-01
-2.000000000000000E-01 -1.000000000000000E+00 -2.000000000000000E-01
2.000000000000000E-01 -1.000000000000000E+00 -2.000000000000000E-01
-1.000000000000000E+00 -6.000000000000000E-01 -2.000000000000000E-01
-6.000000000000000E-01 -6.000000000000000E-01 -2.000000000000000E-01
-2.000000000000000E-01 -6.000000000000000E-01 -2.000000000000000E-01
-1.000000000000000E+00 -2.000000000000000E-01 -2.000000000000000E-01
-6.000000000000000E-01 -2.000000000000000E-01 -2.000000000000000E-01
-1.000000000000000E+00 2.000000000000000E-01 -2.000000000000000E-01
-1.000000000000000E+00 -1.000000000000000E+00 2.000000000000000E-01
-6.000000000000000E-01 -1.000000000000000E+00 2.000000000000000E-01
-2.000000000000000E-01 -1.000000000000000E+00 2.000000000000000E-01
-1.000000000000000E+00 -6.000000000000000E-01 2.000000000000000E-01
-6.000000000000000E-01 -6.000000000000000E-01 2.000000000000000E-01
-1.000000000000000E+00 -2.000000000000000E-01 2.000000000000000E-01
-1.000000000000000E+00 -1.000000000000000E+00 6.000000000000001E-01
-6.000000000000000E-01 -1.000000000000000E+00 6.000000000000001E-01
-1.000000000000000E+00 -6.000000000000000E-01 6.000000000000001E-01
-1.000000000000000E+00 -1.000000000000000E+00 1.000000000000000E+00
% plot node interpolation matrix
1.000000000000000E+00 1.655022768831515E-17 1.655022768831515E-17 -4.965068306494546E-17 
8.000000000000000E-01 2.000000000000000E-01 1.655022768831515E-17 -4.965068306494546E-17 
6.000000000000000E-01 4.000000000000000E-01 1.655022768831515E-17 -4.965068306494546E-17 
4.000000000000001E-01 6.000000000000000E-01 1.655022768831515E-17 -4.965068306494546E-17 
2.000000000000000E-01 8.000000000000000E-01 1.655022768831515E-17 -4.965068306494546E-17 
1.441227578391460E-16 9.999999999999999E-01 1.655022768831515E-17 -4.965068306494546E-17 
7.999999999999999E-01 -3.159078681991647E-17 2.000000000000000E-01 -4.965068306494546E-17 
6.000000000000000E-01 2.000000000000000E-01 2.000000000000000E-01 -4.965068306494546E-17 
4.000000000000001E-01 3.999999999999999E-01 2.000000000000000E-01 -4.965068306494546E-17 
2.000000000000001E-01 5.999999999999999E-01 2.000000000000000E-01 -4.965068306494546E-17 
-3.361604378194128E-17 8.000000000000000E-01 2.000000000000000E-01 -4.965068306494546E-17 
5.999999999999999E-01 7.340880351793312E-17 4.000000000000000E-01 -4.965068306494546E-17 
4.000000000000000E-01 2.000000000000000E-01 4.000000000000000E-01 -4.965068306494546E-17 
2.000000000000001E-01 4.000000000000000E-01 4.000000000000000E-01 -4.965068306494546E-17 
1.051618342962033E-16 6.000000000000000E-01 4.000000000000000E-01 -4.965068306494546E-17 
4.000000000000001E-01 9.093714925546186E-17 5.999999999999999E-01 -4.965068306494546E-17 
2.000000000000001E-01 2.000000000000000E-01 5.999999999999999E-01 -4.965068306494546E-17 
4.965068306494546E-17 4.000000000000001E-01 5.999999999999999E-01 -4.965068306494546E-17 
2.000000000000000E-01 6.573838110935799E-17 7.999999999999999E-01 -4.965068306494546E-17 
4.965068306494546E-17 2.000000000000001E-01 7.999999999999999E-01 -4.965068306494546E-17 
4.965068306494546E-17 0.000000000000000E+00 1.000000000000000E+00 -4.965068306494546E-17 
8.000000000000000E-01 5.666475703915231E-18 -4.031835548401885E-18 1.999999999999999E-01 
6.000000000000001E-01 2.000000000000000E-01 -4.031835548401885E-18 1.999999999999999E-01 
4.000000000000000E-01 4.000000000000000E-01 -4.031835548401885E-18 1.999999999999999E-01 
2.000000000000001E-01 6.000000000000000E-01 -4.031835548401885E-18 1.999999999999999E-01 
2.775557561562891E-17 8.000000000000000E-01 -4.031835548401885E-18 1.999999999999999E-01 
6.000000000000001E-01 -2.410501768591462E-17 2.000000000000000E-01 1.999999999999999E-01 
4.000000000000000E-01 2.000000000000000E-01 2.000000000000000E-01 1.999999999999999E-01 
2.000000000000000E-01 4.000000000000001E-01 2.000000000000000E-01 1.999999999999999E-01 
0.000000000000000E+00 6.000000000000001E-01 2.000000000000000E-01 1.999999999999999E-01 
4.000000000000000E-01 5.113614939050083E-18 4.000000000000000E-01 1.999999999999999E-01 
2.000000000000000E-01 2.000000000000001E-01 4.000000000000000E-01 1.999999999999999E-01 
-8.326672684688674E-17 4.000000000000001E-01 4.000000000000000E-01 1.999999999999999E-01 
2.000000000000002E-01 5.039753629220774E-17 5.999999999999999E-01 1.999999999999999E-01 
2.775557561562891E-17 2.000000000000001E-01 5.999999999999999E-01 1.999999999999999E-01 
2.775557561562891E-17 6.573838110935799E-17 7.999999999999999E-01 1.999999999999999E-01 
6.000000000000001E-01 2.029640849439981E-17 2.514556412055837E-17 4.000000000000000E-01 
4.000000000000000E-01 2.000000000000000E-01 2.514556412055837E-17 4.000000000000000E-01 
2.000000000000000E-01 4.000000000000000E-01 2.514556412055837E-17 4.000000000000000E-01 
5.551115123125783E-17 6.000000000000000E-01 2.514556412055837E-17 4.000000000000000E-01 
4.000000000000000E-01 5.697420824059361E-17 2.000000000000000E-01 4.000000000000000E-01 
2.000000000000000E-01 2.000000000000001E-01 2.000000000000000E-01 4.000000000000000E-01 
-5.551115123125783E-17 4.000000000000001E-01 2.000000000000000E-01 4.000000000000000E-01 
2.000000000000000E-01 4.565322790230421E-17 4.000000000000000E-01 4.000000000000000E-01 
5.551115123125783E-17 2.000000000000000E-01 4.000000000000000E-01 4.000000000000000E-01 
5.551115123125783E-17 3.542599802420403E-17 6.000000000000000E-01 4.000000000000000E-01 
4.000000000000000E-01 -1.792691417313870E-18 -6.641847043472428E-18 6.000000000000000E-01 
2.000000000000001E-01 2.000000000000000E-01 -6.641847043472428E-18 6.000000000000000E-01 
0.000000000000000E+00 4.000000000000000E-01 -6.641847043472428E-18 6.000000000000000E-01 
2.000000000000001E-01 4.309642043277916E-17 2.000000000000000E-01 6.000000000000000E-01 
1.110223024625157E-16 2.000000000000000E-01 2.000000000000000E-01 6.000000000000000E-01 
0.000000000000000E+00 6.062476617030791E-17 3.999999999999999E-01 6.000000000000000E-01 
2.000000000000001E-01 4.059281698879962E-17 5.029112824111674E-17 7.999999999999999E-01 
0.000000000000000E+00 2.000000000000000E-01 5.029112824111674E-17 7.999999999999999E-01 
0.000000000000000E+00 8.948826143337647E-18 2.000000000000000E-01 7.999999999999999E-01 
0.000000000000000E+00 0.000000000000000E+00 0.000000000000000E+00 1.000000000000000E+00 
% number of plot elements
125
% number of vertices per plot elements
4
% triangulation of plot nodes
36 21 26 22
28 29 42 24
40 36 26 22
28 13 8 31
27 7 2 22
40 41 43 49
1 2 7 22
49 47 46 37
49 52 46 47
26 6 11 7
49 54 47 50
24 9 4 3
40 37 36 22
41 28 27 31
31 13 8 12
26 11 30 7
34 35 19 16
50 48 38 42
3 23 8 2
49 41 43 51
16 35 19 18
28 9 29 24
31 34 33 45
43 41 44 51
33 34 35 45
31 44 34 45
41 38 50 47
31 16 13 12
28 24 38 23
43 44 31 45
43 44 45 51
16 31 33 12
16 12 33 15
31 30 33 12
19 35 20 18
16 33 18 15
12 30 11 7
12 30 15 11
12 30 33 15
41 44 28 31
27 26 30 7
16 33 35 18
49 54 52 47
43 31 33 45
30 31 33 43
29 32 9 28
31 34 13 16
34 31 33 16
34 33 35 16
40 26 27 22
44 32 28 31
27 26 7 22
27 7 8 2
34 17 13 16
29 9 10 4
34 19 17 16
31 30 12 27
9 28 8 3
32 13 9 28
50 53 47 48
28 32 13 31
38 41 23 37
27 12 8 7
26 1 7 22
31 12 8 27
27 30 12 7
44 32 42 28
10 14 9 29
51 41 44 50
29 32 28 42
28 24 42 38
32 34 13 31
24 29 42 39
44 34 32 31
30 27 31 43
27 41 31 43
40 41 27 43
40 27 30 43
40 26 30 27
41 38 47 37
29 24 25 39
13 17 32 14
29 9 4 24
42 48 38 39
49 47 37 41
49 41 51 50
27 28 8 31
14 13 9 32
9 13 8 28
49 50 51 54
23 41 27 37
43 41 31 44
28 42 44 41
29 14 9 32
42 50 44 41
54 55 52 53
40 27 37 22
49 50 47 41
26 21 1 22
13 17 34 32
3 28 8 23
40 46 36 37
40 49 46 37
54 53 47 50
54 53 52 47
40 49 37 41
40 27 41 37
50 48 47 38
23 27 2 22
41 28 42 38
41 42 50 38
23 27 8 2
28 27 8 23
29 4 10 25
23 37 27 22
26 6 7 1
26 21 6 1
21 0 6 1
28 41 27 23
28 3 24 23
24 39 42 38
29 4 25 24
28 41 23 38
4 5 10 25
28 9 24 3
% number of volume cubature nodes
6
% cubature node coordinates
-6.197659951214324E-01 -1.202821047014497E-01 -9.771933411108853E-01
-6.826296735451189E-01 -7.503902756695054E-01 1.713256113104316E-01
-9.781895755776218E-01 -3.091116885605388E-01 -4.369523957529076E-01
1.424521042982299E-01 -7.170344960609916E-01 -7.061632198256603E-01
-6.583661496700222E-01 -9.242567364352863E-01 -6.943637138181457E-01
-6.759970166029516E-01 2.828595829913932E-01 -6.322992990158041E-01
% cubature interpolation matrix
3.586207204668839E-01 1.901170024392838E-01 4.398589476492750E-01 1.140332944455731E-02 
1.308471689520965E-01 1.586851632274405E-01 1.248048621652473E-01 5.856628056552158E-01 
3.621268299455341E-01 1.090521221118912E-02 3.454441557197306E-01 2.815238021235462E-01 
1.403728057942111E-01 5.712260521491149E-01 1.414827519695042E-01 1.469183900871698E-01 
6.384932999617271E-01 1.708169251649889E-01 3.787163178235687E-02 1.528181430909271E-01 
1.271836631368128E-02 1.620014916985243E-01 6.414297914956965E-01 1.838503504920979E-01 
% cubature projection matrix
4.205607195305051E-01 -3.103788824487383E-01 4.152600303057959E-01 -3.005258060872026E-01 1.233257228943198E+00 -4.581732902435594E-01 
-2.620338977795025E-02 -1.854335198097114E-01 -4.843338226882582E-01 1.871008858435461E+00 -8.207705341497594E-02 -9.296107274456233E-02 
6.359525496561412E-01 -3.374985881714954E-01 3.725302254553823E-01 -2.949315889940398E-01 -4.559841213962105E-01 1.079931523450217E+00 
-5.000377708309169E-01 1.730971658100175E+00 2.088092177700663E-01 -2.675355401162074E-01 -1.326984154903995E-01 -3.950914943271489E-02 
