% degree N
2
% number of nodes
6
% node coordinates
-1.000000000000000E+00 -1.000000000000000E+00
0.000000000000000E+00 -1.000000000000000E+00
1.000000000000000E+00 -1.000000000000000E+00
-1.000000000000000E+00 0.000000000000000E+00
0.000000000000000E+00 0.000000000000000E+00
-1.000000000000000E+00 1.000000000000000E+00
% r collocation differentation matrix
-1.500000000000000E+00 2.000000000000000E+00 -4.999999999999998E-01 0.000000000000000E+00 0.000000000000000E+00 0.000000000000000E+00 
-5.000000000000000E-01 -0.000000000000000E+00 5.000000000000000E-01 0.000000000000000E+00 0.000000000000000E+00 0.000000000000000E+00 
4.999999999999998E-01 -2.000000000000000E+00 1.500000000000000E+00 0.000000000000000E+00 0.000000000000000E+00 0.000000000000000E+00 
-4.999999999999998E-01 9.999999999999998E-01 -5.000000000000000E-01 -1.000000000000000E+00 1.000000000000000E+00 0.000000000000000E+00 
5.000000000000000E-01 -9.999999999999998E-01 4.999999999999998E-01 -1.000000000000000E+00 1.000000000000000E+00 0.000000000000000E+00 
5.000000000000000E-01 -0.000000000000000E+00 -5.000000000000000E-01 -2.000000000000000E+00 2.000000000000000E+00 0.000000000000000E+00 
% s collocation differentation matrix
-1.500000000000000E+00 -1.081056345686776E-16 1.057417036410808E-16 2.000000000000000E+00 -1.674765289262693E-16 -4.999999999999999E-01 
-4.999999999999999E-01 -1.000000000000000E+00 0.000000000000000E+00 1.000000000000000E+00 9.999999999999998E-01 -4.999999999999999E-01 
4.999999999999997E-01 -1.999999999999999E+00 -5.551115123125783E-16 -2.220446049250313E-16 2.000000000000000E+00 -4.999999999999999E-01 
-4.999999999999999E-01 -5.405281728433881E-17 5.778072888312769E-17 5.308793240080770E-17 -1.256073966947020E-16 5.000000000000000E-01 
4.999999999999998E-01 -9.999999999999996E-01 -2.220446049250313E-16 -1.000000000000000E+00 1.000000000000000E+00 5.000000000000000E-01 
5.000000000000001E-01 5.405281728433881E-17 2.049587578833990E-16 -2.000000000000000E+00 -5.280690892639222E-16 1.500000000000000E+00 
% reference mass matrix
6.666666666666668E-02 -2.364810756189823E-17 -1.111111111111113E-02 -2.081668171172169E-17 -4.444444444444447E-02 -1.111111111111112E-02 
8.326672684688674E-17 3.555555555555556E-01 -1.387778780781446E-17 1.777777777777779E-01 1.777777777777779E-01 -4.444444444444448E-02 
-1.111111111111114E-02 1.013490324081353E-17 6.666666666666667E-02 -4.444444444444443E-02 5.495323605393212E-17 -1.111111111111111E-02 
0.000000000000000E+00 1.777777777777778E-01 -4.444444444444443E-02 3.555555555555555E-01 1.777777777777778E-01 0.000000000000000E+00 
-4.444444444444437E-02 1.777777777777778E-01 -1.387778780781446E-17 1.777777777777778E-01 3.555555555555556E-01 0.000000000000000E+00 
-1.111111111111111E-02 -4.444444444444447E-02 -1.111111111111111E-02 -3.831291507790871E-18 -5.233641528945917E-18 6.666666666666667E-02 
% FaceNodes
0 1 2 
2 4 5 
0 3 5 
% LIFT matrix
4.500000000000001E+00 2.000000000000002E+00 -4.999999999999998E-01 1.000000000000002E+00 4.000000000000003E+00 1.000000000000000E+00 4.500000000000002E+00 2.000000000000003E+00 -5.000000000000008E-01 
5.000000000000004E-01 5.000000000000002E+00 5.000000000000004E-01 -6.250000000000003E-01 -1.500000000000001E+00 6.250000000000002E-01 -6.250000000000004E-01 -1.500000000000001E+00 6.250000000000003E-01 
-5.000000000000000E-01 2.000000000000002E+00 4.500000000000001E+00 4.500000000000002E+00 2.000000000000002E+00 -5.000000000000009E-01 1.000000000000001E+00 4.000000000000003E+00 1.000000000000000E+00 
-6.250000000000002E-01 -1.500000000000001E+00 6.250000000000000E-01 6.250000000000002E-01 -1.500000000000000E+00 -6.250000000000003E-01 5.000000000000006E-01 5.000000000000001E+00 5.000000000000002E-01 
6.250000000000000E-01 -1.500000000000001E+00 -6.250000000000002E-01 5.000000000000004E-01 5.000000000000001E+00 5.000000000000003E-01 6.250000000000002E-01 -1.500000000000000E+00 -6.250000000000003E-01 
1.000000000000001E+00 4.000000000000004E+00 1.000000000000000E+00 -5.000000000000007E-01 2.000000000000001E+00 4.500000000000000E+00 -5.000000000000008E-01 2.000000000000001E+00 4.500000000000000E+00 
% number of plot nodes
28
% plot node coordinates
-1.000000000000000E+00 -1.000000000000000E+00
-6.666666666666667E-01 -1.000000000000000E+00
-3.333333333333333E-01 -1.000000000000000E+00
0.000000000000000E+00 -1.000000000000000E+00
3.333333333333333E-01 -1.000000000000000E+00
6.666666666666667E-01 -1.000000000000000E+00
1.000000000000000E+00 -1.000000000000000E+00
-1.000000000000000E+00 -6.666666666666667E-01
-6.666666666666666E-01 -6.666666666666666E-01
-3.333333333333334E-01 -6.666666666666666E-01
2.775557561562891E-17 -6.666666666666666E-01
3.333333333333333E-01 -6.666666666666667E-01
6.666666666666667E-01 -6.666666666666667E-01
-1.000000000000000E+00 -3.333333333333333E-01
-6.666666666666667E-01 -3.333333333333334E-01
-3.333333333333334E-01 -3.333333333333334E-01
-5.551115123125783E-17 -3.333333333333334E-01
3.333333333333332E-01 -3.333333333333334E-01
-1.000000000000000E+00 0.000000000000000E+00
-6.666666666666666E-01 0.000000000000000E+00
-3.333333333333334E-01 0.000000000000000E+00
0.000000000000000E+00 0.000000000000000E+00
-1.000000000000000E+00 3.333333333333333E-01
-6.666666666666667E-01 3.333333333333333E-01
-3.333333333333334E-01 3.333333333333333E-01
-1.000000000000000E+00 6.666666666666667E-01
-6.666666666666667E-01 6.666666666666667E-01
-1.000000000000000E+00 1.000000000000000E+00
% plot node interpolation matrix
1.000000000000000E+00 -0.000000000000000E+00 0.000000000000000E+00 0.000000000000000E+00 0.000000000000000E+00 0.000000000000000E+00 
5.555555555555557E-01 5.555555555555555E-01 -1.111111111111111E-01 0.000000000000000E+00 0.000000000000000E+00 0.000000000000000E+00 
2.222222222222222E-01 8.888888888888888E-01 -1.111111111111110E-01 0.000000000000000E+00 0.000000000000000E+00 0.000000000000000E+00 
0.000000000000000E+00 1.000000000000000E+00 0.000000000000000E+00 0.000000000000000E+00 -0.000000000000000E+00 0.000000000000000E+00 
-1.111111111111112E-01 8.888888888888888E-01 2.222222222222223E-01 -1.256073966947020E-16 1.256073966947020E-16 0.000000000000000E+00 
-1.111111111111112E-01 5.555555555555555E-01 5.555555555555558E-01 -4.186913223156733E-17 4.186913223156733E-17 0.000000000000000E+00 
0.000000000000000E+00 -0.000000000000000E+00 1.000000000000000E+00 0.000000000000000E+00 0.000000000000000E+00 0.000000000000000E+00 
5.555555555555557E-01 -1.081056345686776E-16 -1.398452259195811E-17 5.555555555555555E-01 1.360746797525938E-16 -1.111111111111111E-01 
2.222222222222222E-01 4.444444444444445E-01 -1.111111111111111E-01 4.444444444444444E-01 1.111111111111111E-01 -1.111111111111111E-01 
-2.775557561562891E-17 6.666666666666665E-01 -1.111111111111110E-01 3.333333333333333E-01 2.222222222222223E-01 -1.111111111111111E-01 
-1.111111111111110E-01 6.666666666666664E-01 1.387778780781446E-16 2.222222222222221E-01 3.333333333333335E-01 -1.111111111111111E-01 
-1.111111111111112E-01 4.444444444444445E-01 2.222222222222223E-01 1.111111111111112E-01 4.444444444444444E-01 -1.111111111111111E-01 
-2.775557561562891E-17 -1.081056345686776E-16 5.555555555555556E-01 2.220446049250313E-16 5.555555555555554E-01 -1.111111111111111E-01 
2.222222222222223E-01 1.081056345686776E-16 -7.498738340012248E-17 8.888888888888888E-01 4.186913223156733E-17 -1.111111111111111E-01 
2.220446049250313E-16 3.333333333333333E-01 -1.111111111111112E-01 6.666666666666667E-01 2.222222222222221E-01 -1.111111111111112E-01 
-1.111111111111109E-01 4.444444444444445E-01 -1.111111111111112E-01 4.444444444444446E-01 4.444444444444443E-01 -1.111111111111112E-01 
-1.111111111111112E-01 3.333333333333335E-01 -1.110223024625157E-16 2.222222222222222E-01 6.666666666666666E-01 -1.111111111111112E-01 
0.000000000000000E+00 2.702640864216941E-16 2.222222222222221E-01 0.000000000000000E+00 8.888888888888888E-01 -1.111111111111112E-01 
0.000000000000000E+00 -0.000000000000000E+00 -2.093456611578367E-17 1.000000000000000E+00 4.186913223156733E-17 0.000000000000000E+00 
-1.111111111111112E-01 2.222222222222222E-01 -1.111111111111112E-01 6.666666666666665E-01 3.333333333333334E-01 0.000000000000000E+00 
-1.111111111111112E-01 2.222222222222222E-01 -1.111111111111112E-01 3.333333333333334E-01 6.666666666666666E-01 0.000000000000000E+00 
0.000000000000000E+00 -0.000000000000000E+00 0.000000000000000E+00 0.000000000000000E+00 1.000000000000000E+00 0.000000000000000E+00 
-1.111111111111111E-01 -5.405281728433881E-17 6.091842526385732E-18 8.888888888888890E-01 4.186913223156733E-17 2.222222222222222E-01 
-1.111111111111111E-01 1.111111111111111E-01 -1.111111111111111E-01 4.444444444444447E-01 4.444444444444443E-01 2.222222222222222E-01 
-5.551115123125783E-17 -0.000000000000000E+00 -1.111111111111111E-01 2.220446049250313E-16 8.888888888888887E-01 2.222222222222222E-01 
-1.111111111111110E-01 8.107922592650822E-17 4.449370936531504E-17 5.555555555555554E-01 -4.186913223156733E-17 5.555555555555556E-01 
0.000000000000000E+00 8.107922592650822E-17 -1.111111111111111E-01 0.000000000000000E+00 5.555555555555554E-01 5.555555555555556E-01 
0.000000000000000E+00 -0.000000000000000E+00 0.000000000000000E+00 0.000000000000000E+00 0.000000000000000E+00 1.000000000000000E+00 
% number of plot elements
36
% number of vertices per plot elements
3
% triangulation of plot nodes
16 15 10
10 9 3
22 18 19
15 9 10
1 2 8
9 2 3
8 7 1
19 18 14
14 8 9
0 1 7
9 8 2
13 7 8
15 14 9
13 8 14
13 14 18
23 25 22
23 20 24
23 19 20
23 22 19
19 15 20
19 14 15
23 26 25
26 27 25
23 24 26
20 21 24
20 16 21
12 11 5
11 16 10
4 10 3
11 17 16
21 16 17
20 15 16
11 4 5
11 10 4
11 12 17
5 6 12
% number of volume cubature nodes
12
% cubature node coordinates and weights
-5.014265096581790E-01 -5.014265096581790E-01 2.335725514527590E-01
2.853019316358000E-03 -5.014265096581790E-01 2.335725514527590E-01
-5.014265096581790E-01 2.853019316358000E-03 2.335725514527590E-01
-8.738219710169960E-01 -8.738219710169960E-01 1.016898127404140E-01
7.476439420339910E-01 -8.738219710169960E-01 1.016898127404140E-01
-8.738219710169960E-01 7.476439420339910E-01 1.016898127404140E-01
-3.792950979324310E-01 -8.937099003103660E-01 1.657021512367470E-01
-8.937099003103660E-01 -3.792950979324310E-01 1.657021512367470E-01
2.730049982427970E-01 -8.937099003103660E-01 1.657021512367470E-01
-8.937099003103660E-01 2.730049982427970E-01 1.657021512367470E-01
2.730049982427970E-01 -3.792950979324310E-01 1.657021512367470E-01
-3.792950979324310E-01 2.730049982427970E-01 1.657021512367470E-01
% cubature interpolation matrix
1.430579517788855E-03 4.999959301403902E-01 -1.249989825350976E-01 4.999959301403904E-01 2.485755252716258E-01 -1.249989825350976E-01 
-1.249989825350975E-01 4.999959301403902E-01 1.430579517788716E-03 2.485755252716259E-01 4.999959301403903E-01 -1.249989825350976E-01 
-1.249989825350974E-01 2.485755252716260E-01 -1.249989825350976E-01 4.999959301403902E-01 4.999959301403903E-01 1.430579517788688E-03 
6.533077030470597E-01 2.205142679699363E-01 -5.512856699248413E-02 2.205142679699365E-01 1.592089499803577E-02 -5.512856699248413E-02 
-5.512856699248460E-02 2.205142679699383E-01 6.533077030470581E-01 1.592089499803584E-02 2.205142679699365E-01 -5.512856699248413E-02 
-5.512856699248447E-02 1.592089499803603E-02 -5.512856699248413E-02 2.205142679699380E-01 2.205142679699362E-01 6.533077030470583E-01 
1.737683636541732E-01 7.901604427658212E-01 -1.177151633084294E-01 1.353078281686293E-01 6.597478591860648E-02 -4.749625719880088E-02 
1.737683636541734E-01 1.353078281686291E-01 -4.749625719880082E-02 7.901604427658212E-01 6.597478591860642E-02 -1.177151633084293E-01 
-1.177151633084293E-01 7.901604427658212E-01 1.737683636541733E-01 6.597478591860637E-02 1.353078281686294E-01 -4.749625719880088E-02 
-1.177151633084292E-01 6.597478591860644E-02 -4.749625719880081E-02 7.901604427658211E-01 1.353078281686293E-01 1.737683636541733E-01 
-4.749625719880063E-02 1.353078281686290E-01 1.737683636541733E-01 6.597478591860639E-02 7.901604427658212E-01 -1.177151633084293E-01 
-4.749625719880068E-02 6.597478591860644E-02 -1.177151633084293E-01 1.353078281686292E-01 7.901604427658212E-01 1.737683636541733E-01 
% cubature r weak differentiation matrix
-1.766787843419672E+00 8.833939217098360E-01 8.833939217098356E-01 -2.473298475946791E+00 1.236649237973393E+00 1.236649237973393E+00 -2.260610233187958E+00 -2.260610233187958E+00 1.713591735459176E-01 1.713591735459173E-01 2.089251059642041E+00 2.089251059642041E+00 
6.625454412823769E-01 -6.625454412823769E-01 1.454500048226642E-16 9.274869284800465E-01 -9.274869284800449E-01 5.769344065143715E-16 6.079923516834689E-01 1.087465323207500E+00 -6.079923516834687E-01 4.794729715240307E-01 -1.087465323207500E+00 -4.794729715240307E-01 
-8.833939217098361E-01 1.766787843419672E+00 -8.833939217098361E-01 -1.236649237973396E+00 2.473298475946788E+00 -1.236649237973395E+00 -1.713591735459180E-01 -2.089251059642041E+00 2.260610233187958E+00 -2.089251059642041E+00 2.260610233187959E+00 -1.713591735459173E-01 
-8.758970679478462E-01 -2.133516266654691E-01 -1.538442509230223E+00 -3.813367977765527E-01 5.461501307034932E-01 -1.308823726256598E+00 -1.419100956137705E-01 -1.100856038661832E+00 4.660822560696983E-01 -1.708848390345301E+00 -1.339071545433228E-02 -1.229375418821270E+00 
2.133516266654691E-01 8.758970679478461E-01 1.538442509230223E+00 -5.461501307034941E-01 3.813367977765519E-01 1.308823726256598E+00 -4.660822560696984E-01 1.339071545433236E-02 1.419100956137705E-01 1.229375418821270E+00 1.100856038661832E+00 1.708848390345301E+00 
0.000000000000000E+00 0.000000000000000E+00 0.000000000000000E+00 0.000000000000000E+00 0.000000000000000E+00 0.000000000000000E+00 0.000000000000000E+00 0.000000000000000E+00 0.000000000000000E+00 0.000000000000000E+00 0.000000000000000E+00 0.000000000000000E+00 
% cubature s weak differentiation matrix
-1.766787843419672E+00 8.833939217098357E-01 8.833939217098360E-01 -2.473298475946791E+00 1.236649237973392E+00 1.236649237973393E+00 -2.260610233187958E+00 -2.260610233187958E+00 1.713591735459171E-01 1.713591735459176E-01 2.089251059642041E+00 2.089251059642041E+00 
-8.758970679478463E-01 -1.538442509230223E+00 -2.133516266654691E-01 -3.813367977765526E-01 -1.308823726256598E+00 5.461501307034937E-01 -1.100856038661832E+00 -1.419100956137706E-01 -1.708848390345301E+00 4.660822560696987E-01 -1.229375418821270E+00 -1.339071545433199E-02 
-1.110203580075991E-16 0.000000000000000E+00 1.037270498173188E-16 -4.515934858969128E-16 -3.612747887175303E-16 5.136875902077383E-16 -4.024263764783421E-16 -4.415192244790953E-16 -5.886922993054604E-16 2.943461496527302E-16 0.000000000000000E+00 0.000000000000000E+00 
6.625454412823771E-01 1.037270498173188E-16 -6.625454412823769E-01 9.274869284800465E-01 6.322308802556780E-16 -9.274869284800452E-01 1.087465323207500E+00 6.079923516834689E-01 4.794729715240307E-01 -6.079923516834689E-01 -4.794729715240308E-01 -1.087465323207500E+00 
2.133516266654691E-01 1.538442509230223E+00 8.758970679478461E-01 -5.461501307034941E-01 1.308823726256598E+00 3.813367977765517E-01 1.339071545433226E-02 -4.660822560696983E-01 1.229375418821270E+00 1.419100956137703E-01 1.708848390345301E+00 1.100856038661832E+00 
-8.833939217098363E-01 -8.833939217098363E-01 1.766787843419672E+00 -1.236649237973396E+00 -1.236649237973396E+00 2.473298475946789E+00 -2.089251059642041E+00 -1.713591735459175E-01 -2.089251059642041E+00 2.260610233187959E+00 -1.713591735459175E-01 2.260610233187959E+00 
% cubature projection matrix
-1.701601224129813E-01 -3.928988577823840E-01 -3.928988577823840E-01 1.133410098368732E+00 1.308178054815607E-01 1.308178054815609E-01 3.539430160940626E-01 3.539430160940629E-01 -3.274663174752875E-01 -3.274663174752873E-01 2.539793657041736E-01 2.539793657041732E-01 
2.083339121690014E-01 2.083339121690014E-01 -6.630899715886458E-02 6.305039477313620E-03 6.305039477314795E-03 1.399246401559932E-01 5.514300937561062E-01 -2.043028163111763E-01 5.514300937561064E-01 -9.857405058980967E-02 -2.043028163111764E-01 -9.857405058980967E-02 
-3.928988577823839E-01 -1.701601224129814E-01 -3.928988577823839E-01 1.308178054815622E-01 1.133410098368729E+00 1.308178054815621E-01 -3.274663174752874E-01 2.539793657041733E-01 3.539430160940623E-01 2.539793657041732E-01 3.539430160940631E-01 -3.274663174752873E-01 
2.083339121690015E-01 -6.630899715886454E-02 2.083339121690015E-01 6.305039477313823E-03 1.399246401559929E-01 6.305039477314610E-03 -2.043028163111762E-01 5.514300937561064E-01 -9.857405058980973E-02 5.514300937561063E-01 -9.857405058980952E-02 -2.043028163111762E-01 
-6.630899715886454E-02 2.083339121690015E-01 2.083339121690014E-01 1.399246401559935E-01 6.305039477313327E-03 6.305039477313289E-03 -9.857405058980966E-02 -9.857405058980957E-02 -2.043028163111762E-01 -2.043028163111762E-01 5.514300937561064E-01 5.514300937561063E-01 
-3.928988577823838E-01 -3.928988577823838E-01 -1.701601224129813E-01 1.308178054815620E-01 1.308178054815620E-01 1.133410098368730E+00 2.539793657041731E-01 -3.274663174752873E-01 2.539793657041731E-01 3.539430160940626E-01 -3.274663174752873E-01 3.539430160940626E-01 
% number of surface integration nodes per face
4
% surface integration interpolation matrix
8.013460293699310E-01 2.584442528541907E-01 -5.979028222412174E-02 
2.277840767909521E-01 8.844128900029520E-01 -1.121969667939041E-01 
-1.121969667939040E-01 8.844128900029520E-01 2.277840767909521E-01 
-5.979028222412164E-02 2.584442528541910E-01 8.013460293699307E-01 
8.013460293699309E-01 2.584442528541908E-01 -5.979028222412169E-02 
2.277840767909520E-01 8.844128900029520E-01 -1.121969667939041E-01 
-1.121969667939042E-01 8.844128900029520E-01 2.277840767909520E-01 
-5.979028222412169E-02 2.584442528541907E-01 8.013460293699309E-01 
-5.979028222412164E-02 2.584442528541907E-01 8.013460293699309E-01 
-1.121969667939041E-01 8.844128900029519E-01 2.277840767909520E-01 
2.277840767909521E-01 8.844128900029520E-01 -1.121969667939041E-01 
8.013460293699308E-01 2.584442528541908E-01 -5.979028222412169E-02 
% surface integration lift matrix
4.887716948807507E+00 2.021788765923226E+00 -1.303966088861414E+00 3.944603741306926E-01 1.043564535412364E+00 1.956435464587641E+00 1.956435464587639E+00 1.043564535412363E+00 3.944603741306919E-01 -1.303966088861416E+00 2.021788765923225E+00 4.887716948807506E+00 
2.448024723839944E-01 2.755197527616006E+00 2.755197527616005E+00 2.448024723839949E-01 -4.231671741735085E-01 -1.304209254509174E+00 -4.727705408130127E-01 7.001469694956959E-01 7.001469694956960E-01 -4.727705408130129E-01 -1.304209254509173E+00 -4.231671741735085E-01 
3.944603741306923E-01 -1.303966088861417E+00 2.021788765923225E+00 4.887716948807504E+00 4.887716948807507E+00 2.021788765923225E+00 -1.303966088861416E+00 3.944603741306915E-01 1.043564535412363E+00 1.956435464587638E+00 1.956435464587639E+00 1.043564535412364E+00 
-4.231671741735084E-01 -1.304209254509174E+00 -4.727705408130130E-01 7.001469694956947E-01 7.001469694956951E-01 -4.727705408130133E-01 -1.304209254509173E+00 -4.231671741735087E-01 2.448024723839942E-01 2.755197527616005E+00 2.755197527616005E+00 2.448024723839949E-01 
7.001469694956953E-01 -4.727705408130130E-01 -1.304209254509173E+00 -4.231671741735080E-01 2.448024723839949E-01 2.755197527616006E+00 2.755197527616004E+00 2.448024723839942E-01 -4.231671741735087E-01 -1.304209254509173E+00 -4.727705408130127E-01 7.001469694956948E-01 
1.043564535412363E+00 1.956435464587641E+00 1.956435464587640E+00 1.043564535412363E+00 3.944603741306915E-01 -1.303966088861417E+00 2.021788765923223E+00 4.887716948807506E+00 4.887716948807507E+00 2.021788765923224E+00 -1.303966088861416E+00 3.944603741306915E-01 
% Bernstein VDM matrix
1.000000000000000E+00 0.000000000000000E+00 0.000000000000000E+00 0.000000000000000E+00 0.000000000000000E+00 0.000000000000000E+00 
2.500000000000000E-01 5.000000000000000E-01 2.500000000000000E-01 0.000000000000000E+00 0.000000000000000E+00 0.000000000000000E+00 
0.000000000000000E+00 -0.000000000000000E+00 1.000000000000000E+00 -0.000000000000000E+00 0.000000000000000E+00 0.000000000000000E+00 
2.500000000000000E-01 0.000000000000000E+00 0.000000000000000E+00 5.000000000000000E-01 0.000000000000000E+00 2.500000000000000E-01 
0.000000000000000E+00 -0.000000000000000E+00 2.500000000000000E-01 -0.000000000000000E+00 5.000000000000000E-01 2.500000000000000E-01 
0.000000000000000E+00 -0.000000000000000E+00 0.000000000000000E+00 -0.000000000000000E+00 0.000000000000000E+00 1.000000000000000E+00 
% inverse Bernstein VDM matrix
1.000000000000000E+00 0.000000000000000E+00 0.000000000000000E+00 0.000000000000000E+00 0.000000000000000E+00 -0.000000000000000E+00 
-5.000000000000000E-01 2.000000000000000E+00 -5.000000000000000E-01 0.000000000000000E+00 0.000000000000000E+00 -0.000000000000000E+00 
0.000000000000000E+00 0.000000000000000E+00 1.000000000000000E+00 0.000000000000000E+00 0.000000000000000E+00 -0.000000000000000E+00 
-5.000000000000000E-01 0.000000000000000E+00 0.000000000000000E+00 2.000000000000000E+00 0.000000000000000E+00 -5.000000000000000E-01 
0.000000000000000E+00 0.000000000000000E+00 -5.000000000000000E-01 0.000000000000000E+00 2.000000000000000E+00 -5.000000000000000E-01 
0.000000000000000E+00 0.000000000000000E+00 0.000000000000000E+00 0.000000000000000E+00 0.000000000000000E+00 1.000000000000000E+00 
% sparse BB D1 matrix ids
0 0 0 
0 1 0 
1 0 0 
0 3 0 
1 3 0 
3 0 0 
% sparse BB D2 matrix ids
1 0 0 
1 2 0 
2 0 0 
1 4 0 
2 4 0 
4 0 0 
% sparse BB D3 matrix ids
3 0 0 
3 4 0 
4 0 0 
3 5 0 
4 5 0 
5 0 0 
% sparse BB D1,D2,D3 matrix values
2.000000000000000E+00 0.000000000000000E+00 0.000000000000000E+00 
1.000000000000000E+00 1.000000000000000E+00 0.000000000000000E+00 
2.000000000000000E+00 0.000000000000000E+00 0.000000000000000E+00 
1.000000000000000E+00 1.000000000000000E+00 0.000000000000000E+00 
1.000000000000000E+00 1.000000000000000E+00 0.000000000000000E+00 
2.000000000000000E+00 0.000000000000000E+00 0.000000000000000E+00 
% BB cubature interpolation matrix
2.514285445879839E-01 2.499979650701951E-01 6.214388131790646E-02 2.499979650701951E-01 1.242877626358129E-01 6.214388131790646E-02 
6.214388131790648E-02 2.499979650701951E-01 2.514285445879839E-01 1.242877626358129E-01 2.499979650701951E-01 6.214388131790646E-02 
6.214388131790648E-02 1.242877626358129E-01 6.214388131790646E-02 2.499979650701951E-01 2.499979650701951E-01 2.514285445879839E-01 
7.635648370320278E-01 1.102571339849682E-01 3.980223749508950E-03 1.102571339849682E-01 7.960447499017901E-03 3.980223749508950E-03 
3.980223749509013E-03 1.102571339849690E-01 7.635648370320268E-01 7.960447499017963E-03 1.102571339849681E-01 3.980223749508950E-03 
3.980223749509013E-03 7.960447499017963E-03 3.980223749508950E-03 1.102571339849690E-01 1.102571339849681E-01 7.635648370320268E-01 
4.051354313877860E-01 3.950802213829106E-01 9.631864386267761E-02 6.765391408431462E-02 3.298739295930320E-02 2.824396323008083E-03 
4.051354313877860E-01 6.765391408431462E-02 2.824396323008083E-03 3.950802213829106E-01 3.298739295930320E-02 9.631864386267761E-02 
9.631864386267761E-02 3.950802213829106E-01 4.051354313877860E-01 3.298739295930320E-02 6.765391408431462E-02 2.824396323008083E-03 
9.631864386267761E-02 3.298739295930320E-02 2.824396323008083E-03 3.950802213829106E-01 6.765391408431462E-02 4.051354313877860E-01 
2.824396323008083E-03 6.765391408431462E-02 4.051354313877860E-01 3.298739295930320E-02 3.950802213829106E-01 9.631864386267761E-02 
2.824396323008083E-03 3.298739295930320E-02 9.631864386267761E-02 6.765391408431462E-02 3.950802213829106E-01 4.051354313877860E-01 
% BB cubature projection matrix
-1.701601224129804E-01 -3.928988577823814E-01 -3.928988577823814E-01 1.133410098368726E+00 1.308178054815604E-01 1.308178054815602E-01 3.539430160940609E-01 3.539430160940609E-01 -3.274663174752855E-01 -3.274663174752855E-01 2.539793657041725E-01 2.539793657041724E-01 
6.981973144356849E-01 6.981973144356839E-01 2.602808634646523E-01 -6.195038729705158E-01 -6.195038729705161E-01 1.490314748304257E-01 1.089621838202828E+00 -7.125668235214707E-01 1.089621838202825E+00 -1.604046252940642E-01 -7.125668235214713E-01 -1.604046252940620E-01 
-3.928988577823826E-01 -1.701601224129802E-01 -3.928988577823822E-01 1.308178054815611E-01 1.133410098368728E+00 1.308178054815602E-01 -3.274663174752881E-01 2.539793657041737E-01 3.539430160940613E-01 2.539793657041730E-01 3.539430160940635E-01 -3.274663174752867E-01 
6.981973144356851E-01 2.602808634646526E-01 6.981973144356841E-01 -6.195038729705153E-01 1.490314748304254E-01 -6.195038729705161E-01 -7.125668235214706E-01 1.089621838202828E+00 -1.604046252940646E-01 1.089621838202825E+00 -1.604046252940614E-01 -7.125668235214706E-01 
2.602808634646523E-01 6.981973144356842E-01 6.981973144356843E-01 1.490314748304246E-01 -6.195038729705160E-01 -6.195038729705158E-01 -1.604046252940630E-01 -1.604046252940632E-01 -7.125668235214688E-01 -7.125668235214688E-01 1.089621838202825E+00 1.089621838202825E+00 
-3.928988577823826E-01 -3.928988577823821E-01 -1.701601224129802E-01 1.308178054815609E-01 1.308178054815603E-01 1.133410098368727E+00 2.539793657041735E-01 -3.274663174752881E-01 2.539793657041731E-01 3.539430160940613E-01 -3.274663174752867E-01 3.539430160940634E-01 
% BB L0 values
0.000000000000000E+00 5.000000000000000E+00 1.000000000000000E+00 
1.000000000000000E+00 4.000000000000001E+00 1.000000000000000E+00 
1.000000000000000E+00 5.000000000000000E+00 0.000000000000000E+00 
% BB EL ids
0 3 4 5 6 
1 3 4 6 7 
2 3 6 7 8 
0 1 4 5 7 
1 2 4 7 8 
0 1 2 5 8 
% BB EL values
1.000000000000000E+00 3.333333333333333E-01 3.333333333333334E-01 3.333333333333333E-01 1.000000000000000E+00 
1.000000000000000E+00 -9.999999999999999E-01 -5.000000000000000E-01 -9.999999999999999E-01 -5.000000000000000E-01 
1.000000000000000E+00 1.000000000000000E+00 3.333333333333333E-01 3.333333333333334E-01 3.333333333333333E-01 
-9.999999999999999E-01 -5.000000000000000E-01 -5.000000000000000E-01 -1.000000000000000E+00 1.000000000000000E+00 
-5.000000000000000E-01 -1.000000000000000E+00 1.000000000000000E+00 -5.000000000000000E-01 -1.000000000000000E+00 
3.333333333333333E-01 3.333333333333334E-01 3.333333333333333E-01 1.000000000000000E+00 1.000000000000000E+00 
% BB degree raise ids
0 0 
0 1 
1 2 
2 0 
% BB degree raise values
1.000000000000000E+00 0.000000000000000E+00 
3.333333333333334E-01 6.666666666666667E-01 
6.666666666666666E-01 3.333333333333333E-01 
1.000000000000000E+00 0.000000000000000E+00 
% BB degree lower matrix
8.333333333333335E-01 3.333333333333334E-01 -1.666666666666667E-01 
-1.666666666666669E-01 3.333333333333335E-01 8.333333333333333E-01 
% stencil size for IPDG OAS NpP
15
% forward matrix [ change of basis for IPDG OAS precon ]
5.174503535670862E+00 5.546248650368819E-01 5.174503535671063E+00 5.546248650368938E-01 5.546248650368415E-01 5.174503535671024E+00 -2.661651082637484E+00 -3.781763608479224E-01 -2.661651082637579E+00 -2.661651082637619E+00 -3.781763608479242E-01 -2.661651082637585E+00 -2.661651082637465E+00 -3.781763608479238E-01 -2.661651082637565E+00 
-3.035514094928950E-02 -3.642358158179146E-01 -3.035514094929230E-02 -3.642358158179150E-01 -3.642358158179139E-01 -3.035514094929199E-02 -5.534340775174424E-02 -3.700202496374370E-01 -5.534340775174350E-02 -5.534340775174465E-02 -3.700202496374375E-01 -5.534340775174461E-02 -5.534340775174403E-02 -3.700202496374370E-01 -5.534340775174387E-02 
-3.530088273356646E+00 2.773165415833420E-01 -3.530088273356629E+00 2.773165415833436E-01 2.773165415833369E-01 -3.530088273356627E+00 -1.909322656593768E+00 -8.520402218692502E-01 -1.909322656593743E+00 -1.909322656593788E+00 -8.520402218692579E-01 -1.909322656593792E+00 -1.909322656593773E+00 -8.520402218692539E-01 -1.909322656593738E+00 
-7.477882503518407E-01 -3.808011204948398E-01 -7.477882503518419E-01 -3.808011204948412E-01 -3.808011204948430E-01 -7.477882503518385E-01 -1.054031655967860E+00 7.107129449646941E-01 -1.054031655967861E+00 -1.054031655967871E+00 7.107129449646949E-01 -1.054031655967870E+00 -1.054031655967865E+00 7.107129449646952E-01 -1.054031655967856E+00 
-6.522881937902928E+00 1.153898494788576E+00 2.632391676892096E+00 7.807532187140629E-01 -1.934651713502659E+00 3.890490261010645E+00 3.883862916010137E+00 -4.007350286557526E-02 -1.522297338849846E+00 -1.608274887388144E+00 6.718812038935974E-02 -2.351178141657444E+00 3.873475480507384E+00 -2.711461752376843E-02 -2.275588028621898E+00 
4.529292906266191E-03 1.543603422183125E+00 -5.208950745909803E+00 -1.544946786108057E+00 1.343363924938057E-03 5.204421453003587E+00 4.029554310954886E-02 -5.360748492311138E-02 3.118839097483057E+00 3.075906417074789E+00 -4.665340871690127E-05 -3.073157092054367E+00 -4.568200542872336E-02 5.365413833182409E-02 -3.116201960184370E+00 
5.946422482785370E-01 7.784844129720401E-01 -2.107728588275707E-01 4.274458703505895E-01 -1.205930283322629E+00 -3.838693894509683E-01 3.394262583861348E-01 8.811088677985263E-01 -2.946662516702807E-01 3.346999781415937E-02 -1.364903200214136E+00 -1.028065788438287E-01 3.974728305141105E-01 4.837943324156077E-01 -3.728962562002936E-01 
-4.156457068071397E-02 9.500610201305484E-01 5.100381042051014E-01 -1.034353676164127E+00 8.429265603357741E-02 -4.684735335243856E-01 -1.898221763201348E-01 1.075303725852255E+00 2.444472104671460E-01 3.876078030829475E-01 9.540461630815475E-02 -3.827612836314437E-01 1.383140731643018E-01 -1.170708342160409E+00 -1.977856267628138E-01 
-7.325857407286993E-01 1.441055073785524E+00 2.834423130142167E-01 9.094110212701718E-01 -2.350466095055697E+00 4.491434277144801E-01 -1.678148422121675E+00 -6.539740146682582E-01 -2.652723146481528E+00 3.611454255015846E+00 1.066679391015401E+00 3.452513645462525E+00 -7.997904989810068E-01 -4.127053763471399E-01 -1.933305832894157E+00 
1.220444367645304E-03 2.028915561368851E+00 -6.335863451258010E-01 -2.032831298391294E+00 3.915737022441912E-03 6.323659007581431E-01 -3.353251898344834E+00 -9.207545771347588E-01 -2.744344841484264E+00 6.012670047456220E-01 -1.777024561753861E-03 -6.130351560461810E-01 3.357379997530426E+00 9.225316016965119E-01 2.751984893599240E+00 
4.503314049401079E+00 -3.432482302841998E-01 -1.761215416111144E+00 -2.204640151853689E-01 5.637122454695704E-01 -2.742098633289884E+00 3.404336117900048E+00 -6.349793336811240E-01 -1.322917236550047E+00 -1.339053682980908E+00 1.042818562297582E+00 -2.079234330906532E+00 3.402151567456607E+00 -4.078392286164546E-01 -2.065282434919113E+00 
-2.690942464617097E-05 4.534819221001049E-01 -3.622692886633162E+00 -4.534785536536604E-01 -3.368446441109896E-06 3.622719796057817E+00 -8.088559201941070E-03 8.389020636556390E-01 -2.741775101358068E+00 -2.733706788246597E+00 -6.231332575795667E-06 2.733727214129144E+00 8.047887228930239E-03 -8.388958323230700E-01 2.741795347448551E+00 
5.333616170166104E-01 -1.432887340392444E+00 -1.820818352311593E-01 -7.427206749334426E-01 2.175608015325885E+00 -3.512797817854548E-01 -2.542716871820780E-01 5.047671900362389E-01 -2.906003950613333E+00 2.712743216625622E+00 -7.664074582552987E-01 2.085624955392480E+00 8.203789952209901E-01 2.616402682190626E-01 -2.458471529443691E+00 
5.561500333733926E-06 2.097209212407848E+00 -5.141473043475269E-01 -2.097231898038557E+00 2.268563071028407E-05 5.141417428471965E-01 3.265561277623113E+00 -7.387896949213710E-01 1.359896003280308E+00 -1.905609337561305E+00 -7.991529929668451E-06 1.905659371394435E+00 -3.265555374674955E+00 7.387976864512976E-01 -1.359951940061590E+00 
2.203792703880936E-14 -3.949618410103994E-14 1.709743457922741E-14 1.733014144723072E-14 2.620126338115369E-14 4.496403249731884E-15 2.474358296527002E+00 1.382227665658320E-14 -2.474358296527069E+00 2.474358296527080E+00 -1.024180740216707E-14 -2.474358296527041E+00 -2.474358296526985E+00 -7.327471962526033E-15 2.474358296527036E+00 
% diagOp 
1.171175320650380E+02 
3.214094085182219E+00 
3.283248001976816E+01 
3.653589383001130E+01 
1.072295192486838E+02 
1.072295192486840E+02 
1.070368755859424E+01 
1.070368755859423E+01 
7.238714995747341E+01 
7.238714995747335E+01 
2.479949907830492E+01 
2.479949907830492E+01 
6.029442987122906E+01 
6.029442987122897E+01 
6.171428571428552E+01 
% backward matrix [ reverse change of basis for IPDG OAS precon ]
9.999999999999754E-01 -8.203643173321983E-02 -9.999999999999934E-01 -7.094552104938322E-01 -1.000000000000000E+00 1.208156743163234E-01 4.356662422545708E-01 -7.706838849559573E-02 -2.073551426464574E-01 2.714081703086618E-02 1.000000000000000E+00 1.353798962372480E-01 1.988486453741420E-01 3.271918782388652E-02 7.918365256283983E-15 
1.071841696915480E-01 -9.843672506432004E-01 7.855796232529975E-02 -3.612805349239395E-01 1.484908174312936E-01 2.607613441974201E-01 4.980589143439091E-01 7.272339169212405E-01 3.336065585697284E-01 5.339476956286631E-01 -6.258790286584510E-02 1.082307240453409E-01 -4.055632354590118E-01 5.643410365963867E-01 -2.568489938616029E-14 
1.000000000000000E+00 -8.203643173322091E-02 -9.999999999999993E-01 -7.094552104938429E-01 4.993475754798854E-01 -1.000000000000000E+00 -1.900742070461871E-01 4.356662422545686E-01 1.033777194724542E-01 -1.935599238349748E-01 -5.000055709921262E-01 -1.000000000000000E+00 -9.942270947801589E-02 -1.710703272329733E-01 8.789955316132827E-15 
1.071841696915494E-01 -9.843672506432000E-01 7.855796232529991E-02 -3.612805349239417E-01 1.481038062212987E-01 -2.965946236526016E-01 3.854691506012375E-01 -8.835280649451468E-01 3.316824381027124E-01 -6.210277009802752E-01 -6.258929758824001E-02 -1.251772004540837E-01 -4.055500747423439E-01 -6.978041974491813E-01 1.403785995269805E-14 
1.071841696915423E-01 -9.843672506431994E-01 7.855796232530028E-02 -3.612805349239403E-01 -2.965946236525985E-01 3.583327945518341E-02 -8.835280649451459E-01 1.562941480239060E-01 -6.652889966724398E-01 8.708000535161195E-02 1.251772004540860E-01 1.694647640874311E-02 8.111133102013557E-01 1.334631608527952E-01 1.304602484255081E-14 
9.999999999999930E-01 -8.203643173322060E-02 -1.000000000000000E+00 -7.094552104938374E-01 5.006524245200628E-01 8.791843256836928E-01 -2.455920352083804E-01 -3.585978537589726E-01 1.039774231740002E-01 1.664191068041068E-01 -4.999944290078831E-01 8.646201037627533E-01 -9.942593589614070E-02 1.383511394090856E-01 -2.516088613756167E-15 
-5.143780585497949E-01 -1.495685920053621E-01 -5.408710799116211E-01 -9.999999999999900E-01 5.946304673432606E-01 -6.408232880636187E-02 2.606368141039133E-01 -1.809279031942219E-01 -3.522742789749786E-01 -9.081973847806193E-01 7.557198430913288E-01 1.002329037341283E-01 1.055182243039437E-01 1.000000000000000E+00 9.999999999999473E-01 
-7.308456902984456E-02 -1.000000000000000E+00 -2.413651319430221E-01 6.742804553740581E-01 -5.156906976409815E-03 -9.055926947754037E-03 5.637160086984119E-01 8.231022259223780E-01 -1.513960322518382E-01 -2.423140686884754E-01 -1.157821697299014E-01 2.002174140307570E-01 1.428688836685378E-01 -1.988019792169283E-01 9.240448495306557E-15 
-5.143780585498040E-01 -1.495685920053626E-01 -5.408710799116280E-01 -1.000000000000000E+00 -2.907295570345036E-01 5.977557992995014E-01 -2.320002480025905E-01 2.227411938176248E-01 -6.503294284696169E-01 -6.965011005067803E-01 -3.761937996177591E-01 -7.565319103848965E-01 -1.000000000000000E+00 2.446709375457953E-01 -9.999999999999920E-01 
-5.143780585498064E-01 -1.495685920053626E-01 -5.408710799116253E-01 -9.999999999999996E-01 -3.031196276287089E-01 5.914943619584275E-01 -3.545595571854621E-03 3.171499052615063E-01 1.000000000000000E+00 4.179320466475207E-02 -3.795344760995972E-01 -7.549078006123638E-01 8.944732417466282E-01 -4.262441129401884E-01 1.000000000000000E+00 
-7.308456902984439E-02 -9.999999999999983E-01 -2.413651319430206E-01 6.742804553740586E-01 1.030037352032174E-02 -1.244446572567456E-03 -1.000000000000000E+00 1.768977740776232E-01 3.019188676290974E-01 -3.951830969758209E-02 2.315669195747705E-01 3.134950554401107E-02 -2.857331311749859E-01 -4.701543713727591E-02 -4.980729624481639E-15 
-5.143780585497995E-01 -1.495685920053619E-01 -5.408710799116271E-01 -9.999999999999969E-01 -3.038901368801393E-01 -5.181580679426975E-01 -4.725403697262839E-02 -3.081635633404262E-01 9.994247638463399E-01 -3.034988994932183E-01 -3.795260682881764E-01 6.521462628753623E-01 8.944612832934593E-01 7.206010828822510E-01 -9.999999999999727E-01 
-5.143780585497901E-01 -1.495685920053620E-01 -5.408710799116236E-01 -9.999999999999962E-01 5.946196939146722E-01 -7.959773135681267E-02 2.792542849752201E-01 8.542236952280195E-02 -3.490953353767436E-01 1.000000000000000E+00 7.557198679059319E-01 1.043856475095364E-01 1.055387167065532E-01 -9.652720204280845E-01 -9.999999999999415E-01 
-7.308456902984439E-02 -9.999999999999991E-01 -2.413651319430227E-01 6.742804553740576E-01 -5.143466543908416E-03 1.030037352032043E-02 4.362839913015886E-01 -1.000000000000000E+00 -1.505228353772619E-01 2.818323783860571E-01 -1.157847498448709E-01 -2.315669195747682E-01 1.428642475064469E-01 2.458174163542029E-01 -5.772604008461658E-15 
-5.143780585498023E-01 -1.495685920053633E-01 -5.408710799116256E-01 -9.999999999999907E-01 -2.915108397145218E-01 -5.274120331520753E-01 -2.570912185320574E-01 -1.362220020672855E-01 -6.477257210250303E-01 8.664041801158695E-01 -3.761853669917354E-01 6.546748968782361E-01 -9.999914660506156E-01 -5.737558870597791E-01 9.999999999999671E-01 
% rotated local ids 
0 1 2 3 4 5 
2 4 5 1 3 0 
5 3 0 4 1 2 
% patch inverse matrix 
4.404695786639151E-01 1.105394326067634E-02 3.332916334358622E-02 1.105394326067641E-02 1.848155406389925E-02 3.332916334358626E-02 -7.847206337154241E-03 2.819246921245461E-02 1.804748806993581E-01 7.865642783935471E-03 5.530611868971863E-03 9.071593038591400E-03 3.223275783813216E-03 -2.302310034647601E-03 3.223275783813181E-03 3.419700170135043E-03 3.419700170135051E-03 -4.092473371413169E-03 1.804748806993582E-01 2.819246921245474E-02 -7.847206337154170E-03 5.530611868971931E-03 7.865642783935449E-03 9.071593038591371E-03 
1.105394326067633E-02 2.776721931685038E-01 1.105394326067639E-02 3.616567938201906E-02 3.616567938201895E-02 1.848155406389926E-02 1.924636614341689E-02 2.023731816288982E-01 1.924636614341698E-02 6.976423295558714E-03 6.976423295558685E-03 -5.642571838886198E-03 1.203107025839464E-02 5.475743084187339E-02 3.158315703180162E-02 -3.573893650850217E-04 -3.188254941095439E-03 7.136338740166521E-03 3.158315703180159E-02 5.475743084187343E-02 1.203107025839465E-02 -3.188254941095406E-03 -3.573893650850410E-04 7.136338740166512E-03 
3.332916334358622E-02 1.105394326067638E-02 4.404695786639147E-01 1.848155406389932E-02 1.105394326067631E-02 3.332916334358626E-02 1.804748806993582E-01 2.819246921245474E-02 -7.847206337154187E-03 5.530611868971903E-03 7.865642783935452E-03 9.071593038591392E-03 -7.847206337154180E-03 2.819246921245464E-02 1.804748806993582E-01 7.865642783935468E-03 5.530611868971845E-03 9.071593038591430E-03 3.223275783813227E-03 -2.302310034647536E-03 3.223275783813203E-03 3.419700170135042E-03 3.419700170135050E-03 -4.092473371413162E-03 
1.105394326067641E-02 3.616567938201907E-02 1.848155406389929E-02 2.776721931685038E-01 3.616567938201901E-02 1.105394326067622E-02 1.203107025839467E-02 5.475743084187342E-02 3.158315703180162E-02 -3.573893650850185E-04 -3.188254941095435E-03 7.136338740166521E-03 3.158315703180153E-02 5.475743084187342E-02 1.203107025839469E-02 -3.188254941095411E-03 -3.573893650850415E-04 7.136338740166512E-03 1.924636614341690E-02 2.023731816288980E-01 1.924636614341692E-02 6.976423295558747E-03 6.976423295558678E-03 -5.642571838886217E-03 
1.848155406389924E-02 3.616567938201902E-02 1.105394326067626E-02 3.616567938201903E-02 2.776721931685038E-01 1.105394326067625E-02 3.158315703180160E-02 5.475743084187346E-02 1.203107025839465E-02 -3.188254941095425E-03 -3.573893650850462E-04 7.136338740166527E-03 1.924636614341686E-02 2.023731816288981E-01 1.924636614341698E-02 6.976423295558717E-03 6.976423295558695E-03 -5.642571838886218E-03 1.203107025839464E-02 5.475743084187345E-02 3.158315703180159E-02 -3.573893650850210E-04 -3.188254941095444E-03 7.136338740166521E-03 
3.332916334358622E-02 1.848155406389928E-02 3.332916334358622E-02 1.105394326067635E-02 1.105394326067632E-02 4.404695786639147E-01 3.223275783813209E-03 -2.302310034647576E-03 3.223275783813195E-03 3.419700170135046E-03 3.419700170135052E-03 -4.092473371413169E-03 1.804748806993581E-01 2.819246921245465E-02 -7.847206337154191E-03 5.530611868971917E-03 7.865642783935450E-03 9.071593038591367E-03 -7.847206337154206E-03 2.819246921245465E-02 1.804748806993580E-01 7.865642783935456E-03 5.530611868971869E-03 9.071593038591392E-03 
-7.847206337154251E-03 1.924636614341688E-02 1.804748806993581E-01 1.203107025839467E-02 3.158315703180160E-02 3.223275783813190E-03 3.659959629372999E-01 5.338786641643447E-03 2.926277508685023E-02 -1.727232898360674E-02 1.501087746454770E-02 4.379291871493103E-02 -5.364434109957916E-03 3.292277312268826E-02 7.761812492321389E-02 3.579331574155721E-03 2.438366117693865E-03 3.509867622647047E-03 -5.364434109957923E-03 4.705839825864647E-03 9.503650546231139E-04 7.598416231726102E-04 5.470793380670362E-04 -1.384981250659586E-03 
2.819246921245461E-02 2.023731816288982E-01 2.819246921245473E-02 5.475743084187341E-02 5.475743084187343E-02 -2.302310034647617E-03 5.338786641643452E-03 2.827956773103926E-01 5.338786641643486E-03 -6.420293610467652E-03 -6.420293610467724E-03 1.011626782547093E-02 4.705839825864607E-03 6.177284900926309E-02 3.292277312268831E-02 2.991935594989511E-04 -1.639653350150779E-03 4.955610168553530E-03 3.292277312268823E-02 6.177284900926305E-02 4.705839825864644E-03 -1.639653350150750E-03 2.991935594989283E-04 4.955610168553524E-03 
1.804748806993581E-01 1.924636614341698E-02 -7.847206337154198E-03 3.158315703180164E-02 1.203107025839465E-02 3.223275783813189E-03 2.926277508685025E-02 5.338786641643479E-03 3.659959629372996E-01 1.501087746454773E-02 -1.727232898360682E-02 4.379291871493105E-02 9.503650546231094E-04 4.705839825864642E-03 -5.364434109957913E-03 5.470793380670349E-04 7.598416231726135E-04 -1.384981250659587E-03 7.761812492321388E-02 3.292277312268829E-02 -5.364434109957893E-03 2.438366117693901E-03 3.579331574155709E-03 3.509867622647026E-03 
7.865642783935473E-03 6.976423295558717E-03 5.530611868971910E-03 -3.573893650850186E-04 -3.188254941095423E-03 3.419700170135048E-03 -1.727232898360673E-02 -6.420293610467656E-03 1.501087746454773E-02 1.282251366647275E-01 -1.100511728912276E-02 -1.912161974145528E-02 7.598416231726123E-04 -1.639653350150763E-03 2.438366117693891E-03 6.218185499422183E-05 -3.769038917318557E-05 3.244359185477369E-04 3.579331574155723E-03 2.991935594989508E-04 5.470793380670359E-04 6.218185499422250E-05 2.096538733698684E-04 2.506635688566579E-04 
5.530611868971863E-03 6.976423295558692E-03 7.865642783935445E-03 -3.188254941095431E-03 -3.573893650850431E-04 3.419700170135051E-03 1.501087746454770E-02 -6.420293610467708E-03 -1.727232898360681E-02 -1.100511728912276E-02 1.282251366647273E-01 -1.912161974145528E-02 5.470793380670389E-04 2.991935594989317E-04 3.579331574155711E-03 2.096538733698678E-04 6.218185499422053E-05 2.506635688566590E-04 2.438366117693871E-03 -1.639653350150773E-03 7.598416231726125E-04 -3.769038917318511E-05 6.218185499422103E-05 3.244359185477347E-04 
9.071593038591404E-03 -5.642571838886200E-03 9.071593038591371E-03 7.136338740166517E-03 7.136338740166524E-03 -4.092473371413172E-03 4.379291871493100E-02 1.011626782547092E-02 4.379291871493103E-02 -1.912161974145526E-02 -1.912161974145528E-02 2.883273744469048E-01 -1.384981250659588E-03 4.955610168553531E-03 3.509867622647031E-03 2.506635688566586E-04 3.244359185477351E-04 -1.750816796238295E-04 3.509867622647039E-03 4.955610168553530E-03 -1.384981250659584E-03 3.244359185477369E-04 2.506635688566578E-04 -1.750816796238289E-04 
3.223275783813209E-03 1.203107025839466E-02 -7.847206337154159E-03 3.158315703180158E-02 1.924636614341692E-02 1.804748806993581E-01 -5.364434109957898E-03 4.705839825864636E-03 9.503650546231130E-04 7.598416231726117E-04 5.470793380670387E-04 -1.384981250659586E-03 3.659959629372998E-01 5.338786641643447E-03 2.926277508685028E-02 -1.727232898360668E-02 1.501087746454770E-02 4.379291871493098E-02 -5.364434109957916E-03 3.292277312268823E-02 7.761812492321379E-02 3.579331574155718E-03 2.438366117693871E-03 3.509867622647029E-03 
-2.302310034647615E-03 5.475743084187341E-02 2.819246921245456E-02 5.475743084187341E-02 2.023731816288980E-01 2.819246921245457E-02 3.292277312268824E-02 6.177284900926307E-02 4.705839825864635E-03 -1.639653350150765E-03 2.991935594989280E-04 4.955610168553533E-03 5.338786641643390E-03 2.827956773103923E-01 5.338786641643489E-03 -6.420293610467644E-03 -6.420293610467704E-03 1.011626782547089E-02 4.705839825864613E-03 6.177284900926307E-02 3.292277312268824E-02 2.991935594989501E-04 -1.639653350150785E-03 4.955610168553529E-03 
3.223275783813184E-03 3.158315703180162E-02 1.804748806993582E-01 1.203107025839469E-02 1.924636614341704E-02 -7.847206337154201E-03 7.761812492321395E-02 3.292277312268831E-02 -5.364434109957909E-03 2.438366117693886E-03 3.579331574155710E-03 3.509867622647040E-03 2.926277508685026E-02 5.338786641643550E-03 3.659959629372996E-01 1.501087746454774E-02 -1.727232898360683E-02 4.379291871493109E-02 9.503650546231174E-04 4.705839825864676E-03 -5.364434109957894E-03 5.470793380670364E-04 7.598416231726113E-04 -1.384981250659583E-03 
3.419700170135044E-03 -3.573893650850196E-04 7.865642783935468E-03 -3.188254941095408E-03 6.976423295558727E-03 5.530611868971916E-03 3.579331574155724E-03 2.991935594989540E-04 5.470793380670357E-04 6.218185499422151E-05 2.096538733698677E-04 2.506635688566593E-04 -1.727232898360668E-02 -6.420293610467636E-03 1.501087746454774E-02 1.282251366647274E-01 -1.100511728912275E-02 -1.912161974145526E-02 7.598416231726112E-04 -1.639653350150749E-03 2.438366117693892E-03 6.218185499422171E-05 -3.769038917318492E-05 3.244359185477363E-04 
3.419700170135056E-03 -3.188254941095437E-03 5.530611868971866E-03 -3.573893650850390E-04 6.976423295558706E-03 7.865642783935457E-03 2.438366117693873E-03 -1.639653350150775E-03 7.598416231726135E-04 -3.769038917318545E-05 6.218185499422079E-05 3.244359185477358E-04 1.501087746454770E-02 -6.420293610467697E-03 -1.727232898360682E-02 -1.100511728912276E-02 1.282251366647274E-01 -1.912161974145530E-02 5.470793380670387E-04 2.991935594989368E-04 3.579331574155711E-03 2.096538733698678E-04 6.218185499422080E-05 2.506635688566586E-04 
-4.092473371413168E-03 7.136338740166523E-03 9.071593038591421E-03 7.136338740166513E-03 -5.642571838886214E-03 9.071593038591366E-03 3.509867622647046E-03 4.955610168553532E-03 -1.384981250659586E-03 3.244359185477367E-04 2.506635688566588E-04 -1.750816796238289E-04 4.379291871493099E-02 1.011626782547090E-02 4.379291871493107E-02 -1.912161974145525E-02 -1.912161974145530E-02 2.883273744469049E-01 -1.384981250659587E-03 4.955610168553518E-03 3.509867622647018E-03 2.506635688566584E-04 3.244359185477347E-04 -1.750816796238300E-04 
1.804748806993582E-01 3.158315703180160E-02 3.223275783813224E-03 1.924636614341692E-02 1.203107025839464E-02 -7.847206337154211E-03 -5.364434109957918E-03 3.292277312268824E-02 7.761812492321389E-02 3.579331574155723E-03 2.438366117693868E-03 3.509867622647040E-03 -5.364434109957922E-03 4.705839825864622E-03 9.503650546231136E-04 7.598416231726107E-04 5.470793380670381E-04 -1.384981250659587E-03 3.659959629372999E-01 5.338786641643442E-03 2.926277508685027E-02 -1.727232898360670E-02 1.501087746454770E-02 4.379291871493100E-02 
2.819246921245471E-02 5.475743084187346E-02 -2.302310034647564E-03 2.023731816288980E-01 5.475743084187341E-02 2.819246921245453E-02 4.705839825864640E-03 6.177284900926307E-02 3.292277312268828E-02 2.991935594989505E-04 -1.639653350150776E-03 4.955610168553530E-03 3.292277312268819E-02 6.177284900926305E-02 4.705839825864662E-03 -1.639653350150753E-03 2.991935594989336E-04 4.955610168553517E-03 5.338786641643426E-03 2.827956773103924E-01 5.338786641643455E-03 -6.420293610467620E-03 -6.420293610467733E-03 1.011626782547091E-02 
-7.847206337154154E-03 1.203107025839466E-02 3.223275783813196E-03 1.924636614341697E-02 3.158315703180160E-02 1.804748806993579E-01 9.503650546231168E-04 4.705839825864661E-03 -5.364434109957881E-03 5.470793380670352E-04 7.598416231726123E-04 -1.384981250659581E-03 7.761812492321379E-02 3.292277312268826E-02 -5.364434109957895E-03 2.438366117693892E-03 3.579331574155710E-03 3.509867622647019E-03 2.926277508685028E-02 5.338786641643494E-03 3.659959629372994E-01 1.501087746454770E-02 -1.727232898360679E-02 4.379291871493102E-02 
5.530611868971918E-03 -3.188254941095409E-03 3.419700170135042E-03 6.976423295558741E-03 -3.573893650850203E-04 7.865642783935454E-03 7.598416231726113E-04 -1.639653350150753E-03 2.438366117693898E-03 6.218185499422231E-05 -3.769038917318503E-05 3.244359185477367E-04 3.579331574155718E-03 2.991935594989519E-04 5.470793380670366E-04 6.218185499422170E-05 2.096538733698676E-04 2.506635688566585E-04 -1.727232898360671E-02 -6.420293610467627E-03 1.501087746454770E-02 1.282251366647274E-01 -1.100511728912274E-02 -1.912161974145528E-02 
7.865642783935454E-03 -3.573893650850403E-04 3.419700170135051E-03 6.976423295558685E-03 -3.188254941095440E-03 5.530611868971876E-03 5.470793380670374E-04 2.991935594989298E-04 3.579331574155710E-03 2.096538733698683E-04 6.218185499422095E-05 2.506635688566580E-04 2.438366117693875E-03 -1.639653350150781E-03 7.598416231726123E-04 -3.769038917318475E-05 6.218185499422077E-05 3.244359185477351E-04 1.501087746454771E-02 -6.420293610467727E-03 -1.727232898360678E-02 -1.100511728912274E-02 1.282251366647273E-01 -1.912161974145526E-02 
9.071593038591397E-03 7.136338740166517E-03 -4.092473371413163E-03 -5.642571838886215E-03 7.136338740166519E-03 9.071593038591383E-03 -1.384981250659586E-03 4.955610168553528E-03 3.509867622647030E-03 2.506635688566582E-04 3.244359185477345E-04 -1.750816796238286E-04 3.509867622647026E-03 4.955610168553528E-03 -1.384981250659584E-03 3.244359185477362E-04 2.506635688566586E-04 -1.750816796238306E-04 4.379291871493102E-02 1.011626782547091E-02 4.379291871493101E-02 -1.912161974145528E-02 -1.912161974145525E-02 2.883273744469048E-01 
% degree raising interpolation matrix
10 6
1.000000000000000E+00 -0.000000000000000E+00 0.000000000000000E+00 0.000000000000000E+00 0.000000000000000E+00 0.000000000000000E+00 
3.236067977499791E-01 7.999999999999998E-01 -1.236067977499790E-01 -4.186913223156733E-17 4.186913223156733E-17 0.000000000000000E+00 
-1.236067977499791E-01 7.999999999999998E-01 3.236067977499792E-01 -4.186913223156733E-17 4.186913223156733E-17 0.000000000000000E+00 
0.000000000000000E+00 -0.000000000000000E+00 1.000000000000000E+00 0.000000000000000E+00 0.000000000000000E+00 0.000000000000000E+00 
3.236067977499794E-01 -1.621584518530164E-16 -2.127384332069176E-17 7.999999999999999E-01 -8.373826446313467E-17 -1.236067977499790E-01 
-1.111111111111109E-01 4.444444444444445E-01 -1.111111111111112E-01 4.444444444444446E-01 4.444444444444443E-01 -1.111111111111112E-01 
1.665334536937735E-16 5.405281728433881E-17 3.236067977499787E-01 -1.110223024625157E-16 8.000000000000003E-01 -1.236067977499790E-01 
-1.236067977499789E-01 7.432262376596587E-17 -1.208995763461176E-16 7.999999999999999E-01 1.674765289262693E-16 3.236067977499787E-01 
1.110223024625157E-16 -0.000000000000000E+00 -1.236067977499790E-01 1.110223024625157E-16 7.999999999999997E-01 3.236067977499791E-01 
0.000000000000000E+00 -0.000000000000000E+00 0.000000000000000E+00 0.000000000000000E+00 0.000000000000000E+00 1.000000000000000E+00 
% degree lowering interpolation matrix
3 6
1.000000000000000E+00 -0.000000000000000E+00 0.000000000000000E+00 0.000000000000000E+00 0.000000000000000E+00 0.000000000000000E+00 
0.000000000000000E+00 -0.000000000000000E+00 1.000000000000000E+00 0.000000000000000E+00 0.000000000000000E+00 0.000000000000000E+00 
0.000000000000000E+00 -0.000000000000000E+00 0.000000000000000E+00 0.000000000000000E+00 0.000000000000000E+00 1.000000000000000E+00 
% number of FEM points 
12
% SEMFEM rs coordinates
-1.000000000000000E+00 -1.000000000000000E+00
-4.472135954999577E-01 -1.000000000000000E+00
4.472135954999580E-01 -1.000000000000000E+00
1.000000000000000E+00 -1.000000000000000E+00
-1.000000000000000E+00 -4.472135954999580E-01
4.472135954999580E-01 -4.472135954999578E-01
-9.999999999999999E-01 4.472135954999577E-01
-4.472135954999580E-01 4.472135954999583E-01
-1.000000000000000E+00 1.000000000000000E+00
-6.231107912289586E-01 -6.231107912289584E-01
2.462215824579170E-01 -6.231107912289586E-01
-6.231107912289584E-01 2.462215824579170E-01
% number of reference FEM elements 
16
% SEMFEM reference EToV 
7 3 8
4 1 9
4 0 1
6 4 9
11 7 6
8 4 6
9 11 6
10 5 11
7 8 6
9 10 11
7 5 3
7 11 5
1 2 9
9 2 10
10 2 5
2 3 5
% SEM to FEM interpolation matrix
8.073686895391406E-01 -7.395779780490427E-02 6.594696424221272E-02 -7.395779780490448E-02 5.897298932461724E-02 6.594696424221269E-02 
1.939522649101224E-01 4.934587683046926E-01 -1.376216106416988E-01 -1.186783114353093E-01 -5.922985617047605E-02 6.036778430813650E-02 
-1.376216106416988E-01 4.934587683046923E-01 1.939522649101225E-01 -5.922985617047623E-02 -1.186783114353089E-01 6.036778430813656E-02 
6.594696424221273E-02 -7.395779780490445E-02 8.073686895391403E-01 5.897298932461754E-02 -7.395779780490441E-02 6.594696424221283E-02 
1.939522649101225E-01 -1.186783114353091E-01 6.036778430813650E-02 4.934587683046925E-01 -5.922985617047598E-02 -1.376216106416986E-01 
6.036778430813652E-02 -1.186783114353092E-01 1.939522649101223E-01 -5.922985617047610E-02 4.934587683046925E-01 -1.376216106416990E-01 
-1.376216106416988E-01 -5.922985617047625E-02 6.036778430813648E-02 4.934587683046927E-01 -1.186783114353089E-01 1.939522649101224E-01 
6.036778430813658E-02 -5.922985617047599E-02 -1.376216106416988E-01 -1.186783114353094E-01 4.934587683046924E-01 1.939522649101225E-01 
6.594696424221271E-02 5.897298932461746E-02 6.594696424221282E-02 -7.395779780490425E-02 -7.395779780490465E-02 8.073686895391404E-01 
4.728470264568241E-02 2.219368621730192E-01 -1.099720989111843E-01 2.219368621730195E-01 1.396768054133818E-02 -1.099720989111844E-01 
-1.099720989111845E-01 2.219368621730194E-01 4.728470264568235E-02 1.396768054133810E-02 2.219368621730193E-01 -1.099720989111844E-01 
-1.099720989111844E-01 1.396768054133806E-02 -1.099720989111844E-01 2.219368621730194E-01 2.219368621730194E-01 4.728470264568244E-02 
