% degree N
5
% number of nodes
21
% node coordinates
-1.000000000000000E+00 -1.000000000000000E+00
-7.650553239294651E-01 -1.000000000000000E+00
-2.852315164806452E-01 -1.000000000000000E+00
2.852315164806448E-01 -1.000000000000000E+00
7.650553239294646E-01 -1.000000000000000E+00
1.000000000000000E+00 -1.000000000000000E+00
-1.000000000000000E+00 -7.650553239294646E-01
-6.844725145019088E-01 -6.844725145019086E-01
-1.712454773320746E-01 -6.575090453358509E-01
3.689450290038170E-01 -6.844725145019086E-01
7.650553239294648E-01 -7.650553239294648E-01
-1.000000000000000E+00 -2.852315164806448E-01
-6.575090453358509E-01 -1.712454773320745E-01
-1.712454773320745E-01 -1.712454773320745E-01
2.852315164806452E-01 -2.852315164806452E-01
-1.000000000000000E+00 2.852315164806450E-01
-6.844725145019084E-01 3.689450290038170E-01
-2.852315164806448E-01 2.852315164806448E-01
-9.999999999999999E-01 7.650553239294650E-01
-7.650553239294646E-01 7.650553239294647E-01
-1.000000000000000E+00 1.000000000000000E+00
% r collocation differentation matrix
-7.500000000000008E+00 1.014141593631967E+01 -4.036187270305342E+00 2.244684648176163E+00 -1.349913314190483E+00 4.999999999999978E-01 1.263627758154858E-15 2.751176908450618E-16 -3.704360424136900E-16 -1.017582433479107E-15 1.046299342295295E-15 -6.258159703603647E-16 3.787085051990364E-16 1.133147330726540E-15 5.078102558225260E-16 -1.483745266180247E-15 3.803792288028569E-16 -7.052461457053089E-16 3.072086886990647E-16 7.661859827321874E-16 -1.860507535242205E-16 
-1.786364948339099E+00 6.247286536469170E-15 2.523426777429453E+00 -1.152828158535928E+00 6.535475074297993E-01 -2.377811779842311E-01 -4.590765332100203E-16 1.853582414856435E-16 9.206423677576657E-16 -6.593096259111099E-16 3.656663348180656E-17 2.513221336854700E-16 -6.341698020727200E-16 4.727318116309028E-17 1.254802500986425E-18 4.022563270909497E-16 -3.421964809480613E-16 2.404270826964539E-16 -8.648683956863542E-17 -3.628179936064336E-17 3.228758100052059E-17 
4.849510478535703E-01 -1.721256952830233E+00 -2.784048405191947E-15 1.752961966367867E+00 -7.863566722232401E-01 2.697006108320388E-01 8.552026758166340E-18 -5.587063129476180E-17 1.871516305479486E-16 -2.555916097779234E-17 -4.425657657976104E-17 -6.180257932371905E-17 -1.594633607938623E-16 -7.132983810744747E-17 -8.216967414259601E-17 1.389399619398448E-16 3.220347112644777E-16 5.254730095149494E-17 -1.486289992523210E-16 -1.164602369363375E-16 3.600284245654733E-17 
-2.697006108320397E-01 7.863566722232418E-01 -1.752961966367868E+00 2.820345273362558E-15 1.721256952830231E+00 -4.849510478535684E-01 1.163638187794648E-16 1.194308257549382E-16 -4.397533984562747E-16 4.008931497881665E-16 -6.957368396685307E-17 -2.739954052065221E-17 -2.101545060689260E-16 -1.885041680062649E-16 1.895545422160977E-16 6.169810998370400E-17 -1.472955742413825E-16 1.018666812584819E-16 -1.922214056199646E-17 1.227783584526201E-16 -1.722254063928494E-17 
2.377811779842320E-01 -6.535475074298011E-01 1.152828158535931E+00 -2.523426777429455E+00 1.213482738407331E-15 1.786364948339094E+00 6.569233781976445E-17 -1.650183016800804E-16 5.038464847815121E-17 -1.170429006842866E-15 4.776413583502917E-16 9.859112257501780E-17 2.237188694347046E-16 3.731115587864967E-16 7.027833979215102E-17 -4.654725703670726E-16 9.164584884010444E-16 -4.483353289117861E-16 -2.000482340026340E-16 -5.724070031472677E-17 7.121975089275796E-17 
-5.000000000000014E-01 1.349913314190490E+00 -2.244684648176169E+00 4.036187270305353E+00 -1.014141593631967E+01 7.499999999999996E+00 8.237652602444863E-16 -1.052041282021336E-15 1.501038311357948E-15 -2.474568883414131E-15 4.254218266481975E-16 -8.453047243089973E-16 2.580387802060360E-15 2.323172764395264E-16 3.477904237461236E-17 -1.036497873985980E-15 1.485940363087893E-15 -2.519940222838609E-17 -1.850226781012443E-16 1.131108043519635E-16 5.016945921850168E-17 
-1.311934719335081E+00 3.355243081235117E+00 -2.819569052294498E+00 2.316331054988151E+00 -1.784952642822895E+00 7.683189882008142E-01 -5.023579634285158E+00 7.271485913914851E+00 -3.046481579337688E+00 1.372747030268375E+00 -3.879692404167501E-01 -6.014438380174251E-01 -6.408234424238891E-01 3.638905925038100E-01 -1.496470799007857E-01 4.083489663698900E-01 1.347076537887119E-01 -3.501966473675552E-02 -2.615396667592303E-01 -3.113426914459394E-02 1.030215482050315E-01 
4.513382217575564E-01 -7.763671568285478E-01 9.523418555666869E-01 -8.625899619965656E-01 7.225851487316625E-01 -3.302501390232120E-01 -1.169854554724855E+00 -3.663072265063165E-01 2.329296246521734E+00 -9.065313193230308E-01 2.527346011170792E-01 -2.756804270060776E-01 -1.162662186488883E-01 -1.162662186488886E-01 7.198320718428855E-02 1.369863156381126E-01 9.263290003946743E-02 -6.151767586333150E-03 -1.032570637717833E-01 -2.417184181221485E-02 4.379539932012545E-02 
-2.980136738445334E-01 6.068115117832195E-01 -6.690129146710344E-01 6.690129146710341E-01 -6.068115117832182E-01 2.980136738445325E-01 3.641585356309724E-01 -1.552394821479748E+00 -1.685712485076837E-15 1.552394821479750E+00 -3.641585356309721E-01 7.609876002853996E-02 -1.080424711547601E-01 1.080424711547599E-01 -7.609876002854013E-02 -6.803015521742273E-03 -3.586087779106435E-17 6.803015521742112E-03 5.707215248471841E-03 -5.707215248471897E-03 4.443813421318884E-18 
3.302501390232133E-01 -7.225851487316636E-01 8.625899619965648E-01 -9.523418555666872E-01 7.763671568285464E-01 -4.513382217575551E-01 -2.527346011170791E-01 9.065313193230301E-01 -2.329296246521739E+00 3.663072265063208E-01 1.169854554724853E+00 -7.198320718428847E-02 1.162662186488892E-01 1.162662186488891E-01 2.756804270060774E-01 6.151767586333165E-03 -9.263290003946761E-02 -1.369863156381125E-01 2.417184181221506E-02 1.032570637717832E-01 -4.379539932012549E-02 
-7.683189882008189E-01 1.784952642822903E+00 -2.316331054988158E+00 2.819569052294500E+00 -3.355243081235117E+00 1.311934719335080E+00 3.879692404167533E-01 -1.372747030268376E+00 3.046481579337687E+00 -7.271485913914848E+00 5.023579634285155E+00 1.496470799007870E-01 -3.638905925038088E-01 6.408234424238932E-01 6.014438380174246E-01 3.501966473675472E-02 -1.347076537887091E-01 -4.083489663698912E-01 3.113426914459501E-02 2.615396667592308E-01 -1.030215482050320E-01 
6.733495945778827E-01 -6.505736326546524E-01 -5.917681045194135E-01 1.507149908532957E+00 -1.931026917067196E+00 1.088340059885928E+00 -1.817593879075665E+00 5.166138711677032E+00 -4.754530498836686E+00 3.339682287908309E+00 -1.245175615748360E+00 -4.677483620008781E+00 6.091458726585647E+00 -1.937903901445493E+00 2.485683404317965E-01 -3.603429273666193E-01 -7.281269151446356E-01 3.089370034345348E-01 3.213362562136169E-01 6.791302939927238E-02 -1.183479067794763E-01 
-3.534176725987007E-01 4.107575474802331E-01 -7.964834529151646E-02 -3.337775033404840E-01 6.206428355562392E-01 -4.098757450951409E-01 7.201182019812371E-01 -1.478591318885112E+00 1.855822515549025E+00 -1.478591318885113E+00 6.149356203077679E-01 -9.904303840841497E-01 -4.359755627339071E-01 1.963864986703787E+00 -3.269744878187422E-01 -3.214174694131153E-01 7.380350259463753E-02 -1.557471053200557E-01 1.133066901980185E-01 4.659901184925948E-02 -5.540399875416734E-02 
4.098757450951420E-01 -6.206428355562410E-01 3.337775033404849E-01 7.964834529151567E-02 -4.107575474802314E-01 3.534176725987000E-01 -6.149356203077676E-01 1.478591318885111E+00 -1.855822515549024E+00 1.478591318885112E+00 -7.201182019812375E-01 3.269744878187419E-01 -1.963864986703785E+00 4.359755627339049E-01 9.904303840841506E-01 1.557471053200556E-01 -7.380350259463753E-02 3.214174694131162E-01 -4.659901184925926E-02 -1.133066901980188E-01 5.540399875416741E-02 
-1.088340059885932E+00 1.931026917067202E+00 -1.507149908532960E+00 5.917681045194171E-01 6.505736326546486E-01 -6.733495945778810E-01 1.245175615748360E+00 -3.339682287908308E+00 4.754530498836686E+00 -5.166138711677039E+00 1.817593879075664E+00 -2.485683404317953E-01 1.937903901445490E+00 -6.091458726585638E+00 4.677483620008780E+00 -3.089370034345337E-01 7.281269151446408E-01 3.603429273666204E-01 -6.791302939927280E-02 -3.213362562136172E-01 1.183479067794767E-01 
-3.880485176115162E-01 6.791302939927664E-02 3.089370034345335E-01 2.485683404317942E-01 -1.245175615748357E+00 1.088340059885930E+00 1.107692928436857E+00 -7.281269151446269E-01 -1.937903901445508E+00 3.339682287908314E+00 -1.931026917067200E+00 -2.113304893734485E+00 6.091458726585642E+00 -4.754530498836691E+00 1.507149908532962E+00 -4.677483620008779E+00 5.166138711677037E+00 -5.917681045194143E-01 -9.633692624543225E-02 -6.505736326546503E-01 1.883985467243127E-01 
3.740455383433379E-01 -2.769064429292947E-01 -7.813497477062169E-02 7.813497477062147E-02 2.769064429292945E-01 -3.740455383433382E-01 -8.258422125034447E-01 9.991642193624962E-01 1.123808323384558E-15 -9.991642193624977E-01 8.258422125034469E-01 9.995762776346770E-01 -2.445562465170624E+00 2.445562465170624E+00 -9.995762776346788E-01 -1.228022282572763E+00 -2.745850823888331E-15 1.228022282572765E+00 -3.934873978963067E-01 3.934873978963087E-01 -3.555050737055107E-16 
-1.088340059885931E+00 1.245175615748363E+00 -2.485683404317990E-01 -3.089370034345343E-01 -6.791302939927381E-02 3.880485176115159E-01 1.931026917067198E+00 -3.339682287908307E+00 1.937903901445492E+00 7.281269151446341E-01 -1.107692928436858E+00 -1.507149908532959E+00 4.754530498836683E+00 -6.091458726585645E+00 2.113304893734485E+00 5.917681045194145E-01 -5.166138711677034E+00 4.677483620008779E+00 6.505736326546490E-01 9.633692624543244E-02 -1.883985467243122E-01 
3.408027261892630E-01 -3.113426914459442E-02 -3.501966473675328E-02 -1.496470799007866E-01 -3.879692404167475E-01 7.683189882008166E-01 -9.150871741890312E-01 1.347076537887094E-01 3.638905925038095E-01 1.372747030268369E+00 -1.784952642822901E+00 1.561177124905822E+00 -6.408234424238952E-01 -3.046481579337686E+00 2.316331054988153E+00 -3.124870615446877E+00 7.271485913914850E+00 -2.819569052294499E+00 -5.023579634285162E+00 3.355243081235124E+00 4.744302290040182E-01 
-7.683189882008171E-01 3.879692404167509E-01 1.496470799007846E-01 3.501966473675532E-02 3.113426914459289E-02 -3.408027261892635E-01 1.784952642822897E+00 -1.372747030268373E+00 -3.638905925038110E-01 -1.347076537887112E-01 9.150871741890324E-01 -2.316331054988152E+00 3.046481579337691E+00 6.408234424238916E-01 -1.561177124905822E+00 2.819569052294496E+00 -7.271485913914852E+00 3.124870615446881E+00 -3.355243081235119E+00 5.023579634285160E+00 -4.744302290040147E-01 
-4.999999999999983E-01 7.996526766680538E-15 3.521570506888520E-16 -4.102320397618266E-15 -3.033706846018327E-16 5.000000000000009E-01 1.349913314190482E+00 -0.000000000000000E+00 -6.523275212525128E-15 -3.961650062552577E-15 -1.349913314190490E+00 -2.244684648176161E+00 -1.152355341491775E-14 -3.488626037026090E-15 2.244684648176169E+00 4.036187270305332E+00 1.202668659258845E-14 -4.036187270305349E+00 -1.014141593631967E+01 1.014141593631967E+01 4.905970017136049E-15 
% s collocation differentation matrix
-7.500000000000002E+00 1.199479015002081E-14 -7.634702535524019E-15 4.615110447320550E-15 -1.266154644788521E-15 2.358834228630504E-15 1.014141593631966E+01 1.086424282894132E-14 4.658402182875585E-16 1.733221902366753E-15 -4.077064829228231E-15 -4.036187270305351E+00 1.458527896404225E-15 -2.616469527769568E-15 2.879185686366941E-15 2.244684648176170E+00 2.055580848645985E-15 -4.118616520077116E-15 -1.349913314190491E+00 3.274427687448373E-15 5.000000000000013E-01 
-1.311934719335081E+00 -5.023579634285155E+00 -6.014438380174273E-01 4.083489663698943E-01 -2.615396667592308E-01 1.030215482050325E-01 3.355243081235115E+00 7.271485913914848E+00 -6.408234424238929E-01 1.347076537887113E-01 -3.113426914459552E-02 -2.819569052294501E+00 -3.046481579337682E+00 3.638905925038100E-01 -3.501966473675329E-02 2.316331054988154E+00 1.372747030268375E+00 -1.496470799007874E-01 -1.784952642822902E+00 -3.879692404167480E-01 7.683189882008168E-01 
6.733495945778835E-01 -1.817593879075667E+00 -4.677483620008778E+00 -3.603429273666185E-01 3.213362562136197E-01 -1.183479067794763E-01 -6.505736326546526E-01 5.166138711677035E+00 6.091458726585645E+00 -7.281269151446376E-01 6.791302939927209E-02 -5.917681045194165E-01 -4.754530498836687E+00 -1.937903901445493E+00 3.089370034345352E-01 1.507149908532960E+00 3.339682287908314E+00 2.485683404317952E-01 -1.931026917067202E+00 -1.245175615748358E+00 1.088340059885931E+00 
-3.880485176115154E-01 1.107692928436859E+00 -2.113304893734483E+00 -4.677483620008777E+00 -9.633692624543209E-02 1.883985467243136E-01 6.791302939927270E-02 -7.281269151446350E-01 6.091458726585641E+00 5.166138711677035E+00 -6.505736326546507E-01 3.089370034345348E-01 -1.937903901445496E+00 -4.754530498836687E+00 -5.917681045194141E-01 2.485683404317950E-01 3.339682287908309E+00 1.507149908532958E+00 -1.245175615748363E+00 -1.931026917067199E+00 1.088340059885931E+00 
3.408027261892650E-01 -9.150871741890337E-01 1.561177124905822E+00 -3.124870615446881E+00 -5.023579634285158E+00 4.744302290040139E-01 -3.113426914459669E-02 1.347076537887157E-01 -6.408234424238981E-01 7.271485913914851E+00 3.355243081235114E+00 -3.501966473675246E-02 3.638905925038067E-01 -3.046481579337689E+00 -2.819569052294497E+00 -1.496470799007869E-01 1.372747030268375E+00 2.316331054988154E+00 -3.879692404167493E-01 -1.784952642822899E+00 7.683189882008155E-01 
-4.999999999999964E-01 1.349913314190490E+00 -2.244684648176174E+00 4.036187270305346E+00 -1.014141593631966E+01 -6.563712636189230E-15 4.330262811047541E-16 1.358030353617665E-15 -3.398871811126451E-15 4.952062578190721E-16 1.014141593631968E+01 4.849880273195414E-15 -5.130764676872399E-15 -0.000000000000000E+00 -4.036187270305344E+00 -3.473687295223706E-15 -2.845104433541733E-15 2.244684648176166E+00 7.155203578876993E-16 -1.349913314190486E+00 4.999999999999986E-01 
-1.786364948339099E+00 5.997395075010403E-15 -7.931255810128519E-16 3.204937810639271E-16 9.374086762773364E-16 -4.102320397618269E-16 2.140536389208073E-15 -5.884798199009883E-15 2.768539566564642E-15 -1.795122684594136E-15 4.818349343633363E-16 2.523426777429458E+00 4.085911558975876E-16 -1.308234763884784E-15 5.356624532775705E-16 -1.152828158535931E+00 -9.421412222960753E-16 -2.316721792543378E-16 6.535475074298017E-01 -1.676664779717540E-16 -2.377811779842322E-01 
4.513382217575566E-01 -1.169854554724856E+00 -2.756804270060770E-01 1.369863156381126E-01 -1.032570637717834E-01 4.379539932012550E-02 -7.763671568285462E-01 -3.663072265063169E-01 -1.162662186488918E-01 9.263290003946745E-02 -2.417184181221489E-02 9.523418555666877E-01 2.329296246521735E+00 -1.162662186488887E-01 -6.151767586333403E-03 -8.625899619965650E-01 -9.065313193230317E-01 7.198320718428894E-02 7.225851487316635E-01 2.527346011170786E-01 -3.302501390232129E-01 
-3.534176725987009E-01 7.201182019812387E-01 -9.904303840841491E-01 -3.214174694131153E-01 1.133066901980188E-01 -5.540399875416754E-02 4.107575474802319E-01 -1.478591318885112E+00 -4.359755627339073E-01 7.380350259463619E-02 4.659901184925978E-02 -7.964834529151600E-02 1.855822515549026E+00 1.963864986703786E+00 -1.557471053200560E-01 -3.337775033404841E-01 -1.478591318885113E+00 -3.269744878187421E-01 6.206428355562401E-01 6.149356203077674E-01 -4.098757450951415E-01 
3.740455383433385E-01 -8.258422125034470E-01 9.995762776346785E-01 -1.228022282572765E+00 -3.934873978963078E-01 4.358715422469411E-16 -2.769064429292946E-01 9.991642193624964E-01 -2.445562465170624E+00 1.733221902366753E-15 3.934873978963066E-01 -7.813497477062147E-02 1.282691169218100E-15 2.445562465170626E+00 1.228022282572763E+00 7.813497477062140E-02 -9.991642193624986E-01 -9.995762776346770E-01 2.769064429292953E-01 8.258422125034459E-01 -3.740455383433379E-01 
-7.683189882008179E-01 1.784952642822902E+00 -2.316331054988156E+00 2.819569052294502E+00 -3.355243081235119E+00 -4.744302290040168E-01 3.879692404167538E-01 -1.372747030268377E+00 3.046481579337691E+00 -7.271485913914851E+00 5.023579634285158E+00 1.496470799007880E-01 -3.638905925038077E-01 6.408234424238937E-01 3.124870615446881E+00 3.501966473675371E-02 -1.347076537887082E-01 -1.561177124905820E+00 3.113426914459590E-02 9.150871741890300E-01 -3.408027261892634E-01 
4.849510478535691E-01 -1.655530932164330E-15 7.730464561361729E-16 -8.973825869789958E-16 7.654345770508816E-16 -4.615110447320552E-16 -1.721256952830229E+00 -2.716060707235331E-15 1.740606167022391E-15 -9.904125156381443E-16 2.988535901580853E-16 -2.606810646842535E-15 3.219644865573469E-16 -2.180391273141306E-16 2.678312266387852E-16 1.752961966367867E+00 1.712984040538322E-16 -5.920511247610855E-16 -7.863566722232411E-01 2.662938179551388E-16 2.697006108320394E-01 
-2.980136738445334E-01 3.641585356309728E-01 7.609876002853941E-02 -6.803015521741797E-03 5.707215248471409E-03 3.525431591703200E-16 6.068115117832183E-01 -1.552394821479748E+00 -1.080424711547605E-01 8.047101689559923E-16 -5.707215248472470E-03 -6.690129146710344E-01 -4.960407255960621E-16 1.080424711547590E-01 6.803015521742632E-03 6.690129146710340E-01 1.552394821479751E+00 -7.609876002854020E-02 -6.068115117832190E-01 -3.641585356309719E-01 2.980136738445331E-01 
4.098757450951419E-01 -6.149356203077685E-01 3.269744878187413E-01 1.557471053200551E-01 -4.659901184925851E-02 5.540399875416719E-02 -6.206428355562396E-01 1.478591318885111E+00 -1.963864986703783E+00 -7.380350259463805E-02 -1.133066901980184E-01 3.337775033404842E-01 -1.855822515549026E+00 4.359755627339040E-01 3.214174694131154E-01 7.964834529151546E-02 1.478591318885112E+00 9.904303840841507E-01 -4.107575474802316E-01 -7.201182019812365E-01 3.534176725987001E-01 
-1.088340059885931E+00 1.931026917067202E+00 -1.507149908532960E+00 5.917681045194184E-01 6.505736326546488E-01 -1.883985467243116E-01 1.245175615748360E+00 -3.339682287908309E+00 4.754530498836687E+00 -5.166138711677040E+00 9.633692624543125E-02 -2.485683404317963E-01 1.937903901445489E+00 -6.091458726585642E+00 4.677483620008779E+00 -3.089370034345333E-01 7.281269151446395E-01 2.113304893734486E+00 -6.791302939927402E-02 -1.107692928436857E+00 3.880485176115156E-01 
-2.697006108320389E-01 6.247286536469170E-16 -4.285880368327269E-16 4.066264847248574E-16 -6.182138368043585E-16 -7.691850745534253E-17 7.863566722232394E-01 1.358030353617665E-15 1.110084902898169E-15 2.476031289095361E-16 1.853211286012832E-16 -1.752961966367868E+00 -1.577530076466186E-16 -4.360782546282613E-16 -7.580468441133647E-16 3.763161236492349E-15 -6.851936162153279E-16 6.692751845125315E-16 1.721256952830232E+00 2.564310839568003E-16 -4.849510478535700E-01 
3.302501390232125E-01 -2.527346011170809E-01 -7.198320718428777E-02 6.151767586332803E-03 2.417184181221467E-02 -4.379539932012560E-02 -7.225851487316621E-01 9.065313193230299E-01 1.162662186488900E-01 -9.263290003946664E-02 1.032570637717836E-01 8.625899619965650E-01 -2.329296246521736E+00 1.162662186488881E-01 -1.369863156381130E-01 -9.523418555666856E-01 3.663072265063174E-01 2.756804270060778E-01 7.763671568285474E-01 1.169854554724854E+00 -4.513382217575559E-01 
-1.088340059885931E+00 1.245175615748364E+00 -2.485683404317953E-01 -3.089370034345328E-01 -6.791302939927363E-02 1.183479067794766E-01 1.931026917067197E+00 -3.339682287908305E+00 1.937903901445492E+00 7.281269151446363E-01 -3.213362562136164E-01 -1.507149908532959E+00 4.754530498836680E+00 -6.091458726585645E+00 3.603429273666177E-01 5.917681045194161E-01 -5.166138711677034E+00 4.677483620008783E+00 6.505736326546495E-01 1.817593879075662E+00 -6.733495945778815E-01 
2.377811779842316E-01 -7.496743843763003E-16 -4.687704183661764E-16 -1.025580099404567E-15 2.599780385066641E-16 -1.426197325734476E-16 -6.535475074297993E-01 -1.358030353617665E-15 -1.911770883977421E-15 -9.904125156381443E-16 1.111926771607699E-16 1.152828158535930E+00 -1.033355402257524E-17 1.744313018513045E-15 2.678312266387852E-16 -2.523426777429451E+00 -2.740774464861310E-15 -4.118616520077116E-16 -7.658209087938297E-15 2.288154287614526E-15 1.786364948339098E+00 
-7.683189882008166E-01 3.879692404167529E-01 1.496470799007860E-01 3.501966473675532E-02 3.113426914459152E-02 -1.030215482050317E-01 1.784952642822896E+00 -1.372747030268377E+00 -3.638905925038128E-01 -1.347076537887114E-01 2.615396667592303E-01 -2.316331054988153E+00 3.046481579337692E+00 6.408234424238954E-01 -4.083489663698894E-01 2.819569052294497E+00 -7.271485913914851E+00 6.014438380174221E-01 -3.355243081235119E+00 5.023579634285160E+00 1.311934719335081E+00 
-4.999999999999985E-01 3.998263383340269E-15 -2.227238724153557E-15 -0.000000000000000E+00 1.516005668511861E-15 3.333135323064843E-16 1.349913314190484E+00 7.242828552627549E-15 6.386041007661243E-15 6.437681351647938E-15 1.445504803090009E-15 -2.244684648176159E+00 3.237728585112975E-15 -5.232939055539136E-15 -1.339156133193926E-16 4.036187270305336E+00 5.481548929722620E-15 1.647446608030847E-15 -1.014141593631967E+01 -3.156074879468312E-16 7.500000000000006E+00 
% FaceNodes
0 1 2 3 4 5 
5 10 14 17 19 20 
0 6 11 15 18 20 
% LIFT matrix
1.349999999999999E+01 1.014141593631968E+01 -4.036187270305330E+00 2.244684648176174E+00 -1.349913314190471E+00 5.000000000000017E-01 -6.999999999999975E-01 -3.973987041127404E+00 -5.826012958872610E+00 -5.826012958872619E+00 -3.973987041127405E+00 -6.999999999999990E-01 1.350000000000001E+01 1.014141593631972E+01 -4.036187270305349E+00 2.244684648176167E+00 -1.349913314190490E+00 4.999999999999990E-01 
1.786364948339093E+00 1.600000000000001E+01 4.111446491958858E+00 -1.337154606781415E+00 6.771243444677166E-01 -2.377811779842288E-01 2.658282982267199E-01 1.723294358295579E+00 2.520526199713452E+00 7.491002853825552E-01 -2.040594381577190E+00 -6.999731552534039E-01 6.403029663124792E-01 -4.224895281679406E+00 1.418136552760714E+00 -4.866924688737688E-01 1.925409656231648E-01 -5.757433893091993E-02 
-4.849510478535699E-01 2.804462536330322E+00 1.600000000000001E+01 3.322875655532310E+00 -9.120877548410745E-01 2.697006108320392E-01 -1.532487952089177E-01 -1.579505250767180E+00 -2.057699539064794E+00 1.909443937706800E+00 4.942471610271266E-01 -6.930038640255445E-01 -2.005015169493173E-01 2.544853159305543E+00 5.560457255497752E-01 -1.658135784853951E+00 1.406001028118221E+00 -5.684962608377518E-01 
2.697006108320404E-01 -9.120877548410754E-01 3.322875655532308E+00 1.600000000000001E+01 2.804462536330322E+00 -4.849510478535686E-01 -2.005015169493159E-01 2.544853159305535E+00 5.560457255497709E-01 -1.658135784853950E+00 1.406001028118222E+00 -5.684962608377506E-01 -1.532487952089170E-01 -1.579505250767186E+00 -2.057699539064798E+00 1.909443937706801E+00 4.942471610271247E-01 -6.930038640255448E-01 
-2.377811779842295E-01 6.771243444677170E-01 -1.337154606781414E+00 4.111446491958860E+00 1.600000000000001E+01 1.786364948339093E+00 6.403029663124704E-01 -4.224895281679396E+00 1.418136552760721E+00 -4.866924688737713E-01 1.925409656231659E-01 -5.757433893092095E-02 2.658282982267190E-01 1.723294358295584E+00 2.520526199713456E+00 7.491002853825598E-01 -2.040594381577181E+00 -6.999731552534026E-01 
5.000000000000057E-01 -1.349913314190478E+00 2.244684648176180E+00 -4.036187270305346E+00 1.014141593631967E+01 1.350000000000000E+01 1.350000000000000E+01 1.014141593631969E+01 -4.036187270305344E+00 2.244684648176166E+00 -1.349913314190491E+00 4.999999999999984E-01 -6.999999999999986E-01 -3.973987041127425E+00 -5.826012958872613E+00 -5.826012958872615E+00 -3.973987041127392E+00 -6.999999999999954E-01 
6.403029663124777E-01 -4.224895281679403E+00 1.418136552760727E+00 -4.866924688737758E-01 1.925409656231661E-01 -5.757433893092179E-02 -6.999731552534082E-01 -2.040594381577197E+00 7.491002853825658E-01 2.520526199713464E+00 1.723294358295581E+00 2.658282982267168E-01 1.786364948339104E+00 1.600000000000009E+01 4.111446491958874E+00 -1.337154606781431E+00 6.771243444677096E-01 -2.377811779842337E-01 
-3.440550268441578E-01 -1.288565653182607E+00 -1.932719027509001E+00 3.124899810472658E-01 2.422287446547635E-02 -2.662346825226240E-02 8.231851760474918E-02 1.536933734525499E-01 -9.758519566053379E-01 -9.758519566053370E-01 1.536933734525490E-01 8.231851760474880E-02 -3.440550268441589E-01 -1.288565653182614E+00 -1.932719027509002E+00 3.124899810472672E-01 2.422287446547839E-02 -2.662346825226241E-02 
1.193186513804487E-01 -4.640496936647751E-02 -1.627899530300693E+00 -1.627899530300694E+00 -4.640496936647828E-02 1.193186513804488E-01 9.870259675750151E-02 3.733472276462098E-01 1.291516558131955E+00 3.697056794358066E-01 -3.006544198819607E-01 3.227110638953793E-02 9.870259675750143E-02 3.733472276462118E-01 1.291516558131955E+00 3.697056794358051E-01 -3.006544198819596E-01 3.227110638953812E-02 
-2.662346825226279E-02 2.422287446547691E-02 3.124899810472636E-01 -1.932719027509002E+00 -1.288565653182608E+00 -3.440550268441568E-01 -3.440550268441567E-01 -1.288565653182608E+00 -1.932719027509001E+00 3.124899810472672E-01 2.422287446547887E-02 -2.662346825226235E-02 8.231851760474818E-02 1.536933734525482E-01 -9.758519566053379E-01 -9.758519566053376E-01 1.536933734525479E-01 8.231851760474872E-02 
-5.757433893092140E-02 1.925409656231667E-01 -4.866924688737749E-01 1.418136552760722E+00 -4.224895281679391E+00 6.403029663124752E-01 1.786364948339096E+00 1.600000000000002E+01 4.111446491958860E+00 -1.337154606781426E+00 6.771243444677053E-01 -2.377811779842318E-01 -6.999731552534062E-01 -2.040594381577200E+00 7.491002853825620E-01 2.520526199713459E+00 1.723294358295573E+00 2.658282982267164E-01 
-2.005015169493182E-01 2.544853159305534E+00 5.560457255497722E-01 -1.658135784853954E+00 1.406001028118224E+00 -5.684962608377498E-01 -6.930038640255437E-01 4.942471610271261E-01 1.909443937706800E+00 -2.057699539064799E+00 -1.579505250767180E+00 -1.532487952089171E-01 -4.849510478535700E-01 2.804462536330329E+00 1.600000000000001E+01 3.322875655532298E+00 -9.120877548410820E-01 2.697006108320390E-01 
9.870259675750122E-02 3.733472276462090E-01 1.291516558131955E+00 3.697056794358080E-01 -3.006544198819596E-01 3.227110638953810E-02 3.227110638953816E-02 -3.006544198819603E-01 3.697056794358058E-01 1.291516558131955E+00 3.733472276462112E-01 9.870259675750188E-02 1.193186513804489E-01 -4.640496936647701E-02 -1.627899530300694E+00 -1.627899530300693E+00 -4.640496936647836E-02 1.193186513804490E-01 
3.227110638953866E-02 -3.006544198819602E-01 3.697056794358063E-01 1.291516558131955E+00 3.733472276462096E-01 9.870259675750179E-02 1.193186513804491E-01 -4.640496936647784E-02 -1.627899530300692E+00 -1.627899530300694E+00 -4.640496936647884E-02 1.193186513804492E-01 3.227110638953849E-02 -3.006544198819616E-01 3.697056794358063E-01 1.291516558131955E+00 3.733472276462088E-01 9.870259675750161E-02 
-5.684962608377512E-01 1.406001028118224E+00 -1.658135784853950E+00 5.560457255497735E-01 2.544853159305532E+00 -2.005015169493188E-01 -4.849510478535696E-01 2.804462536330323E+00 1.600000000000001E+01 3.322875655532302E+00 -9.120877548410828E-01 2.697006108320384E-01 -6.930038640255445E-01 4.942471610271273E-01 1.909443937706803E+00 -2.057699539064797E+00 -1.579505250767174E+00 -1.532487952089173E-01 
-1.532487952089171E-01 -1.579505250767177E+00 -2.057699539064795E+00 1.909443937706800E+00 4.942471610271226E-01 -6.930038640255450E-01 -5.684962608377516E-01 1.406001028118225E+00 -1.658135784853954E+00 5.560457255497739E-01 2.544853159305538E+00 -2.005015169493176E-01 2.697006108320388E-01 -9.120877548410827E-01 3.322875655532299E+00 1.600000000000001E+01 2.804462536330318E+00 -4.849510478535711E-01 
8.231851760474868E-02 1.536933734525490E-01 -9.758519566053386E-01 -9.758519566053391E-01 1.536933734525476E-01 8.231851760474829E-02 -2.662346825226252E-02 2.422287446547879E-02 3.124899810472669E-01 -1.932719027509003E+00 -1.288565653182611E+00 -3.440550268441565E-01 -2.662346825226242E-02 2.422287446547776E-02 3.124899810472691E-01 -1.932719027509004E+00 -1.288565653182606E+00 -3.440550268441555E-01 
-6.930038640255451E-01 4.942471610271220E-01 1.909443937706799E+00 -2.057699539064794E+00 -1.579505250767176E+00 -1.532487952089170E-01 2.697006108320392E-01 -9.120877548410840E-01 3.322875655532301E+00 1.600000000000001E+01 2.804462536330324E+00 -4.849510478535694E-01 -5.684962608377510E-01 1.406001028118226E+00 -1.658135784853955E+00 5.560457255497728E-01 2.544853159305531E+00 -2.005015169493182E-01 
2.658282982267162E-01 1.723294358295575E+00 2.520526199713452E+00 7.491002853825613E-01 -2.040594381577182E+00 -6.999731552534021E-01 -5.757433893091898E-02 1.925409656231660E-01 -4.866924688737668E-01 1.418136552760717E+00 -4.224895281679393E+00 6.403029663124776E-01 -2.377811779842316E-01 6.771243444677035E-01 -1.337154606781426E+00 4.111446491958849E+00 1.599999999999999E+01 1.786364948339092E+00 
-6.999731552534032E-01 -2.040594381577187E+00 7.491002853825652E-01 2.520526199713459E+00 1.723294358295574E+00 2.658282982267160E-01 -2.377811779842333E-01 6.771243444677073E-01 -1.337154606781429E+00 4.111446491958864E+00 1.600000000000004E+01 1.786364948339097E+00 -5.757433893092015E-02 1.925409656231711E-01 -4.866924688737739E-01 1.418136552760725E+00 -4.224895281679392E+00 6.403029663124742E-01 
-6.999999999999977E-01 -3.973987041127405E+00 -5.826012958872619E+00 -5.826012958872619E+00 -3.973987041127405E+00 -6.999999999999997E-01 4.999999999999995E-01 -1.349913314190488E+00 2.244684648176165E+00 -4.036187270305343E+00 1.014141593631969E+01 1.349999999999999E+01 4.999999999999979E-01 -1.349913314190485E+00 2.244684648176167E+00 -4.036187270305341E+00 1.014141593631967E+01 1.349999999999998E+01 
% number of plot nodes
55
% plot node coordinates
-1.000000000000000E+00 -1.000000000000000E+00
-7.777777777777777E-01 -1.000000000000000E+00
-5.555555555555556E-01 -1.000000000000000E+00
-3.333333333333333E-01 -1.000000000000000E+00
-1.111111111111112E-01 -1.000000000000000E+00
1.111111111111112E-01 -1.000000000000000E+00
3.333333333333333E-01 -1.000000000000000E+00
5.555555555555556E-01 -1.000000000000000E+00
7.777777777777777E-01 -1.000000000000000E+00
1.000000000000000E+00 -1.000000000000000E+00
-1.000000000000000E+00 -7.777777777777777E-01
-7.777777777777777E-01 -7.777777777777777E-01
-5.555555555555556E-01 -7.777777777777777E-01
-3.333333333333334E-01 -7.777777777777777E-01
-1.111111111111111E-01 -7.777777777777777E-01
1.111111111111112E-01 -7.777777777777777E-01
3.333333333333333E-01 -7.777777777777777E-01
5.555555555555555E-01 -7.777777777777776E-01
7.777777777777777E-01 -7.777777777777777E-01
-1.000000000000000E+00 -5.555555555555556E-01
-7.777777777777777E-01 -5.555555555555556E-01
-5.555555555555556E-01 -5.555555555555556E-01
-3.333333333333334E-01 -5.555555555555556E-01
-1.111111111111111E-01 -5.555555555555555E-01
1.111111111111112E-01 -5.555555555555556E-01
3.333333333333333E-01 -5.555555555555556E-01
5.555555555555556E-01 -5.555555555555556E-01
-1.000000000000000E+00 -3.333333333333333E-01
-7.777777777777778E-01 -3.333333333333333E-01
-5.555555555555556E-01 -3.333333333333333E-01
-3.333333333333334E-01 -3.333333333333334E-01
-1.111111111111112E-01 -3.333333333333334E-01
1.111111111111111E-01 -3.333333333333334E-01
3.333333333333332E-01 -3.333333333333334E-01
-1.000000000000000E+00 -1.111111111111112E-01
-7.777777777777778E-01 -1.111111111111112E-01
-5.555555555555556E-01 -1.111111111111112E-01
-3.333333333333334E-01 -1.111111111111112E-01
-1.111111111111112E-01 -1.111111111111112E-01
1.111111111111112E-01 -1.111111111111112E-01
-1.000000000000000E+00 1.111111111111112E-01
-7.777777777777778E-01 1.111111111111112E-01
-5.555555555555556E-01 1.111111111111112E-01
-3.333333333333334E-01 1.111111111111112E-01
-1.111111111111112E-01 1.111111111111112E-01
-1.000000000000000E+00 3.333333333333333E-01
-7.777777777777778E-01 3.333333333333333E-01
-5.555555555555556E-01 3.333333333333333E-01
-3.333333333333334E-01 3.333333333333333E-01
-1.000000000000000E+00 5.555555555555556E-01
-7.777777777777778E-01 5.555555555555556E-01
-5.555555555555556E-01 5.555555555555556E-01
-1.000000000000000E+00 7.777777777777777E-01
-7.777777777777778E-01 7.777777777777777E-01
-1.000000000000000E+00 1.000000000000000E+00
% plot node interpolation matrix
1.000000000000000E+00 -3.353079688046092E-17 1.005641118330986E-16 -4.754837596601978E-17 -7.537590707399828E-17 4.914889872931783E-17 1.661367738079205E-19 -1.903701457064206E-16 1.215352534998546E-16 1.545877086279998E-16 -5.937860013246499E-17 -1.711538201837164E-17 6.763137861929705E-18 -1.436817785295707E-16 1.201806895058820E-16 9.550290187159136E-17 -1.257870932074635E-16 -8.002240819944717E-17 5.405518256870315E-18 3.757428057285345E-17 6.498449144705387E-18 
2.398008433673643E-02 9.980022296478789E-01 -3.121245064625371E-02 1.446231557406882E-02 -8.229689454522467E-03 2.997510542092049E-03 2.830114835223713E-17 9.714717897387794E-17 2.128367181619170E-16 -1.039684711108627E-16 -2.001890273199072E-17 -4.172113466209692E-17 -1.299172644167969E-16 6.685408392490596E-17 -5.068767614257927E-18 -7.534821166212054E-17 4.048219272123034E-17 8.833982290127004E-18 3.532002266044415E-17 6.277795683510244E-17 -1.247139338953634E-17 
-1.283849006757104E-01 6.489512711749372E-01 6.089525684731864E-01 -1.957862143575219E-01 1.029486755781686E-01 -3.668140019306000E-02 -6.047499448159395E-18 1.117726171518411E-16 8.653286366169114E-17 -1.402766381711292E-17 1.432468329832358E-17 1.936564051661543E-17 -1.441237750267787E-16 6.954486477989828E-17 -5.233144672114462E-18 -7.647412687323901E-17 -4.526155870862054E-17 -2.099425154890399E-17 5.297396691482698E-17 5.297396691482690E-17 -4.682731191112122E-17 
-2.469135802469138E-02 9.084766097688990E-02 9.872540873900527E-01 -7.677241167677960E-02 3.570770034687416E-02 -1.234567901234564E-02 -5.436508492627867E-17 3.768056577519304E-17 1.964839992048264E-16 -5.430910284194318E-17 8.688710591602534E-17 -5.811291573421961E-17 -1.972584561866588E-16 -5.331027359223562E-17 -5.148983476692783E-17 3.336148200586115E-17 1.761471853536147E-16 -5.133498709846035E-17 9.149839682530428E-18 4.014089496318235E-17 -2.389177697932382E-18 
5.766397398770523E-02 -1.867564238350386E-01 8.492568923535829E-01 3.730937428002064E-01 -1.393893644966200E-01 4.613117919016403E-02 4.704637943172857E-17 -4.826287783177768E-18 8.219043766553386E-17 9.550279454012949E-18 3.977157297646308E-17 -2.107108823627642E-17 -2.585007518932925E-17 -2.910316839598665E-17 -5.050099844030643E-17 1.759725804164414E-17 -6.691480342345318E-17 -3.997719799851725E-18 2.462292855647974E-19 -1.750383309126227E-17 -7.693037993671578E-18 
4.613117919016414E-02 -1.393893644966200E-01 3.730937428002054E-01 8.492568923535836E-01 -1.867564238350381E-01 5.766397398770496E-02 6.423390355074543E-18 3.316864244494654E-18 6.171877866458816E-17 4.846205125075287E-17 -5.343374159787386E-18 7.204394824274132E-17 -1.038837568732212E-16 -5.337518215043079E-17 9.135905579205028E-18 6.953778499194459E-19 2.253974496917976E-17 1.927635288399550E-17 -3.043274634125940E-17 -1.493721870093336E-17 -1.658066483630935E-17 
-1.234567901234585E-02 3.570770034687452E-02 -7.677241167678020E-02 9.872540873900524E-01 9.084766097689063E-02 -2.469135802469148E-02 1.146952105436392E-16 -1.603952463721014E-16 3.007437064658106E-17 1.075489831846185E-16 -4.488624694681622E-17 3.552742626874759E-17 1.414896248193851E-16 1.304361847287453E-16 -2.720965756667850E-17 -3.055965357649154E-17 -1.715864860622335E-16 2.329858044089761E-17 2.536069812055914E-18 -1.237060431060445E-17 -2.546829167894712E-17 
-3.668140019306006E-02 1.029486755781689E-01 -1.957862143575217E-01 6.089525684731855E-01 6.489512711749378E-01 -1.283849006757100E-01 8.664446092273949E-17 -1.386228460079402E-16 1.922984356861977E-16 7.498880979841953E-17 2.324278630093811E-17 -1.641100611517101E-17 -4.324010903912717E-17 -1.056799543195668E-16 6.202240007255147E-17 6.204515589982631E-17 -5.669824365151776E-17 -2.611647855978891E-17 -5.276276659516047E-17 -5.040735252449799E-17 3.793968506848346E-17 
2.997510542092188E-03 -8.229689454522618E-03 1.446231557406940E-02 -3.121245064625498E-02 9.980022296478789E-01 2.398008433673725E-02 6.319713849776168E-17 -2.448909584622137E-16 1.927542432742686E-16 3.072385611992257E-17 8.897333092334357E-17 8.671410703105034E-17 -1.418089903144537E-17 -1.318420189085640E-16 1.478511044494703E-16 1.332694965100925E-16 -1.171635402218321E-16 3.430467784594600E-17 -8.347200997616593E-17 -3.757428057285345E-17 -6.498449144705387E-18 
1.127086557155377E-17 2.685477222959199E-17 4.236407247886199E-18 1.281975124255708E-16 -0.000000000000000E+00 1.000000000000000E+00 1.055723677966509E-16 2.881195245809913E-17 -1.799800972582186E-17 -2.402994807796381E-16 5.675028016714762E-17 -2.254528403046167E-16 1.339331981231906E-16 2.331782123546547E-16 -3.618526758392396E-17 -1.349297751769367E-16 1.219395710221222E-16 -8.360606256238370E-17 1.734158777646329E-17 -3.757428057285345E-17 -6.498449144705387E-18 
2.398008433673672E-02 8.746201151056838E-16 -4.936762702212912E-16 4.807406715958905E-16 -2.425044138252175E-16 1.538370149106851E-16 9.980022296478777E-01 1.135228498727267E-15 -1.070842716007517E-16 1.895711455713636E-16 -1.239335047521081E-16 -3.121245064625494E-02 -8.467544167589921E-17 -2.963969386926463E-16 1.883188312303959E-17 1.446231557406947E-02 2.382118431373600E-16 1.166405069162465E-17 -8.229689454522821E-03 -4.052967252442217E-17 2.997510542092205E-03 
-7.772509392824839E-02 2.331382859785752E-01 -8.670119098444909E-02 6.992654254510648E-02 -5.342397466125588E-02 2.313109971010435E-02 2.331382859785745E-01 8.936918908900113E-01 -1.375428289842202E-01 5.058489477508278E-02 -1.357283967784100E-02 -8.670119098444938E-02 -1.375428289842207E-01 2.524547155576675E-02 -6.146122959866772E-03 6.992654254510666E-02 5.058489477508292E-02 -6.146122959866915E-03 -5.342397466125611E-02 -1.357283967784102E-02 2.313109971010447E-02 
1.097007053113455E-02 4.812122954191680E-03 1.992522542535522E-01 -1.142201877733056E-01 8.404799838366087E-02 -3.590707744231931E-02 -5.172457863553234E-02 8.708509002825778E-01 2.917487274736054E-01 -9.269995242019689E-02 2.274921691709174E-02 -6.900691094515467E-02 -2.156086082577754E-01 -2.956483621207594E-02 1.190872013784855E-02 7.928810326030637E-02 1.076963590850342E-01 -2.486973183210055E-03 -7.589869135893383E-02 -3.329371189736037E-02 3.708705484686112E-02 
5.949190562698473E-02 -1.276946437894079E-01 2.861150758181574E-01 -9.448353772136696E-02 7.435362905713165E-02 -3.232218850124444E-02 -8.201346089162084E-02 4.722255128330093E-01 7.603382350697797E-01 -1.299937701062248E-01 2.690780068176151E-02 -2.618029899473949E-02 -2.311209648872694E-01 -1.148436073587072E-01 2.244119226674662E-02 6.296824088121848E-02 1.503549963163904E-01 1.276271282740006E-02 -8.035557081809426E-02 -5.424181424551846E-02 4.529055593561428E-02 
2.512869020675337E-02 -5.767808188469695E-02 1.173753012065516E-01 1.173753012065517E-01 -5.767808188469684E-02 2.512869020675331E-02 -2.165836432682561E-02 7.044236196962884E-02 9.517038332220840E-01 7.044236196962896E-02 -2.165836432682564E-02 9.682761498981313E-03 -1.915362637149498E-01 -1.915362637149497E-01 9.682761498981365E-03 3.694689723759700E-02 1.659731685010733E-01 3.694689723759702E-02 -7.154015853777627E-02 -7.154015853777618E-02 4.799671096631516E-02 
-3.232218850124462E-02 7.435362905713183E-02 -9.448353772136682E-02 2.861150758181575E-01 -1.276946437894075E-01 5.949190562698441E-02 2.690780068176155E-02 -1.299937701062246E-01 7.603382350697787E-01 4.722255128330101E-01 -8.201346089162070E-02 2.244119226674655E-02 -1.148436073587072E-01 -2.311209648872695E-01 -2.618029899473957E-02 1.276271282740005E-02 1.503549963163904E-01 6.296824088121854E-02 -5.424181424551860E-02 -8.035557081809418E-02 4.529055593561421E-02 
-3.590707744231934E-02 8.404799838366063E-02 -1.142201877733052E-01 1.992522542535517E-01 4.812122954192165E-03 1.097007053113429E-02 2.274921691709161E-02 -9.269995242019655E-02 2.917487274736044E-01 8.708509002825782E-01 -5.172457863553182E-02 1.190872013784849E-02 -2.956483621207599E-02 -2.156086082577756E-01 -6.900691094515465E-02 -2.486973183210039E-03 1.076963590850339E-01 7.928810326030637E-02 -3.329371189736050E-02 -7.589869135893371E-02 3.708705484686105E-02 
2.313109971010454E-02 -5.342397466125617E-02 6.992654254510634E-02 -8.670119098444982E-02 2.331382859785750E-01 -7.772509392824836E-02 -1.357283967784095E-02 5.058489477508271E-02 -1.375428289842213E-01 8.936918908900113E-01 2.331382859785752E-01 -6.146122959866867E-03 2.524547155576673E-02 -1.375428289842205E-01 -8.670119098444903E-02 -6.146122959866883E-03 5.058489477508265E-02 6.992654254510650E-02 -1.357283967784102E-02 -5.342397466125595E-02 2.313109971010435E-02 
5.243934011991550E-17 1.249457307293834E-16 -1.602468905319634E-16 -1.602468905319635E-16 1.801263439823382E-16 2.398008433673683E-02 3.880339212007975E-16 -1.449980325477195E-16 -3.974121354180291E-16 -4.333054755916881E-16 9.980022296478792E-01 1.515587585373567E-16 -2.805886932664593E-16 -0.000000000000000E+00 -3.121245064625425E-02 6.181474787507464E-17 -3.152095280035293E-17 1.446231557406925E-02 1.956500978599178E-17 -8.229689454522566E-03 2.997510542092096E-03 
-1.283849006757103E-01 5.622557882822253E-16 -4.716664545532380E-16 2.243456467447489E-16 -1.111078284498396E-16 1.025580099404567E-16 6.489512711749370E-01 8.487689710110409E-16 -5.105358446495284E-16 3.404543022506121E-16 -6.486239501044912E-17 6.089525684731855E-01 -1.191220646429777E-16 -1.907842363998643E-16 -1.422853391518547E-16 -1.957862143575216E-01 4.282460101345796E-17 2.895902240679222E-17 1.029486755781687E-01 -7.027197973816163E-17 -3.668140019306008E-02 
1.097007053113449E-02 -5.172457863553220E-02 -6.900691094515457E-02 7.928810326030623E-02 -7.589869135893346E-02 3.708705484686093E-02 4.812122954191754E-03 8.708509002825781E-01 -2.156086082577751E-01 1.076963590850339E-01 -3.329371189736022E-02 1.992522542535518E-01 2.917487274736048E-01 -2.956483621207589E-02 -2.486973183210063E-03 -1.142201877733055E-01 -9.269995242019691E-02 1.190872013784857E-02 8.404799838366088E-02 2.274921691709169E-02 -3.590707744231938E-02 
5.995948951232714E-02 -1.087158443385963E-01 2.804595138018503E-02 -6.989681744467205E-02 7.047784387549742E-02 -3.595776891949505E-02 -1.087158443385962E-01 6.366271493151673E-01 3.440342319753039E-01 -1.265273918823767E-01 3.859296971697651E-02 2.804595138018486E-02 3.440342319753035E-01 2.272066828962290E-02 2.931720786187642E-04 -6.989681744467188E-02 -1.265273918823766E-01 2.931720786188349E-04 7.047784387549733E-02 3.859296971697636E-02 -3.595776891949502E-02 
1.428730172844634E-02 -2.677808315612424E-02 1.405956452389034E-03 -8.701870768361737E-02 8.557295231701217E-02 -4.481831017448623E-02 -2.270716082685057E-02 1.224470602452145E-01 8.348702258133222E-01 -1.828147562338032E-01 5.475782968609096E-02 -1.513093912137569E-02 2.632501773448054E-01 1.347247518705331E-01 -8.833406028482574E-03 -4.230722043273641E-02 -1.350493529680811E-01 -1.982511646220648E-02 5.996627160696871E-02 5.015371267436510E-02 -3.615318665138370E-02 
-4.481831017448632E-02 8.557295231701231E-02 -8.701870768361739E-02 1.405956452388898E-03 -2.677808315612422E-02 1.428730172844629E-02 5.475782968609095E-02 -1.828147562338031E-01 8.348702258133216E-01 1.224470602452146E-01 -2.270716082685051E-02 -8.833406028482562E-03 1.347247518705332E-01 2.632501773448057E-01 -1.513093912137572E-02 -1.982511646220652E-02 -1.350493529680812E-01 -4.230722043273653E-02 5.015371267436524E-02 5.996627160696871E-02 -3.615318665138373E-02 
-3.595776891949507E-02 7.047784387549737E-02 -6.989681744467180E-02 2.804595138018476E-02 -1.087158443385959E-01 5.995948951232688E-02 3.859296971697635E-02 -1.265273918823764E-01 3.440342319753034E-01 6.366271493151675E-01 -1.087158443385960E-01 2.931720786187477E-04 2.272066828962292E-02 3.440342319753036E-01 2.804595138018485E-02 2.931720786188121E-04 -1.265273918823765E-01 -6.989681744467191E-02 3.859296971697642E-02 7.047784387549721E-02 -3.595776891949500E-02 
3.708705484686114E-02 -7.589869135893386E-02 7.928810326030666E-02 -6.900691094515479E-02 -5.172457863553184E-02 1.097007053113432E-02 -3.329371189736035E-02 1.076963590850339E-01 -2.156086082577755E-01 8.708509002825781E-01 4.812122954192206E-03 -2.486973183210102E-03 -2.956483621207602E-02 2.917487274736047E-01 1.992522542535519E-01 1.190872013784848E-02 -9.269995242019673E-02 -1.142201877733055E-01 2.274921691709180E-02 8.404799838366073E-02 -3.590707744231932E-02 
8.973934296891748E-17 -6.247286536469170E-17 -5.309384837875875E-17 -1.922962686383562E-16 -3.792133557522909E-17 -1.283849006757100E-01 4.541745852795328E-17 -1.980460932359095E-16 1.372342048638864E-17 -2.476031289095361E-16 6.489512711749373E-01 0.000000000000000E+00 -0.000000000000000E+00 -0.000000000000000E+00 6.089525684731860E-01 2.412282843905352E-17 5.589706558877221E-16 -1.957862143575216E-01 1.490667412266040E-16 1.029486755781686E-01 -3.668140019306000E-02 
-2.469135802469159E-02 1.874185960940751E-16 -1.030262017154447E-16 -1.602468905319635E-17 4.806571403799829E-17 2.563950248511418E-17 9.084766097689061E-02 -1.273153456516561E-16 -2.878137910893338E-16 1.238015644547680E-16 0.000000000000000E+00 9.872540873900524E-01 -5.228745642425564E-17 -5.450978182853266E-17 -8.369725832462039E-17 -7.677241167678003E-02 -1.177676527870093E-16 -1.689276307062880E-16 3.570770034687451E-02 -4.253304036783467E-17 -1.234567901234579E-02 
5.949190562698466E-02 -8.201346089162094E-02 -2.618029899473938E-02 6.296824088121843E-02 -8.035557081809415E-02 4.529055593561416E-02 -1.276946437894076E-01 4.722255128330095E-01 -2.311209648872694E-01 1.503549963163904E-01 -5.424181424551851E-02 2.861150758181576E-01 7.603382350697788E-01 -1.148436073587072E-01 1.276271282740010E-02 -9.448353772136692E-02 -1.299937701062249E-01 2.244119226674659E-02 7.435362905713173E-02 2.690780068176144E-02 -3.232218850124452E-02 
1.428730172844637E-02 -2.270716082685065E-02 -1.513093912137576E-02 -4.230722043273646E-02 5.996627160696866E-02 -3.615318665138367E-02 -2.677808315612424E-02 1.224470602452147E-01 2.632501773448054E-01 -1.350493529680810E-01 5.015371267436516E-02 1.405956452389091E-03 8.348702258133223E-01 1.347247518705332E-01 -1.982511646220649E-02 -8.701870768361734E-02 -1.828147562338034E-01 -8.833406028482515E-03 8.557295231701229E-02 5.475782968609090E-02 -4.481831017448629E-02 
-4.906872006221730E-02 7.665504259800324E-02 -5.411500223152786E-02 -5.411500223152788E-02 7.665504259800310E-02 -4.906872006221726E-02 7.665504259800311E-02 -1.962258722869696E-01 5.335478449495702E-01 -1.962258722869701E-01 7.665504259800321E-02 -5.411500223152786E-02 5.335478449495704E-01 5.335478449495695E-01 -5.411500223152786E-02 -5.411500223152785E-02 -1.962258722869702E-01 -5.411500223152785E-02 7.665504259800328E-02 7.665504259800314E-02 -4.906872006221731E-02 
-3.615318665138390E-02 5.996627160696892E-02 -4.230722043273642E-02 -1.513093912137575E-02 -2.270716082685047E-02 1.428730172844622E-02 5.015371267436528E-02 -1.350493529680814E-01 2.632501773448060E-01 1.224470602452141E-01 -2.677808315612400E-02 -1.982511646220658E-02 1.347247518705337E-01 8.348702258133219E-01 1.405956452388713E-03 -8.833406028482545E-03 -1.828147562338033E-01 -8.701870768361743E-02 5.475782968609108E-02 8.557295231701223E-02 -4.481831017448629E-02 
4.529055593561417E-02 -8.035557081809437E-02 6.296824088121838E-02 -2.618029899473980E-02 -8.201346089162057E-02 5.949190562698446E-02 -5.424181424551854E-02 1.503549963163899E-01 -2.311209648872694E-01 4.722255128330096E-01 -1.276946437894076E-01 1.276271282740010E-02 -1.148436073587068E-01 7.603382350697790E-01 2.861150758181573E-01 2.244119226674651E-02 -1.299937701062247E-01 -9.448353772136694E-02 2.690780068176157E-02 7.435362905713162E-02 -3.232218850124445E-02 
1.401491808478984E-16 -2.186550287764209E-16 9.250396657926165E-17 -6.409875621278541E-17 2.085673456637600E-16 -2.469135802469119E-02 -2.875157820508103E-16 2.899960650954390E-16 -4.728909480931665E-16 9.285117334107603E-16 9.084766097688987E-02 1.212470068298854E-16 -0.000000000000000E+00 -0.000000000000000E+00 9.872540873900517E-01 1.206141421952676E-17 1.481036714986672E-16 -7.677241167677981E-02 4.472002236798120E-17 3.570770034687423E-02 -1.234567901234561E-02 
5.766397398770499E-02 -2.108459206058345E-16 2.573603702468286E-16 -1.602468905319635E-16 2.370083473451818E-17 -0.000000000000000E+00 -1.867564238350380E-01 -2.263383922696109E-16 -6.861710243194320E-18 1.238015644547680E-16 -1.853211286012832E-17 8.492568923535837E-01 -2.424421356076265E-16 3.270586909711960E-16 -0.000000000000000E+00 3.730937428002055E-01 -6.423690152018687E-17 -1.801894727533738E-16 -1.393893644966199E-01 4.931366999169237E-17 4.613117919016408E-02 
2.512869020675346E-02 -2.165836432682580E-02 9.682761498981427E-03 3.694689723759707E-02 -7.154015853777625E-02 4.799671096631516E-02 -5.767808188469703E-02 7.044236196962937E-02 -1.915362637149497E-01 1.659731685010735E-01 -7.154015853777630E-02 1.173753012065521E-01 9.517038332220835E-01 -1.915362637149501E-01 3.694689723759714E-02 1.173753012065517E-01 7.044236196962886E-02 9.682761498981365E-03 -5.767808188469686E-02 -2.165836432682560E-02 2.512869020675332E-02 
-4.481831017448628E-02 5.475782968609105E-02 -8.833406028482553E-03 -1.982511646220648E-02 5.015371267436505E-02 -3.615318665138363E-02 8.557295231701208E-02 -1.828147562338028E-01 1.347247518705334E-01 -1.350493529680809E-01 5.996627160696862E-02 -8.701870768361726E-02 8.348702258133223E-01 2.632501773448053E-01 -4.230722043273637E-02 1.405956452388895E-03 1.224470602452141E-01 -1.513093912137571E-02 -2.677808315612410E-02 -2.270716082685042E-02 1.428730172844624E-02 
-3.615318665138383E-02 5.015371267436530E-02 -1.982511646220661E-02 -8.833406028482531E-03 5.475782968609084E-02 -4.481831017448622E-02 5.996627160696875E-02 -1.350493529680812E-01 1.347247518705335E-01 -1.828147562338032E-01 8.557295231701219E-02 -4.230722043273646E-02 2.632501773448059E-01 8.348702258133220E-01 -8.701870768361739E-02 -1.513093912137566E-02 1.224470602452141E-01 1.405956452388775E-03 -2.270716082685043E-02 -2.677808315612399E-02 1.428730172844621E-02 
4.799671096631509E-02 -7.154015853777621E-02 3.694689723759699E-02 9.682761498981314E-03 -2.165836432682553E-02 2.512869020675328E-02 -7.154015853777608E-02 1.659731685010727E-01 -1.915362637149492E-01 7.044236196962889E-02 -5.767808188469686E-02 3.694689723759699E-02 -1.915362637149494E-01 9.517038332220837E-01 1.173753012065516E-01 9.682761498981318E-03 7.044236196962876E-02 1.173753012065517E-01 -2.165836432682562E-02 -5.767808188469677E-02 2.512869020675329E-02 
5.032790834288462E-18 -1.952277042646616E-16 -2.033011764723827E-16 -6.409875621278541E-17 -1.516853423009164E-16 5.766397398770524E-02 -9.005853144038641E-17 -4.526767845392218E-16 -2.740903706029451E-16 -1.238015644547680E-16 -1.867564238350388E-01 0.000000000000000E+00 6.413455846090499E-16 -0.000000000000000E+00 8.492568923535833E-01 4.824565687810703E-17 2.070730088253889E-16 3.730937428002064E-01 -2.981334824532081E-17 -1.393893644966200E-01 4.613117919016409E-02 
4.613117919016389E-02 -1.874185960940751E-16 2.894097483532213E-16 -1.281975124255708E-16 3.659324643730522E-17 -5.127900497022836E-17 -1.393893644966199E-01 -4.526767845392218E-16 -1.439068955446669E-16 6.190078222738402E-17 -7.412845144051328E-17 3.730937428002063E-01 4.008409903806562E-17 -0.000000000000000E+00 1.673945166492408E-16 8.492568923535831E-01 4.282460101345806E-17 -1.673187961281329E-16 -1.867564238350385E-01 3.205388549460004E-17 5.766397398770517E-02 
-3.232218850124445E-02 2.690780068176146E-02 2.244119226674665E-02 1.276271282740020E-02 -5.424181424551866E-02 4.529055593561430E-02 7.435362905713143E-02 -1.299937701062243E-01 -1.148436073587072E-01 1.503549963163904E-01 -8.035557081809444E-02 -9.448353772136678E-02 7.603382350697789E-01 -2.311209648872698E-01 6.296824088121870E-02 2.861150758181574E-01 4.722255128330097E-01 -2.618029899473953E-02 -1.276946437894076E-01 -8.201346089162065E-02 5.949190562698456E-02 
-3.595776891949505E-02 3.859296971697659E-02 2.931720786186416E-04 2.931720786187308E-04 3.859296971697632E-02 -3.595776891949493E-02 7.047784387549727E-02 -1.265273918823766E-01 2.272066828962277E-02 -1.265273918823764E-01 7.047784387549717E-02 -6.989681744467191E-02 3.440342319753036E-01 3.440342319753031E-01 -6.989681744467174E-02 2.804595138018492E-02 6.366271493151676E-01 2.804595138018471E-02 -1.087158443385959E-01 -1.087158443385958E-01 5.995948951232694E-02 
4.529055593561421E-02 -5.424181424551854E-02 1.276271282739998E-02 2.244119226674653E-02 2.690780068176153E-02 -3.232218850124446E-02 -8.035557081809409E-02 1.503549963163898E-01 -1.148436073587067E-01 -1.299937701062245E-01 7.435362905713165E-02 6.296824088121848E-02 -2.311209648872692E-01 7.603382350697786E-01 -9.448353772136700E-02 -2.618029899473946E-02 4.722255128330096E-01 2.861150758181572E-01 -8.201346089162062E-02 -1.276946437894073E-01 5.949190562698446E-02 
6.416413355126384E-17 1.874185960940751E-16 1.171926045915441E-16 2.563950248511416E-16 8.532300504426545E-17 4.613117919016410E-02 1.850859308201017E-17 -4.526767845392218E-16 6.861710243194320E-18 -1.238015644547680E-16 -1.393893644966201E-01 -2.424940136597707E-16 -4.784257999511435E-16 -4.360782546282613E-16 3.730937428002055E-01 1.929826275124281E-16 -3.227187881114774E-17 8.492568923535836E-01 -8.944004473596241E-17 -1.867564238350381E-01 5.766397398770513E-02 
-1.234567901234573E-02 -0.000000000000000E+00 1.392024202595973E-16 -0.000000000000000E+00 -1.516853423009164E-16 -0.000000000000000E+00 3.570770034687415E-02 -0.000000000000000E+00 1.370451853014725E-16 6.190078222738402E-17 -2.084862696764436E-17 -7.677241167677976E-02 -0.000000000000000E+00 -0.000000000000000E+00 -0.000000000000000E+00 9.872540873900525E-01 9.635535228028051E-17 -9.331240553299717E-17 9.084766097689015E-02 -1.232841749792309E-18 -2.469135802469142E-02 
-3.590707744231934E-02 2.274921691709176E-02 1.190872013784843E-02 -2.486973183210005E-03 -3.329371189736056E-02 3.708705484686122E-02 8.404799838366067E-02 -9.269995242019675E-02 -2.956483621207615E-02 1.076963590850343E-01 -7.589869135893411E-02 -1.142201877733056E-01 2.917487274736051E-01 -2.156086082577763E-01 7.928810326030676E-02 1.992522542535523E-01 8.708509002825782E-01 -6.900691094515485E-02 4.812122954192289E-03 -5.172457863553190E-02 1.097007053113431E-02 
3.708705484686109E-02 -3.329371189736033E-02 -2.486973183210050E-03 1.190872013784853E-02 2.274921691709176E-02 -3.590707744231928E-02 -7.589869135893350E-02 1.076963590850338E-01 -2.956483621207537E-02 -9.269995242019655E-02 8.404799838366074E-02 7.928810326030634E-02 -2.156086082577755E-01 2.917487274736041E-01 -1.142201877733054E-01 -6.900691094515470E-02 8.708509002825782E-01 1.992522542535514E-01 -5.172457863553176E-02 4.812122954192265E-03 1.097007053113430E-02 
7.741059634471043E-17 -1.249457307293834E-16 1.392024202595973E-16 -0.000000000000000E+00 -1.896066778761454E-16 -1.234567901234577E-02 -1.986256559627830E-16 -4.526767845392218E-16 -5.619041616922789E-16 0.000000000000000E+00 3.570770034687443E-02 -2.273381378060351E-17 -3.232561808101688E-16 4.360782546282613E-16 -7.677241167678012E-02 3.859652550248563E-16 5.391810385697647E-16 9.872540873900518E-01 2.981334824532081E-17 9.084766097689054E-02 -2.469135802469145E-02 
-3.668140019306018E-02 -1.874185960940751E-16 -6.320581543137563E-17 1.281975124255708E-16 -2.294493520138614E-17 -1.538370149106851E-16 1.029486755781685E-01 5.092613826066245E-16 1.200799292559004E-17 -2.166527377958441E-16 1.158257053758020E-16 -1.957862143575220E-01 -2.417962884812156E-16 2.180391273141306E-16 -1.673945166492408E-16 6.089525684731862E-01 -4.282460101345799E-16 2.574135325048198E-16 6.489512711749377E-01 -2.071174139651079E-16 -1.283849006757104E-01 
2.313109971010444E-02 -1.357283967784111E-02 -6.146122959866636E-03 -6.146122959866757E-03 -1.357283967784108E-02 2.313109971010452E-02 -5.342397466125597E-02 5.058489477508272E-02 2.524547155576660E-02 5.058489477508298E-02 -5.342397466125628E-02 6.992654254510657E-02 -1.375428289842207E-01 -1.375428289842212E-01 6.992654254510694E-02 -8.670119098444902E-02 8.936918908900114E-01 -8.670119098444951E-02 2.331382859785757E-01 2.331382859785752E-01 -7.772509392824858E-02 
1.133108246201426E-16 1.874185960940751E-16 -5.859630229577205E-17 -1.281975124255708E-16 5.688200336284364E-17 -3.668140019306005E-02 -9.503505323787302E-17 4.243844855055204E-17 1.575830611404520E-16 3.249791066937661E-16 1.029486755781688E-01 0.000000000000000E+00 -1.183147557349640E-16 -3.270586909711960E-16 -1.957862143575218E-01 1.929826275124281E-16 2.965899873584856E-17 6.089525684731852E-01 3.577601789438496E-16 6.489512711749374E-01 -1.283849006757102E-01 
2.997510542091964E-03 -2.498914614587668E-16 1.392024202595973E-16 -0.000000000000000E+00 -2.098954348016839E-16 -5.127900497022836E-17 -8.229689454522517E-03 -2.263383922696109E-16 1.473377506662640E-16 -1.238015644547680E-16 -4.227638246216773E-17 1.446231557406890E-02 2.366295114699280E-16 6.541173819423919E-16 -6.381915947252305E-17 -3.121245064625341E-02 -8.564920202691597E-16 2.574135325048198E-16 9.980022296478792E-01 -4.068377774314620E-16 2.398008433673649E-02 
1.246140962778462E-16 -2.498914614587668E-16 2.563950248511414E-16 2.563950248511416E-16 -1.315396327765759E-16 2.997510542092178E-03 -3.824537870867434E-16 2.263383922696109E-16 6.680716508993770E-17 6.190078222738402E-17 -8.229689454522782E-03 4.849880273195414E-16 -1.971912595582733E-17 -5.450978182853266E-17 1.446231557406960E-02 -4.342109119029633E-16 1.386427161377593E-15 -3.121245064625526E-02 8.347737508689825E-16 9.980022296478780E-01 2.398008433673701E-02 
-4.641473818514418E-17 -7.546506271655342E-17 -6.697450120820055E-17 -0.000000000000000E+00 4.673762490007443E-17 -2.563950248511418E-17 4.692311552778152E-17 2.244250832668523E-16 -9.603171960003104E-17 0.000000000000000E+00 4.980315921834353E-17 2.121822619522994E-16 4.777799528247327E-16 5.450978182853266E-16 5.831129570102805E-17 -2.894739412686422E-16 -6.851936162153275E-16 -1.029654130019279E-16 -1.026234598249224E-16 -1.183528079800617E-16 1.000000000000000E+00 
% number of plot elements
81
% number of vertices per plot elements
3
% triangulation of plot nodes
29 22 30
29 22 21
44 38 39
32 38 39
13 22 21
15 6 16
28 29 21
33 32 39
31 32 38
18 17 26
8 18 9
8 18 17
3 13 4
5 15 6
25 17 26
25 17 16
25 33 26
25 33 32
23 22 30
23 31 30
53 51 50
35 40 34
35 28 34
35 28 29
43 44 48
43 44 38
46 49 45
46 49 50
7 17 16
7 6 16
7 8 17
11 1 2
14 13 22
14 13 4
14 5 15
14 5 4
14 23 22
14 23 15
24 31 32
24 25 32
24 15 16
24 25 16
24 23 15
24 23 31
52 49 50
52 53 54
52 53 50
36 29 30
36 35 29
47 51 48
47 43 42
47 51 50
47 43 48
47 46 50
47 46 42
12 3 2
12 3 13
12 13 21
12 11 2
37 31 30
37 43 38
37 31 38
37 43 42
37 36 30
37 36 42
41 40 45
41 35 40
41 46 45
41 46 42
41 36 42
41 36 35
27 28 34
10 1 0
10 11 1
10 19 11
20 12 11
20 19 11
20 28 21
20 12 21
20 27 19
20 27 28
