% degree N
3
% number of nodes
10
% node coordinates
-1.000000000000000E+00 -1.000000000000000E+00
-4.472135954999580E-01 -1.000000000000000E+00
4.472135954999580E-01 -1.000000000000000E+00
1.000000000000000E+00 -1.000000000000000E+00
-1.000000000000000E+00 -4.472135954999581E-01
-3.333333333333334E-01 -3.333333333333334E-01
4.472135954999578E-01 -4.472135954999578E-01
-9.999999999999999E-01 4.472135954999577E-01
-4.472135954999580E-01 4.472135954999580E-01
-1.000000000000000E+00 1.000000000000000E+00
% r collocation differentation matrix
-3.000000000000000E+00 4.045084971874735E+00 -1.545084971874735E+00 4.999999999999999E-01 -3.705852976607916E-16 6.659120702092782E-16 -2.751111591268740E-16 1.311871720594190E-16 -2.253930155042849E-16 2.466341000775112E-17 
-8.090169943749477E-01 8.625307091529371E-16 1.118033988749894E+00 -3.090169943749473E-01 1.643718760283829E-16 -1.471205397905950E-16 -2.171758950430548E-17 -6.127096766139090E-17 8.208394757130795E-17 -5.448908881133168E-18 
3.090169943749475E-01 -1.118033988749895E+00 -4.440892098500626E-16 8.090169943749477E-01 -3.818281474477514E-17 3.266584405672344E-17 6.508633258958215E-18 -2.421041776727283E-17 1.958921696784149E-17 1.209846076174936E-18 
-4.999999999999996E-01 1.545084971874735E+00 -4.045084971874735E+00 3.000000000000000E+00 -4.271276257026715E-16 2.503390402918564E-16 1.843883234081865E-16 2.718886876783366E-16 -3.073038745970255E-16 9.271816307105882E-18 
-7.090169943749477E-01 1.618033988749895E+00 -1.309016994374947E+00 6.000000000000001E-01 -2.000000000000000E+00 2.699999999999998E+00 -6.180339887498940E-01 -1.909830056250522E-01 -1.909830056250527E-01 9.999999999999998E-02 
3.333333333333336E-01 -6.211299937499416E-01 6.211299937499416E-01 -3.333333333333333E-01 -7.272316635416375E-01 5.477200552596852E-16 7.272316635416370E-01 -1.061016697916960E-01 1.061016697916957E-01 8.326672684688674E-17 
-5.999999999999996E-01 1.309016994374947E+00 -1.618033988749893E+00 7.090169943749471E-01 6.180339887498947E-01 -2.700000000000000E+00 2.000000000000000E+00 1.909830056250524E-01 1.909830056250521E-01 -9.999999999999959E-02 
4.090169943749478E-01 -1.909830056250537E-01 -6.180339887498939E-01 5.999999999999994E-01 -1.309016994374947E+00 2.699999999999999E+00 -1.309016994374946E+00 -1.999999999999999E+00 1.618033988749895E+00 9.999999999999920E-02 
-6.000000000000003E-01 6.180339887498951E-01 1.909830056250521E-01 -4.090169943749468E-01 1.309016994374947E+00 -2.699999999999998E+00 1.309016994374946E+00 -1.618033988749896E+00 2.000000000000000E+00 -9.999999999999998E-02 
-5.000000000000001E-01 6.477500900750953E-17 -4.660131197019897E-16 5.000000000000002E-01 1.545084971874737E+00 2.220446049250313E-16 -1.545084971874737E+00 -4.045084971874736E+00 4.045084971874738E+00 -1.387778780781446E-15 
% s collocation differentation matrix
-3.000000000000001E+00 1.097110776085110E-15 -4.952536100433899E-16 4.720115350103418E-16 4.045084971874736E+00 6.438390862811196E-16 -4.591055220020356E-16 -1.545084971874737E+00 1.018051519181170E-15 4.999999999999996E-01 
-7.090169943749481E-01 -2.000000000000000E+00 -1.909830056250525E-01 1.000000000000002E-01 1.618033988749895E+00 2.700000000000000E+00 -1.909830056250531E-01 -1.309016994374947E+00 -6.180339887498940E-01 5.999999999999995E-01 
4.090169943749478E-01 -1.309016994374948E+00 -2.000000000000000E+00 1.000000000000005E-01 -1.909830056250533E-01 2.700000000000000E+00 1.618033988749895E+00 -6.180339887498946E-01 -1.309016994374947E+00 5.999999999999999E-01 
-4.999999999999987E-01 1.545084971874735E+00 -4.045084971874735E+00 1.793206305299080E-16 -1.315306045402797E-15 2.614029545253105E-16 4.045084971874737E+00 1.382773343397454E-15 -1.545084971874739E+00 5.000000000000000E-01 
-8.090169943749485E-01 3.082387056062102E-16 4.284464125145996E-17 -6.446995593762233E-18 1.056337653115686E-15 -5.617367432597408E-16 1.778289513809097E-16 1.118033988749895E+00 -4.067247947016348E-16 -3.090169943749473E-01 
3.333333333333336E-01 -7.272316635416379E-01 -1.061016697916957E-01 -6.923147196472794E-17 -6.211299937499417E-01 4.367077825751107E-16 1.061016697916956E-01 6.211299937499418E-01 7.272316635416372E-01 -3.333333333333333E-01 
-6.000000000000000E-01 1.309016994374947E+00 -1.618033988749894E+00 -9.999999999999953E-02 6.180339887498940E-01 -2.699999999999999E+00 1.999999999999999E+00 1.909830056250525E-01 1.309016994374947E+00 -4.090169943749472E-01 
3.090169943749477E-01 -1.236167141257000E-16 3.242357694729401E-16 -1.370662529073627E-16 -1.118033988749895E+00 -9.250869211317939E-16 -7.170908686297172E-17 1.045489387368347E-15 3.138335465940133E-16 8.090169943749466E-01 
-6.000000000000004E-01 6.180339887498952E-01 1.909830056250522E-01 -9.999999999999959E-02 1.309016994374947E+00 -2.699999999999998E+00 1.909830056250516E-01 -1.618033988749896E+00 2.000000000000000E+00 7.090169943749473E-01 
-5.000000000000004E-01 4.158583558651802E-16 -1.149297728443200E-16 1.110223024625157E-16 1.545084971874737E+00 4.440892098500626E-16 -4.440892098500626E-16 -4.045084971874737E+00 5.551115123125783E-16 3.000000000000000E+00 
% reference mass matrix
2.301587301587302E-02 -8.404896780753596E-03 4.683888442456249E-04 1.190476190476187E-03 -8.404896780753597E-03 3.411385904790838E-17 1.190476190476193E-02 4.683888442456366E-04 1.190476190476193E-02 1.190476190476186E-03 
-8.404896780753610E-03 1.388888888888889E-01 -9.920634920634913E-03 4.683888442455996E-04 6.420769796626569E-02 5.357142857142849E-02 -2.976190476190477E-02 -2.976190476190481E-02 -2.452515828372601E-02 1.190476190476190E-02 
4.683888442456059E-04 -9.920634920634892E-03 1.388888888888889E-01 -8.404896780753540E-03 -2.976190476190475E-02 5.357142857142873E-02 6.420769796626564E-02 -2.452515828372601E-02 -2.976190476190477E-02 1.190476190476192E-02 
1.190476190476186E-03 4.683888442455980E-04 -8.404896780753570E-03 2.301587301587301E-02 1.190476190476191E-02 -3.777566883639019E-17 -8.404896780753552E-03 1.190476190476191E-02 4.683888442456101E-04 1.190476190476190E-03 
-8.404896780753637E-03 6.420769796626567E-02 -2.976190476190477E-02 1.190476190476193E-02 1.388888888888888E-01 5.357142857142858E-02 -2.452515828372600E-02 -9.920634920634924E-03 -2.976190476190477E-02 4.683888442456180E-04 
1.110223024625157E-16 5.357142857142850E-02 5.357142857142869E-02 -4.990510234424574E-17 5.357142857142858E-02 5.785714285714285E-01 5.357142857142872E-02 5.357142857142851E-02 5.357142857142860E-02 0.000000000000000E+00 
1.190476190476189E-02 -2.976190476190476E-02 6.420769796626570E-02 -8.404896780753549E-03 -2.452515828372598E-02 5.357142857142876E-02 1.388888888888889E-01 -2.976190476190474E-02 -9.920634920634913E-03 4.683888442456284E-04 
4.683888442456041E-04 -2.976190476190482E-02 -2.452515828372597E-02 1.190476190476189E-02 -9.920634920634946E-03 5.357142857142858E-02 -2.976190476190473E-02 1.388888888888890E-01 6.420769796626569E-02 -8.404896780753540E-03 
1.190476190476195E-02 -2.452515828372603E-02 -2.976190476190474E-02 4.683888442456041E-04 -2.976190476190481E-02 5.357142857142852E-02 -9.920634920634906E-03 6.420769796626569E-02 1.388888888888890E-01 -8.404896780753568E-03 
1.190476190476186E-03 1.190476190476191E-02 1.190476190476191E-02 1.190476190476191E-03 4.683888442456145E-04 1.734723475976807E-18 4.683888442456119E-04 -8.404896780753537E-03 -8.404896780753561E-03 2.301587301587302E-02 
% FaceNodes
0 1 2 3 
3 6 8 9 
0 4 7 9 
% LIFT matrix
7.000000000000000E+00 4.045084971874741E+00 -1.545084971874733E+00 5.000000000000011E-01 -8.333333333333346E-01 -4.166666666666675E+00 -4.166666666666667E+00 -8.333333333333333E-01 7.000000000000001E+00 4.045084971874749E+00 -1.545084971874738E+00 4.999999999999991E-01 
8.090169943749480E-01 8.000000000000002E+00 1.500000000000002E+00 -3.090169943749468E-01 2.591150505583088E-01 2.262951460666613E+00 7.196845504155715E-02 -8.051805842666443E-01 -2.924483838916404E-01 -2.238635121708228E+00 1.070381872666720E+00 -3.281527490666886E-01 
-3.090169943749468E-01 1.500000000000002E+00 8.000000000000004E+00 8.090169943749480E-01 -2.924483838916409E-01 -2.238635121708227E+00 1.070381872666722E+00 -3.281527490666893E-01 2.591150505583085E-01 2.262951460666614E+00 7.196845504155799E-02 -8.051805842666447E-01 
5.000000000000011E-01 -1.545084971874732E+00 4.045084971874743E+00 7.000000000000000E+00 7.000000000000004E+00 4.045084971874744E+00 -1.545084971874741E+00 5.000000000000004E-01 -8.333333333333343E-01 -4.166666666666676E+00 -4.166666666666667E+00 -8.333333333333336E-01 
-2.924483838916390E-01 -2.238635121708226E+00 1.070381872666723E+00 -3.281527490666898E-01 -8.051805842666467E-01 7.196845504155513E-02 2.262951460666613E+00 2.591150505583075E-01 8.090169943749503E-01 8.000000000000012E+00 1.500000000000002E+00 -3.090169943749480E-01 
6.172839506172805E-02 -9.876543209876547E-01 -9.876543209876548E-01 6.172839506172862E-02 6.172839506172865E-02 -9.876543209876553E-01 -9.876543209876548E-01 6.172839506172873E-02 6.172839506172787E-02 -9.876543209876558E-01 -9.876543209876545E-01 6.172839506172844E-02 
-3.281527490666898E-01 1.070381872666722E+00 -2.238635121708225E+00 -2.924483838916410E-01 8.090169943749486E-01 8.000000000000005E+00 1.500000000000002E+00 -3.090169943749477E-01 -8.051805842666452E-01 7.196845504155629E-02 2.262951460666609E+00 2.591150505583074E-01 
2.591150505583066E-01 2.262951460666609E+00 7.196845504156023E-02 -8.051805842666431E-01 -3.281527490666886E-01 1.070381872666722E+00 -2.238635121708222E+00 -2.924483838916417E-01 -3.090169943749476E-01 1.499999999999999E+00 7.999999999999996E+00 8.090169943749473E-01 
-8.051805842666439E-01 7.196845504155847E-02 2.262951460666610E+00 2.591150505583070E-01 -3.090169943749475E-01 1.500000000000000E+00 7.999999999999997E+00 8.090169943749478E-01 -3.281527490666890E-01 1.070381872666724E+00 -2.238635121708221E+00 -2.924483838916407E-01 
-8.333333333333336E-01 -4.166666666666670E+00 -4.166666666666671E+00 -8.333333333333336E-01 4.999999999999994E-01 -1.545084971874737E+00 4.045084971874742E+00 6.999999999999997E+00 5.000000000000008E-01 -1.545084971874739E+00 4.045084971874741E+00 7.000000000000000E+00 
% number of plot nodes
36
% plot node coordinates
-1.000000000000000E+00 -1.000000000000000E+00
-7.142857142857144E-01 -1.000000000000000E+00
-4.285714285714286E-01 -1.000000000000000E+00
-1.428571428571430E-01 -1.000000000000000E+00
1.428571428571428E-01 -1.000000000000000E+00
4.285714285714286E-01 -1.000000000000000E+00
7.142857142857142E-01 -1.000000000000000E+00
1.000000000000000E+00 -1.000000000000000E+00
-1.000000000000000E+00 -7.142857142857144E-01
-7.142857142857144E-01 -7.142857142857144E-01
-4.285714285714287E-01 -7.142857142857144E-01
-1.428571428571429E-01 -7.142857142857144E-01
1.428571428571428E-01 -7.142857142857144E-01
4.285714285714286E-01 -7.142857142857144E-01
7.142857142857142E-01 -7.142857142857144E-01
-1.000000000000000E+00 -4.285714285714286E-01
-7.142857142857142E-01 -4.285714285714285E-01
-4.285714285714286E-01 -4.285714285714286E-01
-1.428571428571429E-01 -4.285714285714286E-01
1.428571428571428E-01 -4.285714285714286E-01
4.285714285714286E-01 -4.285714285714286E-01
-1.000000000000000E+00 -1.428571428571428E-01
-7.142857142857142E-01 -1.428571428571428E-01
-4.285714285714285E-01 -1.428571428571430E-01
-1.428571428571428E-01 -1.428571428571428E-01
1.428571428571428E-01 -1.428571428571428E-01
-1.000000000000000E+00 1.428571428571428E-01
-7.142857142857143E-01 1.428571428571428E-01
-4.285714285714286E-01 1.428571428571428E-01
-1.428571428571429E-01 1.428571428571428E-01
-1.000000000000000E+00 4.285714285714285E-01
-7.142857142857143E-01 4.285714285714285E-01
-4.285714285714285E-01 4.285714285714285E-01
-1.000000000000000E+00 7.142857142857142E-01
-7.142857142857143E-01 7.142857142857142E-01
-1.000000000000000E+00 1.000000000000000E+00
% plot node interpolation matrix
1.000000000000000E+00 0.000000000000000E+00 0.000000000000000E+00 0.000000000000000E+00 0.000000000000000E+00 0.000000000000000E+00 0.000000000000000E+00 0.000000000000000E+00 0.000000000000000E+00 0.000000000000000E+00 
3.323615160349855E-01 7.950585956632192E-01 -1.828136977040357E-01 5.539358600583091E-02 1.692976738853435E-17 -6.318422950075583E-17 4.433632905070733E-17 3.051583584943372E-17 -2.157723284339117E-17 -2.340156648176132E-18 
-1.457725947521871E-02 9.991402283162806E-01 2.126793494902557E-02 -5.830903790087414E-03 -1.735039410434035E-17 1.742249065663853E-17 4.568116199858499E-19 3.665367367189565E-18 -6.130107834655657E-18 6.452774317273544E-19 
-1.282798833819243E-01 8.078193566326352E-01 4.166704392857322E-01 -9.620991253644301E-02 -1.382555688922789E-16 3.702204574988139E-16 -2.207258166863992E-16 -3.790822342287127E-17 -1.446645488602165E-17 1.371186879625233E-17 
-9.620991253644330E-02 4.166704392857331E-01 8.078193566326344E-01 -1.282798833819242E-01 -1.072542040698241E-16 4.236692222815870E-16 -3.035533603451497E-16 -7.942208382382704E-17 1.948606792592641E-17 1.569145267709576E-17 
-5.830903790087438E-03 2.126793494902571E-02 9.991402283162805E-01 -1.457725947521877E-02 -1.136953271418610E-18 -1.167901107270682E-17 1.246141547265300E-17 -3.950758610516587E-17 4.115980287360574E-17 -4.325559656558200E-19 
5.539358600583078E-02 -1.828136977040356E-01 7.950585956632196E-01 3.323615160349852E-01 4.614249997860623E-18 -1.736225205060271E-16 1.637374758899929E-16 -4.475439448276887E-17 6.931658026827874E-17 -6.430463722445428E-18 
0.000000000000000E+00 0.000000000000000E+00 0.000000000000000E+00 1.000000000000000E+00 0.000000000000000E+00 0.000000000000000E+00 0.000000000000000E+00 0.000000000000000E+00 0.000000000000000E+00 0.000000000000000E+00 
3.323615160349854E-01 1.245893632350222E-16 -1.408047011197277E-16 1.265934314753483E-17 7.950585956632188E-01 4.165767880591618E-16 6.825919973811252E-17 -1.828136977040355E-01 -4.560984595691325E-17 5.539358600583086E-02 
5.551115123125783E-17 4.717300258746049E-01 -1.801848363702317E-01 6.997084548104958E-02 4.717300258746047E-01 3.935860058309039E-01 -5.830903790087460E-02 -1.801848363702317E-01 -5.830903790087461E-02 6.997084548104954E-02 
-1.049562682215745E-01 4.940020965014335E-01 -2.752979329443622E-02 1.749271137026236E-02 2.247289776238882E-01 6.297376093294460E-01 -4.029055426385141E-02 -1.664199397230137E-01 -1.054820404883350E-01 7.871720116618072E-02 
-6.997084548104959E-02 2.623906705539361E-01 2.623906705539359E-01 -6.997084548104968E-02 5.405545091106956E-02 7.084548104956265E-01 5.405545091106971E-02 -1.415190077623815E-01 -1.415190077623814E-01 8.163265306122447E-02 
1.749271137026254E-02 -2.752979329443619E-02 4.940020965014334E-01 -1.049562682215745E-01 -4.029055426385161E-02 6.297376093294460E-01 2.247289776238884E-01 -1.054820404883352E-01 -1.664199397230136E-01 7.871720116618075E-02 
6.997084548104948E-02 -1.801848363702317E-01 4.717300258746051E-01 5.214212378999857E-18 -5.830903790087463E-02 3.935860058309038E-01 4.717300258746048E-01 -5.830903790087471E-02 -1.801848363702317E-01 6.997084548104959E-02 
0.000000000000000E+00 -2.949178832115552E-16 5.012643098526942E-16 3.323615160349854E-01 1.460844236365265E-17 4.766499827913333E-16 7.950585956632188E-01 -1.590742757189329E-16 -1.828136977040358E-01 5.539358600583100E-02 
-1.457725947521887E-02 2.366616211436700E-16 -1.614294753884549E-16 7.704159379194632E-17 9.991402283162802E-01 1.512773842984475E-16 2.863614957559235E-19 2.126793494902572E-02 1.007729039130800E-16 -5.830903790087494E-03 
-1.049562682215746E-01 2.247289776238882E-01 -1.664199397230136E-01 7.871720116618083E-02 4.940020965014328E-01 6.297376093294464E-01 -1.054820404883353E-01 -2.752979329443599E-02 -4.029055426385138E-02 1.749271137026231E-02 
-6.122448979591832E-02 1.415190077623814E-01 -5.405545091106941E-02 2.915451895043729E-02 1.415190077623812E-01 9.446064139941690E-01 -5.830903790087454E-02 -5.405545091106939E-02 -5.830903790087453E-02 2.915451895043730E-02 
2.915451895043752E-02 -5.405545091106969E-02 1.415190077623816E-01 -6.122448979591838E-02 -5.830903790087481E-02 9.446064139941690E-01 1.415190077623815E-01 -5.830903790087453E-02 -5.405545091106947E-02 2.915451895043730E-02 
7.871720116618097E-02 -1.664199397230138E-01 2.247289776238885E-01 -1.049562682215743E-01 -1.054820404883353E-01 6.297376093294460E-01 4.940020965014332E-01 -4.029055426385138E-02 -2.752979329443617E-02 1.749271137026243E-02 
-5.551115123125783E-17 -5.380982512948495E-17 7.888720704788996E-17 -1.457725947521852E-02 -1.636401483051114E-16 -3.354281224942110E-17 9.991402283162806E-01 9.950572976136500E-17 2.126793494902536E-02 -5.830903790087383E-03 
-1.282798833819242E-01 1.998323018066514E-16 7.867535405887146E-19 -1.216550085452462E-16 8.078193566326343E-01 1.480205220298764E-17 2.860536174711489E-16 4.166704392857329E-01 -1.003849676904892E-16 -9.620991253644318E-02 
-6.997084548104937E-02 5.405545091106928E-02 -1.415190077623813E-01 8.163265306122443E-02 2.623906705539354E-01 7.084548104956271E-01 -1.415190077623813E-01 2.623906705539359E-01 5.405545091106956E-02 -6.997084548104959E-02 
2.915451895043725E-02 -5.830903790087490E-02 -5.830903790087438E-02 2.915451895043722E-02 -5.405545091106964E-02 9.446064139941692E-01 -5.405545091106938E-02 1.415190077623816E-01 1.415190077623814E-01 -6.122448979591849E-02 
8.163265306122469E-02 -1.415190077623817E-01 5.405545091106967E-02 -6.997084548104965E-02 -1.415190077623815E-01 7.084548104956264E-01 2.623906705539362E-01 5.405545091106947E-02 2.623906705539359E-01 -6.997084548104959E-02 
1.110223024625157E-16 -7.444539221462616E-17 1.246001560514362E-16 -1.282798833819242E-01 -6.550555111157960E-17 1.230496766781360E-16 8.078193566326346E-01 -1.757848933874614E-16 4.166704392857327E-01 -9.620991253644318E-02 
-9.620991253644329E-02 1.452357231365774E-16 -1.201583412181724E-16 1.873075279653168E-17 4.166704392857324E-01 -1.195935111599541E-16 1.387766215435796E-16 8.078193566326349E-01 -7.780284170306181E-17 -1.282798833819241E-01 
1.749271137026254E-02 -4.029055426385162E-02 -1.054820404883350E-01 7.871720116618069E-02 -2.752979329443635E-02 6.297376093294460E-01 -1.664199397230135E-01 4.940020965014334E-01 2.247289776238883E-01 -1.049562682215743E-01 
7.871720116618086E-02 -1.054820404883353E-01 -4.029055426385129E-02 1.749271137026228E-02 -1.664199397230138E-01 6.297376093294460E-01 -2.752979329443594E-02 2.247289776238885E-01 4.940020965014332E-01 -1.049562682215744E-01 
2.220446049250313E-16 -1.745582315030991E-16 7.424870382947904E-17 -9.620991253644309E-02 -1.553042064257717E-16 4.654255473654349E-17 4.166704392857328E-01 8.968596494714317E-17 8.078193566326347E-01 -1.282798833819243E-01 
-5.830903790087438E-03 2.112728804800932E-17 7.918223962561073E-17 -3.359209757165853E-17 2.126793494902550E-02 -1.663234552635525E-16 6.230529371908084E-17 9.991402283162806E-01 -1.474607628086054E-16 -1.457725947521848E-02 
6.997084548104970E-02 -5.830903790087483E-02 -5.830903790087442E-02 6.997084548104944E-02 -1.801848363702319E-01 3.935860058309035E-01 -1.801848363702315E-01 4.717300258746051E-01 4.717300258746049E-01 0.000000000000000E+00 
0.000000000000000E+00 -3.732104029988670E-17 3.732104029988670E-17 -5.830903790087450E-03 -4.473381764089102E-17 -1.665239083105817E-16 2.126793494902581E-02 1.109268486305970E-16 9.991402283162805E-01 -1.457725947521871E-02 
5.539358600583077E-02 -7.609877975302840E-17 1.011761616714334E-16 -3.469245721606723E-18 -1.828136977040356E-01 -8.317001648040310E-17 8.864476853799395E-17 7.950585956632195E-01 -2.599004404780558E-16 3.323615160349855E-01 
2.220446049250313E-16 -6.490308957403850E-17 -2.913709261998031E-17 5.539358600583089E-02 -4.927531728397548E-17 -1.992915383456610E-17 -1.828136977040355E-01 1.992915383456605E-16 7.950585956632192E-01 3.323615160349852E-01 
0.000000000000000E+00 0.000000000000000E+00 0.000000000000000E+00 0.000000000000000E+00 0.000000000000000E+00 0.000000000000000E+00 0.000000000000000E+00 0.000000000000000E+00 0.000000000000000E+00 1.000000000000000E+00 
% number of plot elements
59
% number of vertices per plot elements
3
% triangulation of plot nodes
15 26 8
10 3 11
0 1 8
9 10 16
25 19 20
34 32 35
33 34 35
32 20 35
30 27 31
18 17 11
14 7 20
27 22 23
13 14 20
1 2 9
4 11 3
11 4 12
17 10 11
2 3 10
9 15 8
26 35 8
1 9 8
2 10 9
21 16 22
15 9 16
16 21 15
31 32 34
21 26 15
21 22 26
26 30 35
26 22 27
30 33 35
30 31 33
16 17 22
16 10 17
26 27 30
22 17 23
24 28 23
28 31 27
33 31 34
27 23 28
24 25 29
32 31 28
24 29 28
32 28 29
32 25 20
32 29 25
17 18 23
19 25 24
20 19 13
24 23 18
12 4 5
12 18 11
19 24 18
19 12 13
19 18 12
13 12 5
13 5 6
13 6 14
6 7 14
% number of volume cubature nodes
19
% cubature node coordinates and weights
-3.333333333333330E-01 -3.333333333333330E-01 1.942715925655980E-01
-2.063496160252500E-02 -2.063496160252500E-02 6.266940045427800E-02
-9.587300767949500E-01 -2.063496160252500E-02 6.266940045427800E-02
-2.063496160252500E-02 -9.587300767949500E-01 6.266940045427800E-02
-1.258208170141270E-01 -1.258208170141270E-01 1.556550820095490E-01
-7.483583659717460E-01 -1.258208170141270E-01 1.556550820095490E-01
-1.258208170141270E-01 -7.483583659717460E-01 1.556550820095490E-01
-6.235929287619350E-01 -6.235929287619350E-01 1.592954778544200E-01
2.471858575238690E-01 -6.235929287619350E-01 1.592954778544200E-01
-6.235929287619350E-01 2.471858575238690E-01 1.592954778544200E-01
-9.105409732110950E-01 -9.105409732110950E-01 5.115535131739600E-02
8.210819464221890E-01 -9.105409732110950E-01 5.115535131739600E-02
-9.105409732110950E-01 8.210819464221890E-01 5.115535131739600E-02
4.823971975689960E-01 -5.560740216784690E-01 8.656707875457900E-02
-5.560740216784690E-01 4.823971975689960E-01 8.656707875457900E-02
-9.263231758905270E-01 -5.560740216784690E-01 8.656707875457900E-02
-5.560740216784690E-01 -9.263231758905270E-01 8.656707875457900E-02
-9.263231758905270E-01 4.823971975689960E-01 8.656707875457900E-02
4.823971975689960E-01 -9.263231758905270E-01 8.656707875457900E-02
% cubature interpolation matrix
4.440892098500626E-16 -6.127073601463378E-16 2.490853223294651E-16 -1.475682961324820E-16 -5.937598528627510E-16 9.999999999999999E-01 4.305663789519802E-16 3.636161857178998E-16 2.707713259211256E-16 -1.110223024625157E-16 
2.349792158391706E-02 -3.834359150905498E-02 1.464594870571709E-02 -1.172119590941979E-01 -3.834359150905494E-02 1.335969768758508E-01 5.623621526676519E-01 1.464594870571696E-02 5.623621526676520E-01 -1.172119590941980E-01 
-1.172119590941981E-01 1.464594870571713E-02 -3.834359150905497E-02 2.349792158391700E-02 5.623621526676514E-01 1.335969768758511E-01 -3.834359150905494E-02 5.623621526676521E-01 1.464594870571705E-02 -1.172119590941979E-01 
-1.172119590941979E-01 5.623621526676519E-01 5.623621526676517E-01 -1.172119590941979E-01 1.464594870571699E-02 1.335969768758514E-01 1.464594870571693E-02 -3.834359150905500E-02 -3.834359150905498E-02 2.349792158391698E-02 
8.066342581725733E-02 -1.384892827375586E-01 5.289819892815330E-02 -7.658527912166548E-02 -1.384892827375585E-01 6.490186764470398E-01 2.973353117989221E-01 5.289819892815332E-02 2.973353117989221E-01 -7.658527912166552E-02 
-7.658527912166541E-02 5.289819892815299E-02 -1.384892827375581E-01 8.066342581725719E-02 2.973353117989218E-01 6.490186764470397E-01 -1.384892827375581E-01 2.973353117989222E-01 5.289819892815337E-02 -7.658527912166552E-02 
-7.658527912166538E-02 2.973353117989219E-01 2.973353117989221E-01 -7.658527912166543E-02 5.289819892815312E-02 6.490186764470397E-01 5.289819892815328E-02 -1.384892827375583E-01 -1.384892827375583E-01 8.066342581725730E-02 
-8.618264362746092E-02 4.133942665201792E-01 -1.579025590563756E-01 6.652008232663993E-02 4.133942665201792E-01 5.963764723853665E-01 -7.710870416939616E-02 -1.579025590563758E-01 -7.710870416939616E-02 6.652008232663992E-02 
6.652008232663995E-02 -1.579025590563756E-01 4.133942665201796E-01 -8.618264362746129E-02 -7.710870416939619E-02 5.963764723853672E-01 4.133942665201786E-01 -7.710870416939640E-02 -1.579025590563758E-01 6.652008232664000E-02 
6.652008232663986E-02 -7.710870416939640E-02 -7.710870416939618E-02 6.652008232663989E-02 -1.579025590563756E-01 5.963764723853671E-01 -1.579025590563756E-01 4.133942665201797E-01 4.133942665201785E-01 -8.618264362746131E-02 
5.415170940295920E-01 2.852821778441323E-01 -1.089680955518664E-01 3.699507087369606E-02 2.852821778441319E-01 4.918714379091342E-02 -8.661272076214517E-03 -1.089680955518663E-01 -8.661272076214640E-03 3.699507087369609E-02 
3.699507087369612E-02 -1.089680955518672E-01 2.852821778441346E-01 5.415170940295906E-01 -8.661272076214536E-03 4.918714379091360E-02 2.852821778441317E-01 -8.661272076214669E-03 -1.089680955518664E-01 3.699507087369615E-02 
3.699507087369636E-02 -8.661272076214836E-03 -8.661272076214555E-03 3.699507087369607E-02 -1.089680955518671E-01 4.918714379091350E-02 -1.089680955518662E-01 2.852821778441347E-01 2.852821778441318E-01 5.415170940295903E-01 
3.636363636363654E-02 -8.470469117575692E-02 1.303184972487488E-01 3.636363636363638E-02 -3.347458729508637E-02 1.636363636363642E-01 8.433764653237584E-01 -1.655068333597857E-02 -1.116922734929592E-01 3.636363636363654E-02 
3.636363636363671E-02 -3.347458729508637E-02 -1.655068333597850E-02 3.636363636363645E-02 -8.470469117575692E-02 1.636363636363642E-01 -1.116922734929591E-01 1.303184972487486E-01 8.433764653237585E-01 3.636363636363626E-02 
3.636363636363610E-02 1.303184972487489E-01 -8.470469117575691E-02 3.636363636363652E-02 8.433764653237582E-01 1.636363636363644E-01 -3.347458729508629E-02 -1.116922734929589E-01 -1.655068333597851E-02 3.636363636363643E-02 
3.636363636363613E-02 8.433764653237584E-01 -1.116922734929590E-01 3.636363636363635E-02 1.303184972487489E-01 1.636363636363644E-01 -1.655068333597850E-02 -8.470469117575696E-02 -3.347458729508633E-02 3.636363636363654E-02 
3.636363636363660E-02 -1.655068333597859E-02 -3.347458729508625E-02 3.636363636363652E-02 -1.116922734929592E-01 1.636363636363641E-01 -8.470469117575670E-02 8.433764653237585E-01 1.303184972487485E-01 3.636363636363649E-02 
3.636363636363638E-02 -1.116922734929588E-01 8.433764653237583E-01 3.636363636363615E-02 -1.655068333597816E-02 1.636363636363642E-01 1.303184972487488E-01 -3.347458729508643E-02 -8.470469117575689E-02 3.636363636363654E-02 
% cubature r weak differentiation matrix
2.590287900874638E+00 -2.423978696829128E+00 5.351105916697138E-01 5.351105916697154E-01 -1.870259846545525E+00 1.936870774283049E+00 1.936870774283050E+00 -1.894476678498001E+00 -9.438671616557061E-02 -9.438671616556812E-02 -5.442685690140501E+00 -1.624208473888247E+00 -1.624208473888245E+00 -2.940326058066969E+00 -2.940326058066967E+00 -3.658332866059211E+00 -3.658332866059209E+00 3.658292537964922E-01 3.658292537964917E-01 
-4.633647862120737E-01 8.618579162310843E-01 2.700400585313169E-01 -8.897304687452767E-01 8.855353716278598E-01 1.241092474621461E-01 -1.368038321281604E+00 5.994057574538119E-01 2.393877649873232E-01 -4.661304134853015E-01 1.526232428812269E+00 7.625369855618170E-01 -7.340577105492760E-01 1.501866600226589E+00 -7.534319933278212E-02 1.645467961825037E+00 3.496701282816659E-01 -7.365742617054729E-01 -4.551622956894731E-01 
4.633647862120742E-01 -2.700400585313169E-01 -8.618579162310843E-01 8.897304687452767E-01 -1.241092474621459E-01 -8.855353716278600E-01 1.368038321281604E+00 -2.393877649873283E-01 -5.994057574538061E-01 4.661304134852992E-01 -7.625369855618205E-01 -1.526232428812265E+00 7.340577105492747E-01 -1.645467961825037E+00 7.365742617054729E-01 -1.501866600226589E+00 4.551622956894730E-01 7.534319933278204E-02 -3.496701282816659E-01 
-2.590287900874642E+00 -5.351105916697138E-01 2.423978696829128E+00 -5.351105916697154E-01 -1.936870774283050E+00 1.870259846545526E+00 -1.936870774283050E+00 9.438671616558109E-02 1.894476678497987E+00 9.438671616557957E-02 1.624208473888253E+00 5.442685690140491E+00 1.624208473888251E+00 3.658332866059211E+00 -3.658292537964920E-01 2.940326058066969E+00 -3.658292537964918E-01 2.940326058066967E+00 3.658332866059209E+00 
-2.964395906278994E-01 7.574664378163779E-01 -2.030871617552243E+00 5.597128259579845E-01 1.148888065656577E+00 -2.923211337050142E+00 5.949270226159405E-01 -2.094076066393264E+00 1.866108178635853E-01 2.434874801519803E-01 -1.210944104812991E+00 -1.060771091447646E+00 8.504523587330730E-01 -4.456927163370477E-01 1.598568303308151E+00 -2.873923573846676E+00 -2.723233874787081E-01 -7.501723056400046E-01 -1.928331389172350E-01 
-2.052999716292947E-15 -7.813244391856020E-01 7.813244391856020E-01 -1.487892912694614E-16 -1.129275961783157E+00 1.129275961783156E+00 -4.595263265245978E-16 5.424682223039022E-01 -5.424682223039012E-01 2.393610595844264E-15 -4.897328531560776E-02 4.897328531560868E-02 1.390062330156038E-15 -6.049966648608136E-01 -6.767672151431015E-01 6.049966648608145E-01 -7.177055028228738E-02 6.767672151431018E-01 7.177055028228768E-02 
2.964395906279061E-01 2.030871617552242E+00 -7.574664378163782E-01 -5.597128259579837E-01 2.923211337050141E+00 -1.148888065656576E+00 -5.949270226159390E-01 -1.866108178635828E-01 2.094076066393256E+00 -2.434874801519879E-01 1.060771091447647E+00 1.210944104812985E+00 -8.504523587330761E-01 2.873923573846672E+00 7.501723056400048E-01 4.456927163370458E-01 1.928331389172348E-01 -1.598568303308151E+00 2.723233874787067E-01 
1.669251955841712E-01 2.896727674266672E-01 -1.141141148806964E+00 -1.043914784147061E-01 4.708177751537931E-01 -1.555173015768536E+00 2.633526940287158E-01 4.099715164657971E-03 6.527412313488843E-01 -2.693481823847068E+00 8.791537317125640E-02 -3.267133808983692E-01 -2.737176533625253E+00 5.437411227882384E-01 -1.917791349303743E+00 -2.950100099505309E-01 9.670170308156148E-02 -3.223593702128337E+00 -3.703495170042636E-01 
-1.669251955841692E-01 1.141141148806964E+00 -2.896727674266672E-01 1.043914784147063E-01 1.555173015768536E+00 -4.708177751537932E-01 -2.633526940287159E-01 -6.527412313488848E-01 -4.099715164659139E-03 2.693481823847064E+00 3.267133808983697E-01 -8.791537317125631E-02 2.737176533625252E+00 2.950100099505307E-01 3.223593702128338E+00 -5.437411227882386E-01 3.703495170042637E-01 1.917791349303744E+00 -9.670170308156131E-02 
0.000000000000000E+00 0.000000000000000E+00 0.000000000000000E+00 0.000000000000000E+00 0.000000000000000E+00 0.000000000000000E+00 0.000000000000000E+00 0.000000000000000E+00 0.000000000000000E+00 0.000000000000000E+00 0.000000000000000E+00 0.000000000000000E+00 0.000000000000000E+00 0.000000000000000E+00 0.000000000000000E+00 0.000000000000000E+00 0.000000000000000E+00 0.000000000000000E+00 0.000000000000000E+00 
% cubature s weak differentiation matrix
2.590287900874639E+00 -2.423978696829127E+00 5.351105916697141E-01 5.351105916697146E-01 -1.870259846545524E+00 1.936870774283050E+00 1.936870774283050E+00 -1.894476678498001E+00 -9.438671616557157E-02 -9.438671616556860E-02 -5.442685690140501E+00 -1.624208473888248E+00 -1.624208473888246E+00 -2.940326058066969E+00 -2.940326058066966E+00 -3.658332866059211E+00 -3.658332866059209E+00 3.658292537964914E-01 3.658292537964900E-01 
-2.964395906279000E-01 7.574664378163782E-01 5.597128259579838E-01 -2.030871617552242E+00 1.148888065656576E+00 5.949270226159395E-01 -2.923211337050140E+00 -2.094076066393262E+00 2.434874801519803E-01 1.866108178635857E-01 -1.210944104812989E+00 8.504523587330721E-01 -1.060771091447644E+00 1.598568303308150E+00 -4.456927163370459E-01 -2.723233874787074E-01 -2.873923573846673E+00 -1.928331389172348E-01 -7.501723056400046E-01 
1.669251955841725E-01 2.896727674266668E-01 -1.043914784147062E-01 -1.141141148806965E+00 4.708177751537935E-01 2.633526940287167E-01 -1.555173015768536E+00 4.099715164658185E-03 -2.693481823847070E+00 6.527412313488843E-01 8.791537317125543E-02 -2.737176533625255E+00 -3.267133808983700E-01 -1.917791349303745E+00 5.437411227882382E-01 9.670170308156115E-02 -2.950100099505315E-01 -3.703495170042641E-01 -3.223593702128340E+00 
5.131874639833536E-16 5.886492960900160E-16 5.690257213816414E-16 -7.225091594909119E-16 5.504664051985915E-16 8.195895140778187E-16 -2.290108478804269E-16 -1.081190287098863E-15 2.420229946106453E-16 -4.989835555645282E-16 -8.974978111400792E-16 -1.230985212944013E-15 -1.239882600537815E-15 8.119337480256690E-16 -6.867929105036254E-16 4.629445745947860E-16 -1.845288268951158E-15 0.000000000000000E+00 2.306610336188948E-16 
-4.633647862120732E-01 8.618579162310843E-01 -8.897304687452773E-01 2.700400585313167E-01 8.855353716278603E-01 -1.368038321281605E+00 1.241092474621459E-01 5.994057574538119E-01 -4.661304134853022E-01 2.393877649873233E-01 1.526232428812269E+00 -7.340577105492770E-01 7.625369855618174E-01 -7.534319933278312E-02 1.501866600226589E+00 3.496701282816658E-01 1.645467961825038E+00 -4.551622956894733E-01 -7.365742617054742E-01 
-1.984274478283058E-15 -7.813244391856019E-01 -1.246583841113527E-16 7.813244391856020E-01 -1.129275961783157E+00 -3.697034716137077E-16 1.129275961783156E+00 5.424682223039021E-01 1.853142673691650E-15 -5.424682223039011E-01 -4.897328531560775E-02 1.120786535685603E-15 4.897328531560848E-02 -6.767672151431017E-01 -6.049966648608138E-01 -7.177055028228747E-02 6.049966648608145E-01 7.177055028228749E-02 6.767672151431017E-01 
-1.669251955841693E-01 1.141141148806965E+00 1.043914784147062E-01 -2.896727674266676E-01 1.555173015768537E+00 -2.633526940287161E-01 -4.708177751537943E-01 -6.527412313488847E-01 2.693481823847066E+00 -4.099715164658740E-03 3.267133808983703E-01 2.737176533625254E+00 -8.791537317125611E-02 3.223593702128340E+00 2.950100099505313E-01 3.703495170042643E-01 -5.437411227882387E-01 -9.670170308156145E-02 1.917791349303744E+00 
4.633647862120747E-01 -2.700400585313159E-01 8.897304687452763E-01 -8.618579162310845E-01 -1.241092474621445E-01 1.368038321281604E+00 -8.855353716278601E-01 -2.393877649873272E-01 4.661304134852992E-01 -5.994057574538056E-01 -7.625369855618195E-01 7.340577105492743E-01 -1.526232428812266E+00 7.365742617054730E-01 -1.645467961825037E+00 4.551622956894738E-01 -1.501866600226588E+00 -3.496701282816674E-01 7.534319933278073E-02 
2.964395906279061E-01 2.030871617552241E+00 -5.597128259579833E-01 -7.574664378163779E-01 2.923211337050139E+00 -5.949270226159388E-01 -1.148888065656576E+00 -1.866108178635827E-01 -2.434874801519879E-01 2.094076066393254E+00 1.060771091447646E+00 -8.504523587330765E-01 1.210944104812985E+00 7.501723056400041E-01 2.873923573846672E+00 1.928331389172347E-01 4.456927163370456E-01 2.723233874787074E-01 -1.598568303308150E+00 
-2.590287900874642E+00 -5.351105916697149E-01 -5.351105916697149E-01 2.423978696829127E+00 -1.936870774283051E+00 -1.936870774283051E+00 1.870259846545524E+00 9.438671616557938E-02 9.438671616557938E-02 1.894476678497987E+00 1.624208473888253E+00 1.624208473888253E+00 5.442685690140491E+00 -3.658292537964922E-01 3.658332866059210E+00 -3.658292537964922E-01 2.940326058066967E+00 3.658332866059209E+00 2.940326058066967E+00 
% cubature projection matrix
7.195244169096379E-02 -2.052122540789509E-01 -2.246301947544362E-01 -2.246301947544362E-01 2.949455357090544E-01 -3.829890514655880E-01 -3.829890514655880E-01 -5.529755139320568E-01 4.217181890495219E-01 4.217181890495220E-01 1.389551343400614E+00 -8.080068992027586E-02 -8.080068992027574E-02 -1.816196092361905E-01 -1.816196092361898E-01 2.310981192085354E-01 2.310981192085346E-01 2.180924607236277E-01 2.180924607236280E-01 
-2.302478134110794E-01 1.001770356961998E-01 -2.583560857028865E-02 3.544267081797276E-01 -6.589024760601961E-02 -8.625200939742796E-02 2.373974129629651E-01 2.006893627446010E-01 -2.572607905477200E-01 6.758475403181249E-02 1.135660189731384E-01 1.645003651968066E-02 -9.215833942907307E-02 9.615370805857455E-02 -1.011144953061442E-02 -2.267024884110431E-01 7.234707344473488E-01 1.745809318668018E-01 -9.003795657758756E-02 
-2.302478134110791E-01 -2.583560857028865E-02 1.001770356961998E-01 3.544267081797276E-01 -8.625200939742796E-02 -6.589024760601954E-02 2.373974129629651E-01 -2.572607905477198E-01 2.006893627446014E-01 6.758475403181205E-02 1.645003651968127E-02 1.135660189731396E-01 -9.215833942907374E-02 -2.267024884110431E-01 1.745809318668018E-01 9.615370805857455E-02 -9.003795657758754E-02 -1.011144953061440E-02 7.234707344473488E-01 
7.195244169096149E-02 -2.246301947544362E-01 -2.052122540789509E-01 -2.246301947544362E-01 -3.829890514655879E-01 2.949455357090542E-01 -3.829890514655880E-01 4.217181890495219E-01 -5.529755139320582E-01 4.217181890495219E-01 -8.080068992027725E-02 1.389551343400610E+00 -8.080068992027720E-02 2.310981192085354E-01 2.180924607236277E-01 -1.816196092361905E-01 2.180924607236280E-01 -1.816196092361898E-01 2.310981192085346E-01 
-2.302478134110798E-01 1.001770356961999E-01 3.544267081797279E-01 -2.583560857028867E-02 -6.589024760601955E-02 2.373974129629650E-01 -8.625200939742814E-02 2.006893627446009E-01 6.758475403181260E-02 -2.572607905477202E-01 1.135660189731386E-01 -9.215833942907344E-02 1.645003651968049E-02 -1.011144953061466E-02 9.615370805857454E-02 7.234707344473497E-01 -2.267024884110432E-01 -9.003795657758759E-02 1.745809318668021E-01 
4.636935131195344E-01 -6.493061836445289E-02 -6.493061836445284E-02 -6.493061836445278E-02 1.588197580708671E-01 1.588197580708673E-01 1.588197580708672E-01 1.621581558955066E-01 1.621581558955067E-01 1.621581558955069E-01 -2.661725358356862E-03 -2.661725358356768E-03 -2.661725358356803E-03 -3.730837064170392E-02 -3.730837064170382E-02 -3.730837064170386E-02 -3.730837064170376E-02 -3.730837064170387E-02 -3.730837064170386E-02 
-2.302478134110793E-01 3.544267081797279E-01 1.001770356961999E-01 -2.583560857028856E-02 2.373974129629651E-01 -6.589024760601957E-02 -8.625200939742796E-02 6.758475403181247E-02 2.006893627445993E-01 -2.572607905477198E-01 -9.215833942907409E-02 1.135660189731371E-01 1.645003651968118E-02 7.234707344473489E-01 -9.003795657758742E-02 -1.011144953061455E-02 1.745809318668018E-01 9.615370805857444E-02 -2.267024884110430E-01 
-2.302478134110789E-01 -2.583560857028844E-02 3.544267081797276E-01 1.001770356961998E-01 -8.625200939742791E-02 2.373974129629653E-01 -6.589024760601957E-02 -2.572607905477196E-01 6.758475403181170E-02 2.006893627446018E-01 1.645003651968108E-02 -9.215833942907364E-02 1.135660189731392E-01 1.745809318668016E-01 -2.267024884110427E-01 -9.003795657758733E-02 9.615370805857434E-02 7.234707344473484E-01 -1.011144953061437E-02 
-2.302478134110791E-01 3.544267081797275E-01 -2.583560857028852E-02 1.001770356961998E-01 2.373974129629651E-01 -8.625200939742794E-02 -6.589024760601947E-02 6.758475403181249E-02 -2.572607905477197E-01 2.006893627445991E-01 -9.215833942907396E-02 1.645003651968118E-02 1.135660189731372E-01 -9.003795657758748E-02 7.234707344473488E-01 1.745809318668018E-01 -1.011144953061447E-02 -2.267024884110428E-01 9.615370805857446E-02 
7.195244169096125E-02 -2.246301947544362E-01 -2.246301947544362E-01 -2.052122540789509E-01 -3.829890514655880E-01 -3.829890514655880E-01 2.949455357090541E-01 4.217181890495216E-01 4.217181890495216E-01 -5.529755139320586E-01 -8.080068992027721E-02 -8.080068992027721E-02 1.389551343400609E+00 2.180924607236277E-01 2.310981192085349E-01 2.180924607236277E-01 -1.816196092361899E-01 2.310981192085349E-01 -1.816196092361899E-01 
% number of surface integration nodes per face
6
% surface integration interpolation matrix
8.086169815356238E-01 2.516267987615978E-01 -8.850104240942550E-02 2.825726211220388E-02 
2.462720621498498E-01 8.718189146469668E-01 -1.683162305858339E-01 5.022525378901728E-02 
-1.107487223383052E-01 9.039054209873040E-01 2.749206840539370E-01 -6.807738270293580E-02 
-6.807738270293595E-02 2.749206840539379E-01 9.039054209873032E-01 -1.107487223383051E-01 
5.022525378901732E-02 -1.683162305858339E-01 8.718189146469663E-01 2.462720621498503E-01 
2.825726211220381E-02 -8.850104240942534E-02 2.516267987615974E-01 8.086169815356241E-01 
8.086169815356237E-01 2.516267987615980E-01 -8.850104240942550E-02 2.825726211220388E-02 
2.462720621498499E-01 8.718189146469668E-01 -1.683162305858343E-01 5.022525378901746E-02 
-1.107487223383049E-01 9.039054209873039E-01 2.749206840539370E-01 -6.807738270293584E-02 
-6.807738270293592E-02 2.749206840539377E-01 9.039054209873035E-01 -1.107487223383051E-01 
5.022525378901728E-02 -1.683162305858341E-01 8.718189146469668E-01 2.462720621498502E-01 
2.825726211220376E-02 -8.850104240942520E-02 2.516267987615973E-01 8.086169815356241E-01 
2.825726211220381E-02 -8.850104240942547E-02 2.516267987615980E-01 8.086169815356237E-01 
5.022525378901732E-02 -1.683162305858343E-01 8.718189146469670E-01 2.462720621498501E-01 
-6.807738270293562E-02 2.749206840539366E-01 9.039054209873040E-01 -1.107487223383049E-01 
-1.107487223383055E-01 9.039054209873030E-01 2.749206840539379E-01 -6.807738270293595E-02 
2.462720621498501E-01 8.718189146469661E-01 -1.683162305858341E-01 5.022525378901735E-02 
8.086169815356241E-01 2.516267987615971E-01 -8.850104240942526E-02 2.825726211220377E-02 
% surface integration lift matrix
6.931479978514629E+00 4.648466829849103E+00 -1.670197877774261E+00 -4.404198279022347E-01 9.263410896068939E-01 -3.956701922941399E-01 -8.566224618958536E-01 -1.803807865240695E+00 -2.339569672863461E+00 -2.339569672863459E+00 -1.803807865240690E+00 -8.566224618958516E-01 -3.956701922941399E-01 9.263410896068920E-01 -4.404198279022307E-01 -1.670197877774261E+00 4.648466829849106E+00 6.931479978514632E+00 
6.649681881043403E-01 3.655098148784650E+00 4.641719003101623E+00 1.395371752905973E+00 -4.409208560981820E-01 8.376376320160753E-02 3.259307125667750E-01 8.830363953492035E-01 1.207368013479555E+00 6.122847502728569E-01 -5.223812026294254E-01 -7.173842870391314E-01 -5.114053355559217E-01 6.546620583744611E-01 8.150861548531364E-01 -1.276787508324868E+00 -1.408755688889158E+00 -6.165406245747754E-02 
8.376376320160704E-02 -4.409208560981832E-01 1.395371752905967E+00 4.641719003101621E+00 3.655098148784642E+00 6.649681881043394E-01 -6.165406245747803E-02 -1.408755688889161E+00 -1.276787508324868E+00 8.150861548531346E-01 6.546620583744590E-01 -5.114053355559226E-01 -7.173842870391312E-01 -5.223812026294252E-01 6.122847502728559E-01 1.207368013479556E+00 8.830363953492011E-01 3.259307125667749E-01 
-3.956701922941386E-01 9.263410896068968E-01 -4.404198279022309E-01 -1.670197877774258E+00 4.648466829849104E+00 6.931479978514631E+00 6.931479978514628E+00 4.648466829849104E+00 -1.670197877774255E+00 -4.404198279022383E-01 9.263410896068905E-01 -3.956701922941405E-01 -8.566224618958513E-01 -1.803807865240694E+00 -2.339569672863454E+00 -2.339569672863459E+00 -1.803807865240694E+00 -8.566224618958526E-01 
-6.165406245747639E-02 -1.408755688889161E+00 -1.276787508324870E+00 8.150861548531358E-01 6.546620583744589E-01 -5.114053355559244E-01 -7.173842870391326E-01 -5.223812026294272E-01 6.122847502728562E-01 1.207368013479557E+00 8.830363953492020E-01 3.259307125667745E-01 8.376376320160593E-02 -4.409208560981850E-01 1.395371752905968E+00 4.641719003101625E+00 3.655098148784647E+00 6.649681881043417E-01 
1.997972418331542E-02 -2.611795236010691E-01 -6.847261265081739E-01 -6.847261265081740E-01 -2.611795236010682E-01 1.997972418331625E-02 1.997972418331608E-02 -2.611795236010687E-01 -6.847261265081740E-01 -6.847261265081741E-01 -2.611795236010682E-01 1.997972418331610E-02 1.997972418331594E-02 -2.611795236010686E-01 -6.847261265081730E-01 -6.847261265081743E-01 -2.611795236010684E-01 1.997972418331557E-02 
-5.114053355559227E-01 6.546620583744608E-01 8.150861548531390E-01 -1.276787508324867E+00 -1.408755688889157E+00 -6.165406245747794E-02 6.649681881043402E-01 3.655098148784650E+00 4.641719003101624E+00 1.395371752905974E+00 -4.409208560981832E-01 8.376376320160617E-02 3.259307125667739E-01 8.830363953492018E-01 1.207368013479555E+00 6.122847502728590E-01 -5.223812026294253E-01 -7.173842870391318E-01 
3.259307125667735E-01 8.830363953492015E-01 1.207368013479556E+00 6.122847502728573E-01 -5.223812026294241E-01 -7.173842870391305E-01 -5.114053355559212E-01 6.546620583744602E-01 8.150861548531355E-01 -1.276787508324865E+00 -1.408755688889156E+00 -6.165406245747927E-02 6.649681881043382E-01 3.655098148784646E+00 4.641719003101619E+00 1.395371752905973E+00 -4.409208560981830E-01 8.376376320160606E-02 
-7.173842870391308E-01 -5.223812026294247E-01 6.122847502728566E-01 1.207368013479556E+00 8.830363953492005E-01 3.259307125667740E-01 8.376376320160614E-02 -4.409208560981839E-01 1.395371752905969E+00 4.641719003101620E+00 3.655098148784641E+00 6.649681881043392E-01 -6.165406245747791E-02 -1.408755688889159E+00 -1.276787508324868E+00 8.150861548531366E-01 6.546620583744592E-01 -5.114053355559222E-01 
-8.566224618958517E-01 -1.803807865240695E+00 -2.339569672863456E+00 -2.339569672863458E+00 -1.803807865240691E+00 -8.566224618958518E-01 -3.956701922941391E-01 9.263410896068953E-01 -4.404198279022359E-01 -1.670197877774258E+00 4.648466829849102E+00 6.931479978514631E+00 6.931479978514625E+00 4.648466829849103E+00 -1.670197877774260E+00 -4.404198279022383E-01 9.263410896068935E-01 -3.956701922941400E-01 
% Bernstein VDM matrix
1.000000000000000E+00 0.000000000000000E+00 0.000000000000000E+00 0.000000000000000E+00 0.000000000000000E+00 0.000000000000000E+00 0.000000000000000E+00 0.000000000000000E+00 0.000000000000000E+00 0.000000000000000E+00 
3.788854381999833E-01 4.341640786499874E-01 1.658359213500125E-01 2.111456180001681E-02 0.000000000000000E+00 0.000000000000000E+00 0.000000000000000E+00 0.000000000000000E+00 0.000000000000000E+00 0.000000000000000E+00 
2.111456180001681E-02 1.658359213500125E-01 4.341640786499874E-01 3.788854381999833E-01 0.000000000000000E+00 0.000000000000000E+00 0.000000000000000E+00 0.000000000000000E+00 0.000000000000000E+00 0.000000000000000E+00 
-0.000000000000000E+00 0.000000000000000E+00 -0.000000000000000E+00 1.000000000000000E+00 0.000000000000000E+00 -0.000000000000000E+00 0.000000000000000E+00 -0.000000000000000E+00 0.000000000000000E+00 0.000000000000000E+00 
3.788854381999834E-01 -1.743960968136824E-16 2.675742719517779E-32 -1.368455531567204E-48 4.341640786499875E-01 -1.332267629550188E-16 1.022042773705714E-32 1.658359213500126E-01 -2.544404761884588E-17 2.111456180001681E-02 
3.703703703703707E-02 1.111111111111112E-01 1.111111111111111E-01 3.703703703703701E-02 1.111111111111112E-01 2.222222222222222E-01 1.111111111111110E-01 1.111111111111111E-01 1.111111111111110E-01 3.703703703703701E-02 
-0.000000000000000E+00 0.000000000000000E+00 -0.000000000000000E+00 3.788854381999831E-01 0.000000000000000E+00 -0.000000000000000E+00 4.341640786499873E-01 -0.000000000000000E+00 1.658359213500127E-01 2.111456180001683E-02 
2.111456180001684E-02 1.272202380942296E-17 2.555106934264288E-33 1.710569414459005E-49 1.658359213500127E-01 6.661338147750940E-17 6.689356798794445E-33 4.341640786499874E-01 8.719804840684110E-17 3.788854381999829E-01 
-0.000000000000000E+00 0.000000000000000E+00 -0.000000000000000E+00 2.111456180001681E-02 0.000000000000000E+00 -0.000000000000000E+00 1.658359213500125E-01 -0.000000000000000E+00 4.341640786499874E-01 3.788854381999833E-01 
-0.000000000000000E+00 0.000000000000000E+00 -0.000000000000000E+00 0.000000000000000E+00 0.000000000000000E+00 -0.000000000000000E+00 0.000000000000000E+00 -0.000000000000000E+00 0.000000000000000E+00 1.000000000000000E+00 
% inverse Bernstein VDM matrix
1.000000000000000E+00 0.000000000000000E+00 0.000000000000000E+00 0.000000000000000E+00 0.000000000000000E+00 0.000000000000000E+00 0.000000000000000E+00 0.000000000000000E+00 0.000000000000000E+00 -0.000000000000000E+00 
-1.000000000000000E+00 2.696723314583157E+00 -1.030056647916491E+00 3.333333333333333E-01 0.000000000000000E+00 0.000000000000000E+00 0.000000000000000E+00 0.000000000000000E+00 0.000000000000000E+00 -0.000000000000000E+00 
3.333333333333332E-01 -1.030056647916491E+00 2.696723314583158E+00 -1.000000000000000E+00 0.000000000000000E+00 0.000000000000000E+00 0.000000000000000E+00 0.000000000000000E+00 0.000000000000000E+00 -0.000000000000000E+00 
0.000000000000000E+00 0.000000000000000E+00 0.000000000000000E+00 1.000000000000000E+00 0.000000000000000E+00 0.000000000000000E+00 0.000000000000000E+00 0.000000000000000E+00 0.000000000000000E+00 -0.000000000000000E+00 
-1.000000000000001E+00 9.470265291873766E-16 -8.545079438019472E-16 4.278912742183488E-16 2.696723314583157E+00 1.925510733982570E-15 -5.197725572864034E-16 -1.030056647916491E+00 7.067791005234975E-17 3.333333333333331E-01 
5.000000000000008E-01 -8.333333333333347E-01 -8.333333333333330E-01 5.000000000000002E-01 -8.333333333333337E-01 4.500000000000001E+00 -8.333333333333337E-01 -8.333333333333334E-01 -8.333333333333325E-01 4.999999999999997E-01 
0.000000000000000E+00 0.000000000000000E+00 0.000000000000000E+00 -9.999999999999999E-01 0.000000000000000E+00 0.000000000000000E+00 2.696723314583159E+00 0.000000000000000E+00 -1.030056647916492E+00 3.333333333333336E-01 
3.333333333333337E-01 -3.128947111824637E-16 4.844336022602286E-16 -3.168689717558332E-16 -1.030056647916491E+00 -1.425910372901250E-15 5.332708369794982E-16 2.696723314583159E+00 -4.407522515940684E-16 -9.999999999999993E-01 
0.000000000000000E+00 0.000000000000000E+00 0.000000000000000E+00 3.333333333333331E-01 0.000000000000000E+00 0.000000000000000E+00 -1.030056647916491E+00 0.000000000000000E+00 2.696723314583158E+00 -1.000000000000000E+00 
0.000000000000000E+00 0.000000000000000E+00 0.000000000000000E+00 0.000000000000000E+00 0.000000000000000E+00 0.000000000000000E+00 0.000000000000000E+00 0.000000000000000E+00 0.000000000000000E+00 1.000000000000000E+00 
% sparse BB D1 matrix ids
0 0 0 
0 1 0 
1 2 0 
2 0 0 
0 4 0 
1 4 5 
2 5 0 
4 7 0 
5 7 0 
7 0 0 
% sparse BB D2 matrix ids
1 0 0 
1 2 0 
2 3 0 
3 0 0 
1 5 0 
2 5 6 
3 6 0 
5 8 0 
6 8 0 
8 0 0 
% sparse BB D3 matrix ids
4 0 0 
4 5 0 
5 6 0 
6 0 0 
4 7 0 
5 7 8 
6 8 0 
7 9 0 
8 9 0 
9 0 0 
% sparse BB D1,D2,D3 matrix values
3.000000000000000E+00 0.000000000000000E+00 0.000000000000000E+00 
1.000000000000000E+00 2.000000000000000E+00 0.000000000000000E+00 
2.000000000000000E+00 9.999999999999998E-01 0.000000000000000E+00 
3.000000000000000E+00 0.000000000000000E+00 0.000000000000000E+00 
1.000000000000000E+00 2.000000000000000E+00 0.000000000000000E+00 
1.000000000000000E+00 9.999999999999999E-01 1.000000000000000E+00 
9.999999999999997E-01 2.000000000000000E+00 0.000000000000000E+00 
2.000000000000000E+00 1.000000000000000E+00 0.000000000000000E+00 
2.000000000000000E+00 1.000000000000000E+00 0.000000000000000E+00 
3.000000000000000E+00 0.000000000000000E+00 0.000000000000000E+00 
% BB cubature interpolation matrix
3.703703703703692E-02 1.111111111111109E-01 1.111111111111111E-01 3.703703703703708E-02 1.111111111111109E-01 2.222222222222222E-01 1.111111111111113E-01 1.111111111111111E-01 1.111111111111113E-01 3.703703703703708E-02 
8.786400498660208E-06 6.255228597585313E-04 1.484410854176122E-02 1.174204667141174E-01 6.255228597585313E-04 2.968821708352245E-02 3.522614001423523E-01 1.484410854176122E-02 3.522614001423523E-01 1.174204667141174E-01 
1.174204667141174E-01 1.484410854176121E-02 6.255228597585302E-04 8.786400498660186E-06 3.522614001423523E-01 2.968821708352242E-02 6.255228597585302E-04 3.522614001423523E-01 1.484410854176121E-02 1.174204667141174E-01 
1.174204667141174E-01 3.522614001423523E-01 3.522614001423523E-01 1.174204667141174E-01 1.484410854176121E-02 2.968821708352242E-02 1.484410854176121E-02 6.255228597585302E-04 6.255228597585302E-04 8.786400498660186E-06 
1.991854003268932E-03 2.075853598625025E-02 7.211318627189330E-02 8.350479111708214E-02 2.075853598625025E-02 1.442263725437866E-01 2.505143733512464E-01 7.211318627189330E-02 2.505143733512464E-01 8.350479111708214E-02 
8.350479111708214E-02 7.211318627189330E-02 2.075853598625025E-02 1.991854003268932E-03 2.505143733512464E-01 1.442263725437866E-01 2.075853598625025E-02 2.505143733512464E-01 7.211318627189330E-02 8.350479111708214E-02 
8.350479111708214E-02 2.505143733512464E-01 2.505143733512464E-01 8.350479111708214E-02 7.211318627189330E-02 1.442263725437866E-01 7.211318627189330E-02 2.075853598625025E-02 2.075853598625025E-02 1.991854003268932E-03 
2.424954228248576E-01 2.195590769655451E-01 6.626405248726291E-02 6.666276661875069E-03 2.195590769655451E-01 1.325281049745259E-01 1.999882998562520E-02 6.626405248726291E-02 1.999882998562520E-02 6.666276661875069E-03 
6.666276661875116E-03 6.626405248726318E-02 2.195590769655453E-01 2.424954228248571E-01 1.999882998562530E-02 1.325281049745261E-01 2.195590769655448E-01 1.999882998562525E-02 6.626405248726287E-02 6.666276661875069E-03 
6.666276661875116E-03 1.999882998562530E-02 1.999882998562525E-02 6.666276661875069E-03 6.626405248726318E-02 1.325281049745261E-01 6.626405248726286E-02 2.195590769655453E-01 2.195590769655447E-01 2.424954228248571E-01 
7.549157388466414E-01 1.112536875743498E-01 5.465238198990342E-03 8.949165108719692E-05 1.112536875743498E-01 1.093047639798068E-02 2.684749532615908E-04 5.465238198990342E-03 2.684749532615908E-04 8.949165108719692E-05 
8.949165108719959E-05 5.465238198990448E-03 1.112536875743508E-01 7.549157388466403E-01 2.684749532615961E-04 1.093047639798079E-02 1.112536875743498E-01 2.684749532615935E-04 5.465238198990340E-03 8.949165108719692E-05 
8.949165108719959E-05 2.684749532615961E-04 2.684749532615935E-04 8.949165108719692E-05 5.465238198990448E-03 1.093047639798079E-02 5.465238198990340E-03 1.112536875743508E-01 1.112536875743497E-01 7.549157388466403E-01 
4.999225237334422E-05 3.017572040359392E-03 6.071434796707226E-02 4.071962491438097E-01 9.036570106642372E-04 3.636363636363653E-02 3.658229931218084E-01 5.444816974333360E-03 1.095511583403077E-01 1.093557678563508E-02 
4.999225237334422E-05 9.036570106642372E-04 5.444816974333360E-03 1.093557678563508E-02 3.017572040359392E-03 3.636363636363653E-02 1.095511583403077E-01 6.071434796707226E-02 3.658229931218084E-01 4.071962491438097E-01 
4.071962491438097E-01 6.071434796707226E-02 3.017572040359392E-03 4.999225237334422E-05 3.658229931218084E-01 3.636363636363652E-02 9.036570106642372E-04 1.095511583403077E-01 5.444816974333360E-03 1.093557678563508E-02 
4.071962491438097E-01 3.658229931218084E-01 1.095511583403077E-01 1.093557678563508E-02 6.071434796707226E-02 3.636363636363652E-02 5.444816974333360E-03 3.017572040359392E-03 9.036570106642372E-04 4.999225237334422E-05 
1.093557678563508E-02 5.444816974333360E-03 9.036570106642372E-04 4.999225237334422E-05 1.095511583403077E-01 3.636363636363653E-02 3.017572040359392E-03 3.658229931218084E-01 6.071434796707226E-02 4.071962491438097E-01 
1.093557678563508E-02 1.095511583403077E-01 3.658229931218084E-01 4.071962491438097E-01 5.444816974333360E-03 3.636363636363653E-02 6.071434796707226E-02 9.036570106642372E-04 3.017572040359392E-03 4.999225237334422E-05 
% BB cubature projection matrix
7.195244169096490E-02 -2.052122540789516E-01 -2.246301947544370E-01 -2.246301947544370E-01 2.949455357090535E-01 -3.829890514655870E-01 -3.829890514655878E-01 -5.529755139320570E-01 4.217181890495204E-01 4.217181890495215E-01 1.389551343400611E+00 -8.080068992027577E-02 -8.080068992027668E-02 -1.816196092361904E-01 -1.816196092361914E-01 2.310981192085319E-01 2.310981192085334E-01 2.180924607236276E-01 2.180924607236259E-01 
-4.317146501457767E-01 4.270974106027053E-01 -1.663339950392667E-02 7.404646434691727E-01 -5.114518641110817E-01 3.165771129430257E-01 6.509883892486681E-01 1.499745114669362E+00 -1.506525944419535E+00 -1.685042026466595E-01 -1.127173245073682E+00 4.713662352414878E-01 -9.973010576827229E-02 7.514686672312219E-01 4.722106498177438E-02 -1.002035641133562E+00 1.885343960439667E+00 2.025795045869145E-01 -1.129083050611500E+00 
-4.317146501457785E-01 -1.663339950392427E-02 4.270974106027088E-01 7.404646434691758E-01 3.165771129430253E-01 -5.114518641110831E-01 6.509883892486699E-01 -1.506525944419539E+00 1.499745114669363E+00 -1.685042026466643E-01 4.713662352414895E-01 -1.127173245073682E+00 -9.973010576827257E-02 -1.002035641133565E+00 2.025795045869140E-01 7.514686672312202E-01 -1.129083050611502E+00 4.722106498177720E-02 1.885343960439665E+00 
7.195244169096515E-02 -2.246301947544385E-01 -2.052122540789537E-01 -2.246301947544390E-01 -3.829890514655887E-01 2.949455357090551E-01 -3.829890514655895E-01 4.217181890495240E-01 -5.529755139320607E-01 4.217181890495243E-01 -8.080068992027668E-02 1.389551343400615E+00 -8.080068992027722E-02 2.310981192085340E-01 2.180924607236284E-01 -1.816196092361912E-01 2.180924607236274E-01 -1.816196092361923E-01 2.310981192085342E-01 
-4.317146501457774E-01 4.270974106027066E-01 7.404646434691723E-01 -1.663339950392670E-02 -5.114518641110830E-01 6.509883892486673E-01 3.165771129430272E-01 1.499745114669367E+00 -1.685042026466606E-01 -1.506525944419540E+00 -1.127173245073685E+00 -9.973010576827204E-02 4.713662352414911E-01 4.722106498177374E-02 7.514686672312249E-01 1.885343960439671E+00 -1.002035641133564E+00 -1.129083050611506E+00 2.025795045869142E-01 
3.345788538629754E+00 -1.334037663276690E+00 -1.334037663276692E+00 -1.334037663276691E+00 3.370807011086420E-01 3.370807011086433E-01 3.370807011086415E-01 8.565865898987868E-01 8.565865898987822E-01 8.565865898987881E-01 5.389010242278515E-01 5.389010242278537E-01 5.389010242278504E-01 -5.902300824175869E-01 -5.902300824175831E-01 -5.902300824175852E-01 -5.902300824175862E-01 -5.902300824175902E-01 -5.902300824175861E-01 
-4.317146501457766E-01 7.404646434691753E-01 4.270974106027083E-01 -1.663339950392583E-02 6.509883892486714E-01 -5.114518641110850E-01 3.165771129430275E-01 -1.685042026466627E-01 1.499745114669368E+00 -1.506525944419542E+00 -9.973010576827211E-02 -1.127173245073688E+00 4.713662352414930E-01 1.885343960439674E+00 -1.129083050611508E+00 4.722106498177552E-02 2.025795045869138E-01 7.514686672312234E-01 -1.002035641133565E+00 
-4.317146501457777E-01 -1.663339950392581E-02 7.404646434691764E-01 4.270974106027083E-01 3.165771129430265E-01 6.509883892486700E-01 -5.114518641110838E-01 -1.506525944419544E+00 -1.685042026466601E-01 1.499745114669365E+00 4.713662352414923E-01 -9.973010576827435E-02 -1.127173245073684E+00 2.025795045869167E-01 -1.002035641133571E+00 -1.129083050611507E+00 7.514686672312221E-01 1.885343960439674E+00 4.722106498177520E-02 
-4.317146501457762E-01 7.404646434691718E-01 -1.663339950392594E-02 4.270974106027079E-01 6.509883892486662E-01 3.165771129430279E-01 -5.114518641110836E-01 -1.685042026466616E-01 -1.506525944419542E+00 1.499745114669364E+00 -9.973010576827275E-02 4.713662352414933E-01 -1.127173245073686E+00 -1.129083050611508E+00 1.885343960439671E+00 2.025795045869135E-01 4.722106498177576E-02 -1.002035641133563E+00 7.514686672312234E-01 
7.195244169096467E-02 -2.246301947544368E-01 -2.246301947544392E-01 -2.052122540789533E-01 -3.829890514655874E-01 -3.829890514655896E-01 2.949455357090547E-01 4.217181890495251E-01 4.217181890495227E-01 -5.529755139320600E-01 -8.080068992027747E-02 -8.080068992027674E-02 1.389551343400614E+00 2.180924607236274E-01 2.310981192085369E-01 2.180924607236291E-01 -1.816196092361919E-01 2.310981192085304E-01 -1.816196092361916E-01 
% BB L0 values
0.000000000000000E+00 8.500000000000000E+00 1.500000000000000E+00 
1.500000000000000E+00 6.500000000000002E+00 1.999999999999999E+00 
1.999999999999999E+00 6.500000000000002E+00 1.500000000000000E+00 
1.500000000000000E+00 8.500000000000000E+00 0.000000000000000E+00 
% BB EL ids
0 4 5 6 7 8 
1 4 5 6 8 9 
2 4 5 8 9 10 
3 4 8 9 10 11 
0 1 5 6 7 9 
1 2 5 6 9 10 
2 3 5 9 10 11 
0 1 2 6 7 10 
1 2 3 6 10 11 
0 1 2 3 7 11 
% BB EL values
9.999999999999999E-01 -2.500000000000001E-01 -2.499999999999999E-01 -2.500000000000001E-01 -2.499999999999999E-01 9.999999999999999E-01 
1.000000000000000E+00 1.000000000000000E+00 6.666666666666666E-01 3.333333333333335E-01 -1.500000000000000E+00 -5.000000000000000E-01 
1.000000000000000E+00 -1.500000000000000E+00 -5.000000000000000E-01 1.000000000000000E+00 6.666666666666666E-01 3.333333333333335E-01 
1.000000000000000E+00 9.999999999999999E-01 -2.500000000000001E-01 -2.499999999999999E-01 -2.500000000000001E-01 -2.499999999999999E-01 
-1.500000000000000E+00 -5.000000000000000E-01 3.333333333333335E-01 6.666666666666667E-01 9.999999999999998E-01 1.000000000000000E+00 
-1.000000000000000E+00 -1.000000000000000E+00 -1.000000000000000E+00 -1.000000000000000E+00 -1.000000000000000E+00 -1.000000000000000E+00 
-4.999999999999999E-01 -1.500000000000000E+00 1.000000000000000E+00 3.333333333333335E-01 6.666666666666667E-01 9.999999999999998E-01 
1.000000000000000E+00 6.666666666666666E-01 3.333333333333335E-01 -4.999999999999999E-01 -1.500000000000000E+00 1.000000000000000E+00 
3.333333333333335E-01 6.666666666666667E-01 9.999999999999998E-01 1.000000000000000E+00 -4.999999999999999E-01 -1.500000000000000E+00 
-2.500000000000001E-01 -2.499999999999999E-01 -2.500000000000001E-01 -2.499999999999999E-01 1.000000000000000E+00 1.000000000000000E+00 
% BB degree raise ids
0 0 
0 1 
1 2 
2 3 
3 0 
% BB degree raise values
1.000000000000000E+00 0.000000000000000E+00 
2.499999999999998E-01 7.499999999999997E-01 
5.000000000000001E-01 5.000000000000001E-01 
7.499999999999999E-01 2.500000000000001E-01 
9.999999999999999E-01 0.000000000000000E+00 
% BB degree lower matrix
9.499999999999996E-01 1.500000000000001E-01 -1.500000000000000E-01 4.999999999999995E-02 
-2.499999999999997E-01 7.500000000000000E-01 7.499999999999999E-01 -2.499999999999998E-01 
5.000000000000003E-02 -1.500000000000000E-01 1.500000000000002E-01 9.499999999999997E-01 
% stencil size for IPDG OAS NpP
22
% forward matrix [ change of basis for IPDG OAS precon ]
9.232556176732182E+00 -1.042374494298534E+00 -1.042374494299111E+00 9.232556176732148E+00 -1.042374494299091E+00 1.144338629076719E+00 -1.042374494298536E+00 -1.042374494298540E+00 -1.042374494299110E+00 9.232556176732233E+00 -5.165321601878428E+00 -7.206319864453467E-01 -7.206319864454256E-01 -5.165321601879167E+00 -5.165321601878362E+00 -7.206319864453321E-01 -7.206319864454210E-01 -5.165321601879176E+00 -5.165321601879172E+00 -7.206319864454303E-01 -7.206319864453349E-01 -5.165321601878362E+00 
4.064662514367001E-02 1.767494931245732E-01 1.767494931245810E-01 4.064662514366440E-02 1.767494931245712E-01 1.119580762242649E+00 1.767494931245711E-01 1.767494931245780E-01 1.767494931245747E-01 4.064662514365756E-02 2.028498363501769E-01 7.435532699557169E-01 7.435532699557200E-01 2.028498363501778E-01 2.028498363501763E-01 7.435532699557249E-01 7.435532699557250E-01 2.028498363501800E-01 2.028498363501781E-01 7.435532699557189E-01 7.435532699557217E-01 2.028498363501790E-01 
-9.438452542998812E-01 1.258698541973452E+00 1.258698541973494E+00 -9.438452543000206E-01 1.258698541973449E+00 -1.496639248691043E+00 1.258698541973491E+00 1.258698541973492E+00 1.258698541973477E+00 -9.438452542999902E-01 -2.090810396595352E+00 7.938754705684884E-01 7.938754705684159E-01 -2.090810396595668E+00 -2.090810396595452E+00 7.938754705684095E-01 7.938754705684289E-01 -2.090810396595388E+00 -2.090810396595404E+00 7.938754705684898E-01 7.938754705684309E-01 -2.090810396595649E+00 
1.077189292253691E-01 1.467834671915629E+00 1.467834671915629E+00 1.077189292253726E-01 1.467834671915626E+00 -3.364375136860760E-01 1.467834671915641E+00 1.467834671915638E+00 1.467834671915634E+00 1.077189292253719E-01 1.099248653837328E-01 -8.177412106265219E-01 -8.177412106265092E-01 1.099248653837384E-01 1.099248653837312E-01 -8.177412106265107E-01 -8.177412106265087E-01 1.099248653837379E-01 1.099248653837323E-01 -8.177412106265217E-01 -8.177412106265138E-01 1.099248653837381E-01 
4.965710141996308E-14 2.926119679250299E+00 -2.926119679250319E+00 4.883655106386979E-14 -2.926119679250317E+00 8.595576871777140E-15 2.926119679250311E+00 2.926119679250302E+00 -2.926119679250325E+00 7.574229845847000E-14 4.124738868142213E+00 4.592668901946505E-01 -4.592668901946673E-01 -4.124738868142280E+00 4.124738868142208E+00 4.592668901946492E-01 -4.592668901946590E-01 -4.124738868142265E+00 -4.124738868142241E+00 -4.592668901946589E-01 4.592668901946513E-01 4.124738868142225E+00 
-2.619142112905411E+01 -1.699716725292037E+00 -3.527733278363655E+00 9.069763695735890E+00 -2.618323936078645E-01 2.153238552192069E-14 4.206993365028598E+00 -2.507276639736637E+00 3.789565671971451E+00 1.712165743331811E+01 8.680170161269128E+00 -1.295829551296602E+00 -1.327694337351625E+00 -9.157068767477812E+00 2.401329079414337E+00 2.010272721455431E+00 2.002996395587184E+00 -1.671805534178142E+00 1.082887430165604E+01 -6.753020582355590E-01 -7.144431701588476E-01 -1.108149924068345E+01 
4.230465732310161E+00 -3.708947589138911E+00 -2.257250641875136E+00 -2.377177214734118E+01 4.025779054253418E+00 1.014809606038936E-15 4.769158337505738E-01 3.232031755388413E+00 -1.768528412378359E+00 1.954130641503110E+01 -7.354759555758890E+00 -1.509793909892043E+00 -1.484488880479952E+00 6.810465183025012E+00 1.089627006818087E+01 -3.045431565118427E-01 -3.436842684350914E-01 -1.101410347415868E+01 4.203638291133502E+00 1.828173148915035E+00 1.814337066403884E+00 -3.541510512421940E+00 
5.727994352745860E+00 7.266469713172133E-01 7.266469713172203E-01 5.727994352745911E+00 7.266469713171981E-01 -1.408249700959811E+00 7.266469713172145E-01 7.266469713172179E-01 7.266469713172209E-01 5.727994352745939E+00 4.206044862602240E+00 1.112023787942152E+00 1.112023787942142E+00 4.206044862602255E+00 4.206044862602251E+00 1.112023787942167E+00 1.112023787942138E+00 4.206044862602338E+00 4.206044862602218E+00 1.112023787942143E+00 1.112023787942147E+00 4.206044862602340E+00 
-1.677316506561739E+00 -4.302813141358042E-02 3.335064675800245E+00 3.152590995132186E-01 -2.195401723878350E+00 2.614716611823505E-15 -2.914341826092288E+00 2.957369957505867E+00 -1.139662951921940E+00 1.362057407048574E+00 8.782714180395558E+00 1.229802455233657E+00 2.437940959334888E-01 7.369392622159224E+00 -9.574076881603206E+00 -6.483367122927679E-01 -1.166335566933062E+00 -1.031656444927911E+01 2.947171827119865E+00 9.225414709995701E-01 -5.814657429408924E-01 7.913627012077028E-01 
-5.962296806762937E-01 -3.470714423213962E+00 5.791525840992958E-01 1.792593441467672E+00 2.675027793638790E+00 -1.265386171208611E-15 1.813117844340480E+00 1.657596578873475E+00 -3.254180377738075E+00 -1.196363760791392E+00 -6.246416548032296E+00 -5.612314667207338E-02 -1.238211073545316E+00 -7.940794019605257E+00 -4.595251887041644E+00 -1.062056998016920E+00 4.170019536396719E-01 -2.475203022788212E+00 1.041599704239348E+01 8.212091199056493E-01 1.118180144688999E+00 1.084166843507393E+01 
4.778056202490013E+00 -1.371254433140688E+00 1.279042393605268E+00 -2.958586236126310E+00 -1.205009812752642E+00 1.232586630006219E-13 3.161878873929088E-01 1.055066545747478E+00 -7.403258085291500E-02 -1.819469966363472E+00 6.047825798891905E+00 2.696547505599139E+00 -1.514599170248771E+00 -8.302764811980611E+00 1.904348811509812E+00 -1.861957042606311E+00 -1.241922482281702E+00 4.017279759947818E+00 4.285485052033283E+00 2.756521652530255E+00 -8.345904629930329E-01 -7.952174610401181E+00 
2.517362143433381E-04 -6.006465138061713E-01 8.092011240962728E-01 -4.115320133813313E+00 6.005107809933566E-01 -1.808877492163749E-14 1.409724663261045E+00 -8.090781494548428E-01 -1.409711905089578E+00 4.115068397598938E+00 6.366939711910717E+00 -2.165201552318744E-01 -2.456674968794597E+00 -1.266977391663252E+00 -7.633060697382680E+00 -2.240031044381284E+00 2.239867513680086E+00 7.633372683741924E+00 -6.366395292078757E+00 2.168074551145363E-01 2.456551199613183E+00 1.266120985471868E+00 
1.194626200677788E+00 -9.098796345014161E-01 9.556286908622816E-01 -7.119153549706764E-01 -7.868824272787308E-01 -2.758690742765596E-16 5.552522893923834E-02 8.543544055621460E-01 -1.687462635835863E-01 -4.827108457071182E-01 -2.816278894444132E-01 -1.120662777911152E+00 3.746304142505744E-02 -3.445820052427087E-01 7.710966419860135E-01 1.409981356712679E+00 1.270751420024450E+00 7.786649885426018E-01 -4.340829832998888E-01 -1.308214461449506E+00 -2.893185788015277E-01 -4.894687525416102E-01 
2.881607388469532E-06 -6.167330177040840E-01 5.078103661784134E-01 -1.149275662664752E+00 6.167289248739696E-01 5.980554394512572E-16 1.124539017947229E+00 -5.078060002431478E-01 -1.124539291052385E+00 1.149272781057368E+00 7.644374540170297E-01 9.404162440724457E-01 1.638543778606027E+00 7.264882079875974E-01 -3.794723418100939E-02 6.981281420447674E-01 -6.981216757380955E-01 3.795097242529576E-02 -7.644391804128925E-01 -9.404221028679308E-01 -1.638544386117214E+00 -7.264902198360045E-01 
-7.046543966077603E+00 -8.962042744734435E-01 1.645994816502334E+00 2.731163719609953E+00 -1.239779592458116E+00 -7.005431936123610E-15 -8.181107259297642E-01 1.714315000403236E+00 -4.062152240442111E-01 4.315380246467678E+00 -6.452052702265893E+00 1.461395128970304E+00 -1.973620054663252E+00 1.652581977333619E+00 3.261935532633794E+00 6.964798991634354E-01 1.399273820652965E-01 4.575075239434403E+00 -6.227657216767986E+00 1.833692672597960E+00 -2.157875028133743E+00 3.190117169632032E+00 
1.350257134930719E-03 -1.231848122847253E+00 2.446725743173240E-01 5.680286977705258E+00 1.232257419584811E+00 -6.638751309122218E-15 1.477164598959211E+00 -2.453164761119335E-01 -1.476929993902146E+00 -5.681637234840087E+00 8.058916192000076E-01 1.334734274929858E+00 -6.603380353835215E-01 5.513099992401541E+00 4.708136330098820E+00 -1.995863986451300E+00 1.995703714280355E+00 -4.709638056301282E+00 -8.034619361001262E-01 -1.335365678896902E+00 6.611297115215399E-01 -5.514027949298788E+00 
-2.230368192872430E-14 2.449562986879980E-01 -2.449562986880023E-01 -3.275467747281183E-14 -2.449562986880005E-01 2.605676146976501E-15 2.449562986879959E-01 2.449562986880034E-01 -2.449562986879976E-01 1.071405910635556E-14 -8.154872348321678E-01 1.087979345100061E+00 -1.087979345100073E+00 8.154872348321268E-01 -8.154872348321831E-01 1.087979345100083E+00 -1.087979345100086E+00 8.154872348321666E-01 8.154872348321385E-01 -1.087979345100065E+00 1.087979345100065E+00 -8.154872348321398E-01 
-7.321706478686223E-01 4.876429494944063E-02 1.362303123313785E+00 3.654556632624725E-01 4.558792936849668E-02 1.924414627310191E-15 -1.409398093344038E+00 1.360633798394583E+00 -1.407891052682273E+00 3.667149846061262E-01 -4.195773855510135E-01 -5.348463846253837E-01 1.333163069963835E+00 -1.145793891240668E+00 1.563100086123581E+00 -7.980175476618778E-01 -7.958743554365456E-01 1.562266888215991E+00 -4.164729969753664E-01 -5.372887145273003E-01 1.332863932287245E+00 -1.143522700572569E+00 
-4.108633914629051E-04 1.636660192572098E+00 8.608896303924177E-01 -6.486643919983976E-01 -1.636607246069820E+00 2.114054700852927E-16 -7.772985599240120E-01 -8.593616326480874E-01 7.757176156773974E-01 6.490752553898628E-01 -1.599781888234958E+00 1.258118393353398E+00 1.548797882577631E-01 -1.170881444093139E+00 4.301851123838477E-01 -1.104734667385334E+00 1.103840242247085E+00 -4.284312878097570E-01 1.599312731902904E+00 -1.258720030504839E+00 -1.533837259680670E-01 1.169596775851109E+00 
-6.768262528433739E-14 -2.742514415444939E+00 2.742514415444923E+00 7.647171785985116E-14 2.742514415444888E+00 -1.093064504677752E-15 -2.742514415444863E+00 -2.742514415444963E+00 2.742514415444959E+00 -1.841989630214057E-14 4.300805256042112E+00 8.950702015011447E-01 -8.950702015011658E-01 -4.300805256042083E+00 4.300805256042152E+00 8.950702015011809E-01 -8.950702015012294E-01 -4.300805256042192E+00 -4.300805256042181E+00 -8.950702015011446E-01 8.950702015012137E-01 4.300805256042167E+00 
3.791165610272442E+00 1.103476481728735E+00 6.123903561125238E-01 -2.515330009489144E+00 1.888712682416975E+00 -1.922954646769163E-15 -2.597622332856222E+00 1.494145851127299E+00 -2.501103038529269E+00 -1.275835600783289E+00 2.239600801367753E+00 4.266222525808243E-01 -1.546182985631233E+00 -2.760562124273620E+00 2.826501355482598E-01 1.469526152287583E+00 1.857266223741326E+00 1.265394652095375E+00 1.495167472177901E+00 -3.110832381101778E-01 -1.896148404868343E+00 -2.522250936915650E+00 
6.607920766430536E-04 -1.997363678734978E+00 -2.242983925253337E+00 -3.153578205919094E+00 1.997885210921844E+00 -6.490631927436849E-16 -2.459874112847795E-01 2.243351090019548E+00 2.450987143317028E-01 3.152917413842462E+00 1.894148275576323E+00 1.876717383406728E+00 8.900046996906043E-01 -6.067190598373483E-01 -2.499946552368717E+00 -9.861126926995883E-01 9.866925455123507E-01 2.500216373272161E+00 -1.893497313435143E+00 -1.876697245203024E+00 -8.906046907070629E-01 6.057982767927392E-01 
% diagOp 
7.358325944065238E+01 
3.425078370155905E+00 
4.360668673308556E+01 
1.707183561106327E+01 
7.245452312107672E+01 
6.493785268749113E+01 
6.493785268749122E+01 
2.797594550784868E+01 
5.745889260797011E+01 
5.745889260797006E+01 
4.230809167291265E+01 
4.230809167291262E+01 
8.398853013828349E+00 
8.398853013828365E+00 
3.082432084577040E+01 
3.082432084577042E+01 
2.874344661226209E+01 
2.587475001717015E+01 
2.587475001717015E+01 
1.958049817556369E+01 
2.063851272656553E+01 
2.063851272656556E+01 
% backward matrix [ reverse change of basis for IPDG OAS precon ]
9.999999999999902E-01 3.630521934142735E-02 -4.514255600778830E-01 7.338628204278323E-02 -1.026688415207764E-13 -1.000000000000000E+00 1.858998252915047E-01 9.999999999999905E-01 -1.628256917107054E-01 -5.702512514305415E-02 5.878848779139461E-01 -8.136544546146809E-02 8.912674883501820E-01 -8.887457988880759E-02 -1.000000000000000E+00 -1.394320624941699E-01 -1.901236142729440E-15 -4.684652284064734E-01 4.545967768584071E-04 -2.435056245065126E-14 1.000000000000000E+00 -1.965424989469423E-01 
-1.129020473144622E-01 1.578711416678168E-01 6.020146752775378E-01 9.999999999999867E-01 7.094072552932522E-01 -6.360933032433801E-02 -1.550171501916340E-01 1.268588840296053E-01 -8.472137910254527E-03 -3.198659157674594E-01 -1.584859105606299E-01 -5.277704548237701E-02 -6.329455654750480E-01 -3.097478653600251E-01 -1.516011762487592E-01 -2.228870461516350E-01 2.251479311544030E-01 2.962358142081065E-02 9.999414177320692E-01 -6.376746335100623E-01 3.947261127881932E-01 -6.488180489909301E-01 
-1.129020473144548E-01 1.578711416678231E-01 6.020146752775606E-01 9.999999999999926E-01 -7.094072552932318E-01 -1.337773175898300E-01 -9.353752261560275E-02 1.268588840296064E-01 3.229980747371033E-01 5.751216366688263E-02 1.435873305223872E-01 8.078408563109744E-02 6.751807879409251E-01 2.396837306517070E-01 2.384444186395497E-01 7.336471823086962E-02 -2.251479311543947E-01 8.708143575819421E-01 5.246848739504575E-01 6.376746335100811E-01 2.779335152628662E-01 -6.960784539658739E-01 
1.000000000000000E+00 3.630521934141757E-02 -4.514255600779457E-01 7.338628204278722E-02 -8.691068512102117E-14 3.534923212782686E-01 -1.000000000000000E+00 9.999999999999900E-01 3.269275539979062E-02 1.655721799820687E-01 -2.939154672204951E-01 -4.712518554266645E-01 -4.456320681501779E-01 -6.503913287236924E-01 5.001782608002286E-01 1.000000000000000E+00 -3.267260878126588E-14 2.344550878090719E-01 -3.966818073609231E-01 3.420245007615029E-14 -4.998428306027993E-01 -8.034575010530608E-01 
-1.129020473144551E-01 1.578711416678164E-01 6.020146752775336E-01 9.999999999999873E-01 -7.094072552932330E-01 -1.128347939509864E-02 1.689397104340688E-01 1.268588840296035E-01 -2.088236963034834E-01 2.437641531468726E-01 -1.584937831653980E-01 9.664820963576412E-02 -6.329473642737261E-01 4.359789955046789E-01 -1.515238559960243E-01 1.806216977121337E-01 -2.251479311544013E-01 3.074586447875884E-02 -1.000000000000000E+00 6.376746335100463E-01 3.945269749793595E-01 4.936962748195048E-01 
1.239460239582047E-01 1.000000000000000E+00 -7.158177762689130E-01 -2.292066811904644E-01 -1.096460612139963E-14 7.420205120488080E-16 -5.875124499354979E-16 -2.458538912987461E-01 -9.544020292362966E-16 -3.699025213651855E-16 1.316078822955052E-14 1.207335016072920E-15 -9.318880941694131E-16 9.867056765223874E-16 1.380283044531324E-16 -1.498863131731984E-15 5.083414342017538E-16 6.189214336776276E-16 4.163008915618133E-16 -3.093926371431527E-16 -1.103602231846771E-16 5.425865714021451E-16 
-1.129020473144626E-01 1.578711416678159E-01 6.020146752775545E-01 9.999999999999990E-01 7.094072552932537E-01 1.602513507446031E-01 1.864471289617000E-02 1.268588840296032E-01 -2.793685990523596E-01 1.634489426167027E-01 1.488797353964247E-02 1.733086362824328E-01 -4.223670357310388E-02 6.840858394975161E-01 -8.682786720633685E-02 2.297603140139148E-01 2.251479311543886E-01 -9.010277499131433E-01 -4.735659019185811E-01 -6.376746335100532E-01 -6.724360127146014E-01 6.194714036974075E-02 
-1.129020473144641E-01 1.578711416678230E-01 6.020146752775659E-01 9.999999999999915E-01 7.094072552932487E-01 -9.664202042026809E-02 1.363724372954650E-01 1.268588840296055E-01 2.878407369626141E-01 1.564169731507541E-01 1.435979370209543E-01 -1.205315908000594E-01 6.751822690481351E-01 -3.743379741374869E-01 2.384290434550960E-01 -6.873267862272837E-03 2.251479311543965E-01 8.714041684923235E-01 -5.263755158135099E-01 -6.376746335100920E-01 2.777098999263778E-01 5.868709086211676E-01 
-1.129020473144545E-01 1.578711416678163E-01 6.020146752775541E-01 1.000000000000000E+00 -7.094072552932305E-01 1.450607969849270E-01 -7.540218781846282E-02 1.268588840296059E-01 -1.141743784336189E-01 -3.012763168137517E-01 1.490645264297928E-02 -1.774322952668638E-01 -4.223342366721562E-02 -6.756627261563873E-01 -8.692056264352481E-02 -2.539864159430044E-01 -2.251479311543909E-01 -9.015602220607004E-01 4.753151260495626E-01 6.376746335100858E-01 -6.724604902421908E-01 2.023821791463866E-01 
9.999999999999921E-01 3.630521934141673E-02 -4.514255600779571E-01 7.338628204278991E-02 -1.014561353176805E-13 6.465076787217331E-01 8.141001747084921E-01 1.000000000000000E+00 1.301329363109221E-01 -1.085470548390164E-01 -2.939694106934144E-01 5.526173008881289E-01 -4.456354202000105E-01 7.392659086124946E-01 4.998217391997583E-01 -8.605679375058165E-01 1.832814246481187E-14 2.340101405974057E-01 3.962272105840635E-01 -1.045016354544136E-14 -5.001571693971925E-01 1.000000000000000E+00 
-5.594682017637129E-01 1.811837459084576E-01 -9.999999999998519E-01 7.488913260257167E-02 9.999999999999950E-01 3.333353587372478E-01 -3.112876934084055E-01 7.342962656005332E-01 8.409378452899660E-01 -5.646651175470928E-01 6.356558159060931E-01 7.040373666966756E-01 -2.669841391083026E-01 4.887871544105754E-01 -8.996860116449892E-01 6.320968319995774E-03 -7.495429380207028E-01 -2.669169078017434E-01 -9.770516486350336E-01 9.999999999999494E-01 4.924676106060656E-01 4.447638183834996E-01 
-7.805335517605842E-02 6.641354469741783E-01 3.796974952205664E-01 -5.571071635467640E-01 1.113444765538596E-01 -4.892010203949018E-02 -6.290746310472005E-02 1.941384225368591E-01 1.187700581949375E-01 -3.642846351849675E-03 3.354701504777647E-01 -7.338332496985586E-02 -9.060501904842959E-01 6.589074899056061E-01 2.338506795388638E-01 2.512210849061604E-01 9.999999999999833E-01 -3.434239193991493E-01 7.692173705415269E-01 2.081168870047359E-01 1.514438568597016E-02 5.336838016044120E-01 
-7.805335517605694E-02 6.641354469741813E-01 3.796974952205326E-01 -5.571071635467556E-01 -1.113444765538459E-01 -5.014322438943267E-02 -6.183579054455590E-02 1.941384225368596E-01 2.201948940317525E-02 -1.137931477717195E-01 -1.445042856729297E-01 -2.856031441368952E-01 -9.395255240498093E-02 1.000000000000000E+00 -2.931782795645820E-01 -1.490738064123407E-01 -9.999999999999848E-01 8.528500612786241E-01 9.334567343686548E-02 -2.081168870047500E-01 -4.540381795783522E-01 3.438279501942273E-01 
-5.594682017637036E-01 1.811837459084582E-01 -9.999999999999870E-01 7.488913260257181E-02 -9.999999999998913E-01 -3.513428800351407E-01 2.886121294248954E-01 7.342962656005254E-01 7.022578195525975E-01 -7.225520098584497E-01 -9.999833976095787E-01 -1.915752030316706E-02 -3.111286421438035E-01 4.702458378973856E-01 3.437952979732141E-01 9.507837100580654E-01 7.495429380206700E-01 -7.319862402726959E-01 -7.142964570272289E-01 -9.999999999999567E-01 -6.966965414103475E-01 -3.643431058012252E-02 
-5.594682017637146E-01 1.811837459084614E-01 -9.999999999998646E-01 7.488913260256776E-02 9.999999999999947E-01 8.803920593743213E-02 4.562517848620518E-01 7.342962656005309E-01 -9.308862821063051E-01 -4.353348824529111E-01 3.643441840939626E-01 -1.000000000000000E+00 5.781106623252126E-01 -8.059077655514575E-02 5.562367298243795E-01 8.486388125394684E-01 -7.495429380207232E-01 9.997056120047375E-01 2.613337798824978E-01 9.999999999999927E-01 2.042893671005845E-01 -7.550709657772461E-01 
-7.805335517605805E-02 6.641354469741858E-01 3.796974952205273E-01 -5.571071635467535E-01 1.113444765538602E-01 7.674658755805223E-02 -1.342288288976110E-02 1.941384225368644E-01 -6.397105503870196E-02 -9.867019742487242E-02 -1.909336626212365E-01 -2.522241332398975E-01 9.999979638023373E-01 3.223556407169226E-01 5.928613418002711E-02 -3.185437685905061E-01 9.999999999999963E-01 -5.095318341047179E-01 -6.742163899904499E-01 2.081168870047493E-01 4.388050418115440E-01 -3.683140047177163E-01 
-7.805335517605676E-02 6.641354469741857E-01 3.796974952205219E-01 -5.571071635467513E-01 -1.113444765538451E-01 7.648179578426013E-02 -1.506224680327392E-02 1.941384225368554E-01 -1.121884640128780E-01 3.697527377054541E-02 -1.909630246963844E-01 3.050800498508457E-01 1.000000000000000E+00 -5.217895717586866E-01 5.941138410059182E-02 3.350940083773167E-01 -1.000000000000000E+00 -5.102890732395475E-01 6.752060201045579E-01 -2.081168870047668E-01 4.387067099870891E-01 1.958456521639086E-01 
-5.594682017636999E-01 1.811837459084615E-01 -9.999999999998872E-01 7.488913260256416E-02 -9.999999999998791E-01 -6.018567551455894E-02 -4.614297513014096E-01 7.342962656005411E-01 -1.000000000000000E+00 -2.409038039439262E-01 3.642441250952230E-01 8.991606782852591E-01 5.781105516403302E-01 -3.470421175406264E-02 5.559412129793188E-01 -6.935655481138131E-01 7.495429380207113E-01 1.000000000000000E+00 -2.632742861799788E-01 -1.000000000000000E+00 2.040401407027896E-01 6.748168639197972E-01 
-5.594682017636997E-01 1.811837459084574E-01 -9.999999999998351E-01 7.488913260256859E-02 -9.999999999998896E-01 4.115285555497044E-01 1.728176218765190E-01 7.342962656005377E-01 2.977421804473987E-01 9.634558138023782E-01 6.357392725144143E-01 -8.800031579820894E-01 -2.669819094965274E-01 -4.355416261433198E-01 -8.997365109525470E-01 -2.572181619442370E-01 7.495429380207040E-01 -2.680137597273143E-01 9.775707432071854E-01 -9.999999999999757E-01 4.926564007075113E-01 -6.383825533397081E-01 
-7.805335517605773E-02 6.641354469741787E-01 3.796974952205649E-01 -5.571071635467649E-01 -1.113444765538464E-01 -2.633857139482744E-02 7.689803734783103E-02 1.941384225368582E-01 9.016897460970338E-02 7.681787400117512E-02 3.354673103692915E-01 -1.947690571395251E-02 -9.060474475950206E-01 -4.782104282413108E-01 2.337668954639904E-01 -1.860202019649851E-01 -9.999999999999876E-01 -3.425609880390804E-01 -7.685516935414399E-01 -2.081168870047381E-01 1.533146959125056E-02 -5.396736023581412E-01 
-7.805335517605880E-02 6.641354469741820E-01 3.796974952205228E-01 -5.571071635467566E-01 1.113444765538602E-01 -2.782648551856262E-02 7.633034599448245E-02 1.941384225368648E-01 -5.479900315623513E-02 1.023130437767215E-01 -1.445364878565504E-01 3.256074582097508E-01 -9.394777331804413E-02 -9.812631306225308E-01 -2.931368137188955E-01 6.732268368436119E-02 9.999999999999899E-01 8.529557535038679E-01 -9.500098055106242E-02 2.081168870047646E-01 -4.539494274975048E-01 -1.653697968866882E-01 
-5.594682017637144E-01 1.811837459084569E-01 -1.000000000000000E+00 7.488913260257619E-02 1.000000000000000E+00 -4.213745646746784E-01 -1.449640914536428E-01 7.342962656005328E-01 8.994843681633488E-02 1.000000000000000E+00 -1.000000000000000E+00 2.959626333033225E-01 -3.111265232169157E-01 -4.081963778554362E-01 3.434492818205982E-01 -8.549597808594642E-01 -7.495429380206835E-01 -7.327887042029843E-01 7.157178687525623E-01 9.999999999999907E-01 -6.967569777065941E-01 3.103071473937764E-01 
