% degree N
4
% number of nodes
15
% node coordinates
-1.000000000000000E+00 -1.000000000000000E+00
-6.546536707079771E-01 -1.000000000000000E+00
0.000000000000000E+00 -1.000000000000000E+00
6.546536707079772E-01 -9.999999999999999E-01
1.000000000000000E+00 -1.000000000000000E+00
-1.000000000000000E+00 -6.546536707079771E-01
-5.515835075553056E-01 -5.515835075553056E-01
1.031670151106111E-01 -5.515835075553056E-01
6.546536707079771E-01 -6.546536707079771E-01
-1.000000000000000E+00 0.000000000000000E+00
-5.515835075553056E-01 1.031670151106112E-01
0.000000000000000E+00 0.000000000000000E+00
-9.999999999999999E-01 6.546536707079771E-01
-6.546536707079774E-01 6.546536707079774E-01
-1.000000000000000E+00 1.000000000000000E+00
% r collocation differentation matrix
-4.999999999999998E+00 6.756502488724239E+00 -2.666666666666666E+00 1.410164177942429E+00 -5.000000000000006E-01 -1.687412737039722E-16 1.948786369815542E-15 -3.196637284390743E-15 -2.918821788637195E-16 -1.654355494099927E-16 -2.689934414820878E-16 1.288586024346447E-15 -4.229384363264567E-18 -4.970267319195907E-16 -3.302723029585579E-17 
-1.240990253030982E+00 -1.197597448293171E-15 1.745743121887939E+00 -7.637626158259736E-01 2.590097469690171E-01 -1.022531447790827E-16 2.485770902777750E-16 8.278381822896589E-16 2.864902692597225E-16 -5.520230890982902E-17 -7.488368628441042E-16 -2.449869283142051E-16 1.158056274687791E-16 3.134503796921988E-16 -1.030946399547803E-16 
3.749999999999997E-01 -1.336584577695453E+00 9.274325924794116E-16 1.336584577695454E+00 -3.749999999999998E-01 -1.877338394352976E-17 -3.653750464493015E-16 -1.460430132627552E-15 -6.576487267084160E-16 -4.115105626847673E-18 8.123090045100079E-16 6.049638084447326E-16 -2.804909597419464E-16 -3.389956656076379E-16 1.547741297015772E-16 
-2.590097469690169E-01 7.637626158259730E-01 -1.745743121887938E+00 -7.832775833837147E-16 1.240990253030983E+00 -1.767335260084625E-16 1.600324768721809E-16 -9.641054398377757E-16 1.535934066621582E-15 -3.027651648848392E-17 8.526856449239407E-16 -1.782112600951779E-16 -5.055513995413267E-16 -4.122616820862025E-16 2.139764214092304E-16 
5.000000000000001E-01 -1.410164177942428E+00 2.666666666666665E+00 -6.756502488724240E+00 4.999999999999998E+00 -2.014006174595621E-17 3.141376437505545E-16 7.500242193475456E-15 3.730340452087239E-15 -2.819638121814701E-16 -3.810030228896986E-15 -2.534946713397991E-15 6.329994263402968E-16 1.440450937851426E-15 -6.521342738384643E-16 
-9.850899690646707E-01 2.410138459487759E+00 -2.012532958932447E+00 1.569010545082540E+00 -6.902125107913412E-01 -3.334844906604315E+00 4.745854126443494E+00 -1.764262700058703E+00 4.702877721297089E-01 -3.825172938307971E-01 -4.055222040292170E-01 1.719662634888716E-01 2.633434123783580E-01 4.148531343059113E-02 -9.710334912983080E-02 
3.710196699958410E-01 -6.612771820363527E-01 7.557453508986887E-01 -6.612771820363530E-01 3.190184106673603E-01 -8.894154603466161E-01 -2.037107055561447E-01 1.527299277178654E+00 -3.615305348979483E-01 -1.899408217618772E-01 -4.056521772384682E-16 -7.720734566921766E-02 7.599848376454639E-02 3.089194387977247E-02 -3.561390408035206E-02 
-3.190184106673600E-01 6.612771820363527E-01 -7.557453508986894E-01 6.612771820363532E-01 -3.710196699958410E-01 3.615305348979489E-01 -1.527299277178653E+00 2.037107055561444E-01 8.894154603466154E-01 7.720734566921754E-02 5.535880676608233E-16 1.899408217618770E-01 -3.089194387977237E-02 -7.599848376454627E-02 3.561390408035209E-02 
6.902125107913403E-01 -1.569010545082538E+00 2.012532958932447E+00 -2.410138459487762E+00 9.850899690646713E-01 -4.702877721297090E-01 1.764262700058701E+00 -4.745854126443492E+00 3.334844906604315E+00 -1.719662634888705E-01 4.055222040292165E-01 3.825172938307956E-01 -4.148531343059148E-02 -2.633434123783576E-01 9.710334912983062E-02 
5.139473179819196E-01 -3.885176319680315E-01 -6.104958585131293E-01 1.255574460832306E+00 -8.328718938848467E-01 -1.490459951871574E+00 3.797790432112492E+00 -3.087459725102732E+00 1.255574460832306E+00 -3.196930495855841E+00 3.797790432112493E+00 -6.104958585131293E-01 -1.538753741761221E-01 -3.885176319680319E-01 1.389473179819205E-01 
-3.546323147477122E-01 3.924224787777210E-01 1.391148888719117E-16 -3.924224787777205E-01 3.546323147477121E-01 7.372756658008990E-01 -1.527299277178652E+00 1.527299277178653E+00 -7.372756658008985E-01 -9.456861726605662E-01 -1.632340828062317E-16 9.456861726605659E-01 -2.281382783102630E-01 2.281382783102631E-01 -1.428895062905328E-16 
8.328718938848471E-01 -1.255574460832306E+00 6.104958585131299E-01 3.885176319680320E-01 -5.139473179819195E-01 -1.255574460832306E+00 3.087459725102731E+00 -3.797790432112490E+00 1.490459951871574E+00 6.104958585131305E-01 -3.797790432112494E+00 3.196930495855841E+00 3.885176319680314E-01 1.538753741761213E-01 -1.389473179819202E-01 
-3.561130960988487E-01 4.148531343059257E-02 1.719662634888714E-01 4.702877721297088E-01 -6.902125107913405E-01 1.027106028204333E+00 -4.055222040292200E-01 -1.764262700058704E+00 1.569010545082537E+00 -2.128260415718738E+00 4.745854126443495E+00 -2.012532958932445E+00 -3.334844906604316E+00 2.410138459487762E+00 2.559002839663101E-01 
6.902125107913401E-01 -4.702877721297115E-01 -1.719662634888706E-01 -4.148531343059366E-02 3.561130960988478E-01 -1.569010545082540E+00 1.764262700058700E+00 4.055222040292188E-01 -1.027106028204332E+00 2.012532958932448E+00 -4.745854126443493E+00 2.128260415718735E+00 -2.410138459487764E+00 3.334844906604317E+00 -2.559002839663123E-01 
4.999999999999995E-01 -4.790389793172683E-15 -6.163422937554154E-15 -3.133110333534859E-15 -5.000000000000002E-01 -1.410164177942427E+00 -2.220612661392173E-15 -6.013194695021236E-15 1.410164177942425E+00 2.666666666666668E+00 5.468838936136193E-15 -2.666666666666663E+00 -6.756502488724244E+00 6.756502488724239E+00 -2.073229109904873E-15 
% s collocation differentation matrix
-4.999999999999999E+00 2.395194896586341E-15 4.708367445423907E-16 9.790969792296434E-17 -2.972413520773199E-16 6.756502488724243E+00 -5.551531653480431E-16 -1.503298673755309E-15 -1.688750438058182E-16 -2.666666666666667E+00 -1.333537729062225E-15 7.864887027576159E-16 1.410164177942427E+00 -6.614127176342708E-17 -4.999999999999998E-01 
-9.850899690646709E-01 -3.334844906604314E+00 -3.825172938307969E-01 2.633434123783598E-01 -9.710334912983014E-02 2.410138459487761E+00 4.745854126443496E+00 -4.055222040292173E-01 4.148531343059124E-02 -2.012532958932447E+00 -1.764262700058705E+00 1.719662634888722E-01 1.569010545082538E+00 4.702877721297088E-01 -6.902125107913415E-01 
5.139473179819206E-01 -1.490459951871574E+00 -3.196930495855842E+00 -1.538753741761223E-01 1.389473179819210E-01 -3.885176319680325E-01 3.797790432112492E+00 3.797790432112494E+00 -3.885176319680330E-01 -6.104958585131295E-01 -3.087459725102730E+00 -6.104958585131278E-01 1.255574460832307E+00 1.255574460832306E+00 -8.328718938848478E-01 
-3.561130960988481E-01 1.027106028204334E+00 -2.128260415718735E+00 -3.334844906604316E+00 2.559002839663111E-01 4.148531343059211E-02 -4.055222040292202E-01 4.745854126443493E+00 2.410138459487762E+00 1.719662634888711E-01 -1.764262700058703E+00 -2.012532958932447E+00 4.702877721297090E-01 1.569010545082539E+00 -6.902125107913415E-01 
5.000000000000007E-01 -1.410164177942427E+00 2.666666666666663E+00 -6.756502488724242E+00 -8.917240562319596E-16 -0.000000000000000E+00 -2.994187634847790E-15 6.013194695021236E-15 6.756502488724243E+00 -5.206919396201630E-16 -3.783486666137833E-15 -2.666666666666668E+00 3.562863672030456E-16 1.410164177942428E+00 -5.000000000000011E-01 
-1.240990253030982E+00 0.000000000000000E+00 4.743526108654742E-16 4.650710651340806E-16 1.446785847141675E-16 -8.092053797934697E-16 2.235229752444148E-16 -2.505497789592182E-16 -3.940417688802424E-16 1.745743121887939E+00 9.698456211361630E-16 1.966221756894040E-17 -7.637626158259739E-01 -3.059033819058503E-16 2.590097469690174E-01 
3.710196699958410E-01 -8.894154603466162E-01 -1.899408217618768E-01 7.599848376454645E-02 -3.561390408035194E-02 -6.612771820363531E-01 -2.037107055561450E-01 -9.708803934669704E-16 3.089194387977232E-02 7.557453508986893E-01 1.527299277178654E+00 -7.720734566921790E-02 -6.612771820363533E-01 -3.615305348979486E-01 3.190184106673606E-01 
-3.546323147477121E-01 7.372756658008990E-01 -9.456861726605660E-01 -2.281382783102623E-01 -1.207542992814112E-16 3.924224787777208E-01 -1.527299277178653E+00 -2.505497789592182E-16 2.281382783102633E-01 3.254324622626019E-16 1.527299277178654E+00 9.456861726605651E-01 -3.924224787777213E-01 -7.372756658008988E-01 3.546323147477127E-01 
6.902125107913414E-01 -1.569010545082538E+00 2.012532958932447E+00 -2.410138459487760E+00 -2.559002839663108E-01 -4.702877721297100E-01 1.764262700058701E+00 -4.745854126443492E+00 3.334844906604315E+00 -1.719662634888700E-01 4.055222040292161E-01 2.128260415718735E+00 -4.148531343059121E-02 -1.027106028204331E+00 3.561130960988482E-01 
3.750000000000001E-01 -3.742492025916158E-17 -7.138191433988614E-17 2.937290937688930E-16 -3.715516900966498E-17 -1.336584577695453E+00 9.395616710970683E-17 9.395616710970682E-17 -8.853335679343492E-18 2.603459698100815E-16 -3.030767566050509E-16 -3.932443513788079E-17 1.336584577695454E+00 -1.322825435268542E-16 -3.750000000000002E-01 
-3.190184106673601E-01 3.615305348979487E-01 7.720734566921751E-02 -3.089194387977233E-02 3.561390408035187E-02 6.612771820363527E-01 -1.527299277178653E+00 0.000000000000000E+00 -7.599848376454645E-02 -7.557453508986888E-01 2.037107055561456E-01 1.899408217618781E-01 6.612771820363530E-01 8.894154603466154E-01 -3.710196699958414E-01 
8.328718938848471E-01 -1.255574460832307E+00 6.104958585131296E-01 3.885176319680324E-01 -1.389473179819198E-01 -1.255574460832306E+00 3.087459725102730E+00 -3.797790432112490E+00 1.538753741761207E-01 6.104958585131305E-01 -3.797790432112493E+00 3.196930495855842E+00 3.885176319680320E-01 1.490459951871574E+00 -5.139473179819207E-01 
-2.590097469690173E-01 0.000000000000000E+00 -3.994548302025046E-16 -3.916387916918574E-16 -1.857758450483249E-17 7.637626158259736E-01 -6.840823275906462E-16 5.010995579184364E-16 1.125833625372121E-16 -1.745743121887938E+00 -9.698456211361630E-16 0.000000000000000E+00 -5.044704049045425E-16 3.307063588171354E-16 1.240990253030983E+00 
6.902125107913409E-01 -4.702877721297091E-01 -1.719662634888719E-01 -4.148531343059190E-02 9.710334912983114E-02 -1.569010545082537E+00 1.764262700058703E+00 4.055222040292178E-01 -2.633434123783588E-01 2.012532958932448E+00 -4.745854126443490E+00 3.825172938307974E-01 -2.410138459487765E+00 3.334844906604315E+00 9.850899690646718E-01 
4.999999999999991E-01 -3.592792344879512E-15 -2.682256638574573E-15 -1.174916375075572E-15 -5.573275351449748E-16 -1.410164177942426E+00 3.900689248488278E-15 2.004398231673745E-15 1.294708669177939E-15 2.666666666666667E+00 7.588575020883223E-31 -1.415679664963709E-15 -6.756502488724244E+00 -1.190542891741687E-15 5.000000000000000E+00 
% FaceNodes
0 1 2 3 4 
4 8 11 13 14 
0 5 9 12 14 
% LIFT matrix
9.999999999999995E+00 6.756502488724245E+00 -2.666666666666664E+00 1.410164177942433E+00 -4.999999999999987E-01 7.500000000000027E-01 4.083333333333342E+00 5.333333333333345E+00 4.083333333333337E+00 7.499999999999989E-01 9.999999999999996E+00 6.756502488724256E+00 -2.666666666666670E+00 1.410164177942424E+00 -4.999999999999998E-01 
1.240990253030982E+00 1.166666666666667E+01 2.666666666666673E+00 -8.333333333333267E-01 2.590097469690186E-01 -2.778157826894104E-01 -1.890264240320812E+00 -1.974788681208870E+00 1.251122805306090E+00 7.488887560558570E-01 1.196525173832862E-01 -3.167789471972758E+00 1.267305688011591E+00 -5.264024263458580E-01 1.643765500665921E-01 
-3.749999999999989E-01 2.041666666666672E+00 1.166666666666667E+01 2.041666666666667E+00 -3.749999999999994E-01 1.562500000000097E-02 2.348220460997916E+00 1.666666666666653E-01 -1.327387127664581E+00 6.718750000000003E-01 1.562500000000121E-02 2.348220460997916E+00 1.666666666666664E-01 -1.327387127664580E+00 6.718749999999998E-01 
2.590097469690172E-01 -8.333333333333252E-01 2.666666666666663E+00 1.166666666666665E+01 1.240990253030980E+00 1.196525173832878E-01 -3.167789471972755E+00 1.267305688011586E+00 -5.264024263458549E-01 1.643765500665910E-01 -2.778157826894109E-01 -1.890264240320811E+00 -1.974788681208866E+00 1.251122805306087E+00 7.488887560558551E-01 
-4.999999999999986E-01 1.410164177942436E+00 -2.666666666666664E+00 6.756502488724238E+00 9.999999999999996E+00 9.999999999999996E+00 6.756502488724257E+00 -2.666666666666669E+00 1.410164177942427E+00 -5.000000000000002E-01 7.500000000000016E-01 4.083333333333344E+00 5.333333333333342E+00 4.083333333333330E+00 7.500000000000001E-01 
1.196525173832883E-01 -3.167789471972757E+00 1.267305688011590E+00 -5.264024263458589E-01 1.643765500665923E-01 7.488887560558579E-01 1.251122805306089E+00 -1.974788681208874E+00 -1.890264240320811E+00 -2.778157826894108E-01 1.240990253030985E+00 1.166666666666668E+01 2.666666666666672E+00 -8.333333333333318E-01 2.590097469690171E-01 
-1.394603757585133E-01 -1.112494223207196E+00 -1.420296491821501E+00 2.024944198420112E-01 3.074537195243341E-03 -8.562728694830146E-02 2.595799719118729E-01 1.252165018623973E+00 2.595799719118717E-01 -8.562728694830080E-02 -1.394603757585133E-01 -1.112494223207197E+00 -1.420296491821502E+00 2.024944198420120E-01 3.074537195243930E-03 
3.074537195243531E-03 2.024944198420107E-01 -1.420296491821501E+00 -1.112494223207192E+00 -1.394603757585127E-01 -1.394603757585130E-01 -1.112494223207197E+00 -1.420296491821502E+00 2.024944198420124E-01 3.074537195243842E-03 -8.562728694830135E-02 2.595799719118731E-01 1.252165018623973E+00 2.595799719118713E-01 -8.562728694830084E-02 
1.643765500665925E-01 -5.264024263458599E-01 1.267305688011591E+00 -3.167789471972753E+00 1.196525173832893E-01 1.240990253030985E+00 1.166666666666668E+01 2.666666666666671E+00 -8.333333333333316E-01 2.590097469690173E-01 7.488887560558581E-01 1.251122805306088E+00 -1.974788681208872E+00 -1.890264240320808E+00 -2.778157826894114E-01 
1.562500000000003E-02 2.348220460997916E+00 1.666666666666665E-01 -1.327387127664580E+00 6.718750000000006E-01 6.718750000000002E-01 -1.327387127664584E+00 1.666666666666667E-01 2.348220460997917E+00 1.562499999999927E-02 -3.750000000000006E-01 2.041666666666671E+00 1.166666666666667E+01 2.041666666666665E+00 -3.750000000000001E-01 
-8.562728694830081E-02 2.595799719118723E-01 1.252165018623972E+00 2.595799719118713E-01 -8.562728694830092E-02 3.074537195243872E-03 2.024944198420121E-01 -1.420296491821502E+00 -1.112494223207195E+00 -1.394603757585127E-01 3.074537195244062E-03 2.024944198420116E-01 -1.420296491821500E+00 -1.112494223207194E+00 -1.394603757585131E-01 
6.718750000000001E-01 -1.327387127664581E+00 1.666666666666656E-01 2.348220460997911E+00 1.562499999999923E-02 -3.750000000000001E-01 2.041666666666671E+00 1.166666666666668E+01 2.041666666666668E+00 -3.750000000000006E-01 6.718750000000000E-01 -1.327387127664583E+00 1.666666666666649E-01 2.348220460997913E+00 1.562500000000006E-02 
-2.778157826894113E-01 -1.890264240320809E+00 -1.974788681208869E+00 1.251122805306086E+00 7.488887560558551E-01 1.643765500665903E-01 -5.264024263458559E-01 1.267305688011588E+00 -3.167789471972754E+00 1.196525173832896E-01 2.590097469690159E-01 -8.333333333333298E-01 2.666666666666662E+00 1.166666666666666E+01 1.240990253030983E+00 
7.488887560558567E-01 1.251122805306091E+00 -1.974788681208868E+00 -1.890264240320805E+00 -2.778157826894110E-01 2.590097469690174E-01 -8.333333333333323E-01 2.666666666666668E+00 1.166666666666667E+01 1.240990253030984E+00 1.643765500665910E-01 -5.264024263458572E-01 1.267305688011591E+00 -3.167789471972751E+00 1.196525173832922E-01 
7.500000000000003E-01 4.083333333333341E+00 5.333333333333340E+00 4.083333333333329E+00 7.499999999999996E-01 -4.999999999999991E-01 1.410164177942424E+00 -2.666666666666662E+00 6.756502488724252E+00 9.999999999999991E+00 -5.000000000000000E-01 1.410164177942427E+00 -2.666666666666668E+00 6.756502488724250E+00 9.999999999999995E+00 
% number of plot nodes
45
% plot node coordinates
-1.000000000000000E+00 -1.000000000000000E+00
-7.500000000000000E-01 -1.000000000000000E+00
-5.000000000000000E-01 -1.000000000000000E+00
-2.500000000000000E-01 -1.000000000000000E+00
0.000000000000000E+00 -1.000000000000000E+00
2.500000000000000E-01 -1.000000000000000E+00
5.000000000000000E-01 -1.000000000000000E+00
7.500000000000000E-01 -1.000000000000000E+00
1.000000000000000E+00 -1.000000000000000E+00
-1.000000000000000E+00 -7.500000000000000E-01
-7.500000000000000E-01 -7.500000000000000E-01
-5.000000000000000E-01 -7.500000000000000E-01
-2.500000000000000E-01 -7.500000000000000E-01
0.000000000000000E+00 -7.500000000000000E-01
2.500000000000000E-01 -7.500000000000000E-01
5.000000000000000E-01 -7.500000000000000E-01
7.500000000000000E-01 -7.500000000000000E-01
-1.000000000000000E+00 -5.000000000000000E-01
-7.500000000000000E-01 -5.000000000000000E-01
-5.000000000000000E-01 -5.000000000000000E-01
-2.500000000000000E-01 -5.000000000000000E-01
0.000000000000000E+00 -5.000000000000000E-01
2.500000000000000E-01 -5.000000000000000E-01
5.000000000000000E-01 -5.000000000000000E-01
-1.000000000000000E+00 -2.500000000000000E-01
-7.500000000000000E-01 -2.500000000000000E-01
-5.000000000000000E-01 -2.500000000000000E-01
-2.500000000000000E-01 -2.500000000000000E-01
0.000000000000000E+00 -2.500000000000000E-01
2.500000000000000E-01 -2.500000000000000E-01
-1.000000000000000E+00 0.000000000000000E+00
-7.500000000000000E-01 0.000000000000000E+00
-5.000000000000000E-01 0.000000000000000E+00
-2.500000000000000E-01 0.000000000000000E+00
0.000000000000000E+00 0.000000000000000E+00
-1.000000000000000E+00 2.500000000000000E-01
-7.500000000000000E-01 2.500000000000000E-01
-5.000000000000000E-01 2.500000000000000E-01
-2.500000000000000E-01 2.500000000000000E-01
-1.000000000000000E+00 5.000000000000000E-01
-7.500000000000000E-01 5.000000000000000E-01
-5.000000000000000E-01 5.000000000000000E-01
-1.000000000000000E+00 7.500000000000000E-01
-7.500000000000000E-01 7.500000000000000E-01
-1.000000000000000E+00 1.000000000000000E+00
% plot node interpolation matrix
1.000000000000000E+00 3.913185275650487E-17 1.973798072668032E-17 -1.127219946380774E-17 -8.860352534590762E-18 -3.310088797508088E-17 -8.334238712330621E-17 1.176516581587475E-17 2.128026311975569E-17 2.310028975422394E-18 1.959531383882603E-17 -5.790528309049567E-18 5.810449800607715E-17 -3.096709379468422E-17 -1.343039705731647E-17 
1.538085937500000E-01 9.410082208063206E-01 -1.367187500000000E-01 6.387459169367950E-02 -2.197265625000007E-02 -4.420149589589268E-19 -1.517459135677490E-16 -9.203030702068620E-17 9.487842430937877E-17 -2.054820917960962E-17 -1.139284820852813E-16 -7.122010163132091E-17 5.058371231806205E-17 3.319120652334599E-17 -7.698023255936272E-19 
-1.171874999999999E-01 8.840317166357948E-01 3.125000000000000E-01 -1.184067166357950E-01 3.906249999999993E-02 8.996538762215368E-18 -1.361330649726032E-16 1.224261414732371E-16 7.632465288409888E-17 -7.619680427608222E-17 -1.938772059048681E-16 -9.003973608931264E-17 9.511950821844275E-17 3.319120652334599E-17 -7.698023255936272E-19 
-1.000976562499999E-01 4.328909166473717E-01 8.007812499999999E-01 -1.936331041473720E-01 6.005859374999996E-02 -3.446476641721158E-17 4.367606739387987E-17 2.581786392693923E-16 5.203578323453505E-17 -5.199107758474843E-17 -6.539945045629419E-17 -1.335612657972746E-16 9.427106071641300E-17 1.040218450273615E-16 -3.070980574260107E-17 
4.681111291435598E-17 0.000000000000000E+00 1.000000000000000E+00 -2.520002767988405E-18 2.349974550999401E-17 -2.169865653283512E-17 3.806226648797684E-17 1.088721671015970E-16 -5.242077169189918E-17 -7.157775397820321E-17 -1.684202431188159E-16 -6.606861170923767E-17 -1.669931267702000E-17 -2.224112728661779E-18 1.420019938291009E-17 
6.005859375000001E-02 -1.936331041473720E-01 8.007812500000002E-01 4.328909166473720E-01 -1.000976562500000E-01 -1.737599076711164E-17 -8.109410173294360E-17 -4.867540184780635E-16 -1.853206069390616E-16 -2.254297044030754E-17 1.997401582161859E-16 1.510167572645414E-16 -1.123855649192532E-17 -4.431177016665489E-17 7.177079924014409E-17 
3.906250000000003E-02 -1.184067166357950E-01 3.125000000000007E-01 8.840317166357955E-01 -1.171875000000000E-01 1.240148068438436E-17 -4.241313239895708E-17 -9.951579245475823E-16 -3.542197268581541E-16 -4.290054795980354E-17 3.228479465689793E-16 3.535437099085825E-16 -1.378494332825187E-16 -2.213883664266938E-16 1.466208077826627E-16 
-2.197265624999995E-02 6.387459169367928E-02 -1.367187499999998E-01 9.410082208063211E-01 1.538085937500000E-01 2.227563517818094E-17 5.791093545741006E-17 -9.352668099894968E-16 -3.576277596509859E-16 1.158154529394934E-17 3.808966841255903E-16 4.826707644447217E-16 -1.922628351838721E-16 -3.474808543340924E-16 1.070994189363069E-16 
0.000000000000000E+00 0.000000000000000E+00 -1.997274151012523E-16 -1.958193958459287E-16 1.000000000000000E+00 3.191706457371924E-17 1.153127630944452E-16 1.452994847937162E-16 -4.859060297644759E-17 7.031012992948357E-17 3.830375308383599E-16 2.138802441066461E-16 -1.426247744115415E-16 -7.305475123267732E-17 4.414020279991753E-17 
1.538085937499999E-01 0.000000000000000E+00 1.284342164178842E-16 -1.468645468844465E-16 -1.857758450483249E-17 9.410082208063206E-01 2.582200480786676E-16 -1.565936118495113E-16 1.407292031715151E-17 -1.367187500000001E-01 -1.363845404722729E-16 -9.831108784470199E-18 6.387459169367955E-02 -7.234201599124837E-18 -2.197265625000005E-02 
-8.204466338294016E-02 3.780745201423978E-01 -1.453426721737653E-01 1.008485466713799E-01 -4.212113352357703E-02 3.780745201423980E-01 6.787889541300097E-01 -1.280762986686492E-01 2.772669873376223E-02 -1.453426721737655E-01 -1.280762986686494E-01 2.103638688983377E-02 1.008485466713799E-01 2.772669873376221E-02 -4.212113352357710E-02 
-5.995669985177936E-02 2.187051257469906E-01 1.223455463770577E-01 -5.852084772402763E-02 2.391214250758384E-02 6.524244033620352E-02 8.623598392837969E-01 5.549458648513778E-02 -1.624588941348354E-02 -1.216739339350760E-01 -2.134604977810824E-01 5.642625128523191E-03 1.132904895713419E-01 5.841852497477545E-02 -5.555345170596184E-02 
2.605262212161004E-02 -3.985048849201845E-02 3.655646556524692E-01 -1.507408778804260E-01 6.399469031535535E-02 -6.184820016001016E-02 7.120857060210926E-01 3.893396049016291E-01 -6.755758289399007E-02 -7.945709709665158E-02 -2.561525973372990E-01 -3.243672347121184E-02 1.066998483105632E-01 8.657605080604171E-02 -6.226961079715421E-02 
6.399469031535528E-02 -1.507408778804258E-01 3.655646556524693E-01 -3.985048849201871E-02 2.605262212161007E-02 -6.755758289399014E-02 3.893396049016287E-01 7.120857060210924E-01 -6.184820016001022E-02 -3.243672347121194E-02 -2.561525973372988E-01 -7.945709709665140E-02 8.657605080604179E-02 1.066998483105631E-01 -6.226961079715423E-02 
2.391214250758379E-02 -5.852084772402751E-02 1.223455463770576E-01 2.187051257469906E-01 -5.995669985177934E-02 -1.624588941348353E-02 5.549458648513755E-02 8.623598392837966E-01 6.524244033620342E-02 5.642625128523090E-03 -2.134604977810822E-01 -1.216739339350758E-01 5.841852497477546E-02 1.132904895713418E-01 -5.555345170596183E-02 
-4.212113352357700E-02 1.008485466713797E-01 -1.453426721737654E-01 3.780745201423981E-01 -8.204466338294025E-02 2.772669873376224E-02 -1.280762986686495E-01 6.787889541300095E-01 3.780745201423977E-01 2.103638688983365E-02 -1.280762986686492E-01 -1.453426721737652E-01 2.772669873376217E-02 1.008485466713798E-01 -4.212113352357710E-02 
-1.342596813050862E-17 1.871246012958079E-16 1.424089660537001E-17 1.958193958459287E-16 1.538085937500001E-01 1.348675632989116E-16 -3.098088732346723E-16 -2.505497789592182E-16 9.410082208063208E-01 4.881486933939029E-17 3.119593337582402E-16 -1.367187500000002E-01 1.224734387260469E-16 6.387459169367952E-02 -2.197265625000012E-02 
-1.171875000000000E-01 7.484984051832317E-17 3.569095716994307E-17 -1.468645468844465E-16 3.715516900966498E-17 8.840317166357951E-01 -5.925909427545413E-17 0.000000000000000E+00 -1.407292031715151E-17 3.124999999999998E-01 4.546151349075769E-17 -8.847997906023179E-17 -1.184067166357949E-01 1.653531794085677E-17 3.906249999999998E-02 
-5.995669985177934E-02 6.524244033620331E-02 -1.216739339350758E-01 1.132904895713418E-01 -5.555345170596177E-02 2.187051257469905E-01 8.623598392837964E-01 -2.134604977810823E-01 5.841852497477538E-02 1.223455463770577E-01 5.549458648513768E-02 5.642625128523103E-03 -5.852084772402757E-02 -1.624588941348354E-02 2.391214250758381E-02 
3.473682949548006E-02 -6.779912576801916E-02 2.407170570387850E-02 -2.936068637990851E-02 1.482192801213413E-02 -6.779912576801921E-02 9.494476080281231E-01 8.879133837622018E-02 -1.922206305863225E-02 2.407170570387854E-02 8.879133837622005E-02 -6.790631294949168E-03 -2.936068637990850E-02 -1.922206305863228E-02 1.482192801213410E-02 
6.596273859803296E-02 -1.264297380832093E-01 1.091119189168633E-01 -1.264297380832094E-01 6.596273859803299E-02 -1.042014010047286E-01 5.840094073524433E-01 5.840094073524436E-01 -1.042014010047286E-01 -9.810645644977259E-03 9.989025567324751E-02 -9.810645644977301E-03 -1.992737676944200E-02 -1.992737676944199E-02 1.179185651365086E-02 
1.482192801213408E-02 -2.936068637990849E-02 2.407170570387857E-02 -6.779912576801923E-02 3.473682949548008E-02 -1.922206305863233E-02 8.879133837622026E-02 9.494476080281233E-01 -6.779912576801911E-02 -6.790631294949149E-03 8.879133837622005E-02 2.407170570387846E-02 -1.922206305863226E-02 -2.936068637990847E-02 1.482192801213411E-02 
-5.555345170596176E-02 1.132904895713418E-01 -1.216739339350760E-01 6.524244033620354E-02 -5.995669985177937E-02 5.841852497477542E-02 -2.134604977810823E-01 8.623598392837964E-01 2.187051257469907E-01 5.642625128523155E-03 5.549458648513760E-02 1.223455463770576E-01 -1.624588941348355E-02 -5.852084772402757E-02 2.391214250758384E-02 
3.608831596419150E-17 8.420607058311357E-17 1.424089660537001E-17 1.958193958459287E-16 -1.171875000000000E-01 1.348675632989116E-16 4.574569241805245E-17 -2.505497789592182E-16 8.840317166357952E-01 1.301729849050408E-16 2.968931746312940E-18 3.124999999999997E-01 1.113394897509517E-16 -1.184067166357949E-01 3.906249999999999E-02 
-1.000976562500000E-01 -5.613738038874237E-17 2.496592688765654E-17 2.447742448074109E-17 -9.288792252416246E-18 4.328909166473719E-01 -1.811556332907128E-16 -6.263744473980454E-17 2.814584063430303E-17 8.007812500000000E-01 2.879229187747984E-16 -3.932443513788079E-17 -1.936331041473719E-01 2.686989165389225E-17 6.005859375000001E-02 
2.605262212161003E-02 -6.184820016001023E-02 -7.945709709665134E-02 1.066998483105631E-01 -6.226961079715412E-02 -3.985048849201867E-02 7.120857060210926E-01 -2.561525973372986E-01 8.657605080604167E-02 3.655646556524693E-01 3.893396049016291E-01 -3.243672347121200E-02 -1.507408778804259E-01 -6.755758289399007E-02 6.399469031535535E-02 
6.596273859803296E-02 -1.042014010047287E-01 -9.810645644977264E-03 -1.992737676944199E-02 1.179185651365089E-02 -1.264297380832093E-01 5.840094073524432E-01 9.989025567324777E-02 -1.992737676944195E-02 1.091119189168633E-01 5.840094073524433E-01 -9.810645644977351E-03 -1.264297380832094E-01 -1.042014010047286E-01 6.596273859803300E-02 
1.179185651365089E-02 -1.992737676944206E-02 -9.810645644977363E-03 -1.042014010047286E-01 6.596273859803295E-02 -1.992737676944199E-02 9.989025567324775E-02 5.840094073524432E-01 -1.264297380832092E-01 -9.810645644977259E-03 5.840094073524433E-01 1.091119189168632E-01 -1.042014010047287E-01 -1.264297380832093E-01 6.596273859803300E-02 
-6.226961079715421E-02 1.066998483105631E-01 -7.945709709665147E-02 -6.184820016001019E-02 2.605262212161003E-02 8.657605080604167E-02 -2.561525973372986E-01 7.120857060210924E-01 -3.985048849201844E-02 -3.243672347121188E-02 3.893396049016288E-01 3.655646556524692E-01 -6.755758289399007E-02 -1.507408778804258E-01 6.399469031535535E-02 
0.000000000000000E+00 0.000000000000000E+00 2.032876392525948E-16 2.447742448074109E-16 -1.000976562500000E-01 -0.000000000000000E+00 3.420411637953231E-16 -2.505497789592182E-16 4.328909166473719E-01 2.603459698100815E-16 2.536629130725391E-17 8.007812499999996E-01 -2.226789795019035E-17 -1.936331041473718E-01 6.005859375000006E-02 
-8.150289940276935E-17 -2.993993620732927E-16 -4.237192218224265E-17 9.485001986287170E-17 1.792056928408375E-17 -1.348675632989116E-16 4.912404288240285E-17 -1.879123342194136E-16 5.629168126860605E-17 1.000000000000000E+00 2.840065270470896E-16 -2.362013719354316E-16 4.656569059350690E-17 4.867475342068810E-17 5.945396203064606E-18 
6.399469031535529E-02 -6.755758289399018E-02 -3.243672347121185E-02 8.657605080604167E-02 -6.226961079715412E-02 -1.507408778804259E-01 3.893396049016287E-01 -2.561525973372986E-01 1.066998483105631E-01 3.655646556524692E-01 7.120857060210927E-01 -7.945709709665164E-02 -3.985048849201857E-02 -6.184820016001014E-02 2.605262212161009E-02 
1.482192801213411E-02 -1.922206305863237E-02 -6.790631294949201E-03 -1.922206305863225E-02 1.482192801213408E-02 -2.936068637990848E-02 8.879133837622014E-02 8.879133837622008E-02 -2.936068637990843E-02 2.407170570387851E-02 9.494476080281236E-01 2.407170570387838E-02 -6.779912576801916E-02 -6.779912576801911E-02 3.473682949548011E-02 
-6.226961079715414E-02 8.657605080604157E-02 -3.243672347121201E-02 -6.755758289399010E-02 6.399469031535526E-02 1.066998483105631E-01 -2.561525973372983E-01 3.893396049016288E-01 -1.507408778804257E-01 -7.945709709665146E-02 7.120857060210924E-01 3.655646556524690E-01 -6.184820016001019E-02 -3.985048849201860E-02 2.605262212161009E-02 
-1.128623003123538E-17 -2.993993620732927E-16 -8.562281094525615E-17 9.790969792296434E-17 3.649815378891624E-17 -1.348675632989116E-16 2.576835582467802E-16 -9.787100740594460E-17 2.371917279463128E-17 1.301729849050408E-16 -1.331819060453178E-18 9.999999999999997E-01 4.591734702128446E-17 1.349889388220457E-16 -1.727940868528460E-17 
6.005859375000004E-02 -3.742492025916158E-17 -2.853502260465084E-16 -9.790969792296434E-17 8.824352639795434E-17 -1.936331041473718E-01 1.218965390152587E-16 6.263744473980454E-17 -1.970208844401212E-16 8.007812499999999E-01 1.212307026420204E-16 0.000000000000000E+00 4.328909166473721E-01 -2.480297691128516E-17 -1.000976562500000E-01 
2.391214250758382E-02 -1.624588941348354E-02 5.642625128523194E-03 5.841852497477547E-02 -5.555345170596177E-02 -5.852084772402757E-02 5.549458648513755E-02 -2.134604977810823E-01 1.132904895713417E-01 1.223455463770578E-01 8.623598392837968E-01 -1.216739339350759E-01 2.187051257469907E-01 6.524244033620341E-02 -5.995669985177939E-02 
-5.555345170596178E-02 5.841852497477548E-02 5.642625128523249E-03 -1.624588941348358E-02 2.391214250758383E-02 1.132904895713417E-01 -2.134604977810819E-01 5.549458648513766E-02 -5.852084772402757E-02 -1.216739339350760E-01 8.623598392837969E-01 1.223455463770577E-01 6.524244033620354E-02 2.187051257469906E-01 -5.995669985177945E-02 
3.672738753834821E-17 -1.122747607774847E-16 -1.355546647205692E-16 4.895484896148217E-17 6.005859375000000E-02 -6.743378164945581E-17 1.351340185740168E-17 2.505497789592182E-16 -1.936331041473718E-01 0.000000000000000E+00 1.191306628819413E-16 8.007812499999999E-01 1.781431836015228E-16 4.328909166473719E-01 -1.000976562500002E-01 
3.906249999999999E-02 -1.496996810366463E-16 -8.562281094525615E-17 9.790969792296434E-17 3.715516900966498E-17 -1.184067166357949E-01 1.263478691433838E-16 7.829680592475568E-18 -1.196198226957879E-16 3.125000000000001E-01 -3.636921079260612E-16 1.179733054136424E-16 8.840317166357954E-01 -2.645650870537083E-16 -1.171875000000000E-01 
-4.212113352357709E-02 2.772669873376228E-02 2.103638688983347E-02 2.772669873376207E-02 -4.212113352357703E-02 1.008485466713799E-01 -1.280762986686494E-01 -1.280762986686493E-01 1.008485466713798E-01 -1.453426721737654E-01 6.787889541300099E-01 -1.453426721737651E-01 3.780745201423981E-01 3.780745201423978E-01 -8.204466338294036E-02 
-2.319728235850118E-17 -1.496996810366463E-16 9.986370755062615E-17 9.790969792296434E-17 3.906250000000003E-02 -1.685844541236395E-17 3.825813693675281E-16 5.010995579184364E-16 -1.184067166357951E-01 1.301729849050408E-16 3.174110667240529E-16 3.125000000000005E-01 -1.781431836015228E-16 8.840317166357948E-01 -1.171875000000003E-01 
-2.197265624999995E-02 0.000000000000000E+00 -0.000000000000000E+00 0.000000000000000E+00 1.114655070289950E-16 6.387459169367930E-02 1.351340185740168E-17 2.505497789592182E-16 -2.251667250744242E-16 -1.367187500000000E-01 -4.849228105680816E-16 2.359466108272848E-16 9.410082208063207E-01 -2.480297691128516E-16 1.538085937500002E-01 
6.175446114202542E-17 2.993993620732927E-16 1.854865184958823E-16 0.000000000000000E+00 -2.197265624999999E-02 -8.639953273836525E-17 -7.246225331628513E-16 -2.505497789592182E-16 6.387459169367928E-02 -3.254324622626019E-17 7.328638793176221E-17 -1.367187499999996E-01 3.562863672030456E-16 9.410082208063205E-01 1.538085937499997E-01 
9.607725996099384E-17 4.913246047231781E-18 2.728835883445341E-16 3.916387916918574E-16 -3.742277108238208E-17 2.013933760081284E-18 2.426914127018200E-16 0.000000000000000E+00 6.222147446726387E-17 3.254324622626019E-17 8.431750023203581E-32 -1.572977405515232E-16 1.039684915530284E-16 1.322825435268542E-16 1.000000000000000E+00 
% number of plot elements
64
% number of vertices per plot elements
3
% triangulation of plot nodes
7 16 8
38 41 37
31 25 26
31 25 30
1 2 10
1 9 0
1 9 10
24 25 30
5 13 4
19 25 26
15 7 16
33 38 34
33 38 37
42 43 44
35 31 30
17 9 10
20 27 21
20 13 21
20 27 26
20 19 26
6 15 7
23 29 22
23 15 16
23 15 22
28 27 21
28 29 22
28 22 21
28 29 34
28 33 34
28 33 27
32 27 26
32 31 26
32 33 27
32 33 37
40 43 41
40 41 37
40 42 39
40 42 43
18 24 25
18 19 25
18 17 24
18 17 10
12 3 4
12 13 4
12 20 13
12 20 19
14 13 21
14 22 21
14 5 13
14 15 22
14 6 5
14 6 15
36 32 31
36 35 31
36 35 39
36 32 37
36 40 37
36 40 39
11 3 2
11 18 19
11 2 10
11 18 10
11 12 19
11 12 3
% number of volume cubature nodes
36
% cubature interpolation matrix
-6.585060228379466E-02 1.019899193229733E-01 -5.665131144856626E-02 -7.152333715468581E-02 5.227843025106289E-02 1.019899193229735E-01 -2.708123950537921E-01 5.417891281019744E-01 -1.172896475637163E-01 -5.665131144856617E-02 5.417891281019744E-01 4.354766343195021E-01 -7.152333715468596E-02 -1.172896475637165E-01 5.227843025106303E-02 
5.227843025106299E-02 -7.152333715468601E-02 -5.665131144856621E-02 1.019899193229736E-01 -6.585060228379461E-02 -1.172896475637166E-01 5.417891281019745E-01 -2.708123950537924E-01 1.019899193229736E-01 4.354766343195021E-01 5.417891281019748E-01 -5.665131144856649E-02 -1.172896475637165E-01 -7.152333715468595E-02 5.227843025106304E-02 
5.227843025106299E-02 -1.172896475637165E-01 4.354766343195022E-01 -1.172896475637166E-01 5.227843025106300E-02 -7.152333715468599E-02 5.417891281019747E-01 5.417891281019750E-01 -7.152333715468601E-02 -5.665131144856630E-02 -2.708123950537926E-01 -5.665131144856624E-02 1.019899193229737E-01 1.019899193229736E-01 -6.585060228379473E-02 
5.949274962437629E-03 -1.035190941145306E-02 -1.387570489397087E-02 -1.038204815822355E-01 6.629684298587664E-02 -1.035190941145307E-02 6.548853983129027E-02 5.934523300941219E-01 -1.284739966755197E-01 -1.387570489397079E-02 5.934523300941221E-01 1.221080241726331E-01 -1.038204815822355E-01 -1.284739966755198E-01 6.629684298587669E-02 
6.629684298587668E-02 -1.038204815822356E-01 -1.387570489397086E-02 -1.035190941145306E-02 5.949274962437649E-03 -1.284739966755200E-01 5.934523300941220E-01 6.548853983129002E-02 -1.035190941145303E-02 1.221080241726334E-01 5.934523300941221E-01 -1.387570489397100E-02 -1.284739966755199E-01 -1.038204815822355E-01 6.629684298587671E-02 
6.629684298587660E-02 -1.284739966755198E-01 1.221080241726333E-01 -1.284739966755200E-01 6.629684298587667E-02 -1.038204815822355E-01 5.934523300941221E-01 5.934523300941223E-01 -1.038204815822355E-01 -1.387570489397083E-02 6.548853983128983E-02 -1.387570489397086E-02 -1.035190941145306E-02 -1.035190941145305E-02 5.949274962437607E-03 
-6.433718506387447E-02 4.129487513442464E-01 -1.593123164231204E-01 1.069645096675540E-01 -4.395242996449354E-02 4.129487513442466E-01 6.005364957277496E-01 -1.212888182965619E-01 2.625730568138282E-02 -1.593123164231203E-01 -1.212888182965621E-01 2.056668531810988E-02 1.069645096675541E-01 2.625730568138272E-02 -4.395242996449353E-02 
-4.395242996449360E-02 1.069645096675543E-01 -1.593123164231205E-01 4.129487513442464E-01 -6.433718506387405E-02 2.625730568138287E-02 -1.212888182965622E-01 6.005364957277474E-01 4.129487513442482E-01 2.056668531810982E-02 -1.212888182965614E-01 -1.593123164231202E-01 2.625730568138262E-02 1.069645096675538E-01 -4.395242996449344E-02 
-4.395242996449358E-02 2.625730568138310E-02 2.056668531810994E-02 2.625730568138265E-02 -4.395242996449340E-02 1.069645096675544E-01 -1.212888182965623E-01 -1.212888182965615E-01 1.069645096675538E-01 -1.593123164231209E-01 6.005364957277477E-01 -1.593123164231200E-01 4.129487513442464E-01 4.129487513442483E-01 -6.433718506387423E-02 
9.064481348917731E-04 -1.890738833608303E-03 6.895069458657074E-04 -7.157221107556374E-04 3.469047549748976E-04 -1.890738833608236E-03 9.994848193675837E-01 1.874472341888696E-03 -4.057966262967426E-04 6.895069458657159E-04 1.874472341888434E-03 -1.885204466126480E-04 -7.157221107556560E-04 -4.057966262967459E-04 3.469047549748402E-04 
3.469047549748816E-04 -7.157221107556308E-04 6.895069458657456E-04 -1.890738833608334E-03 9.064481348917625E-04 -4.057966262967639E-04 1.874472341888763E-03 9.994848193675837E-01 -1.890738833608232E-03 -1.885204466126580E-04 1.874472341888507E-03 6.895069458657250E-04 -4.057966262967230E-04 -7.157221107556294E-04 3.469047549748492E-04 
3.469047549748650E-04 -4.057966262967897E-04 -1.885204466126117E-04 -4.057966262967933E-04 3.469047549748969E-04 -7.157221107557209E-04 1.874472341888614E-03 1.874472341888540E-03 -7.157221107556587E-04 6.895069458657958E-04 9.994848193675839E-01 6.895069458656805E-04 -1.890738833608256E-03 -1.890738833608289E-03 9.064481348917751E-04 
5.723227502319088E-01 2.671810137045653E-01 -1.050548914098083E-01 5.800817347114770E-02 -2.121879948544888E-02 2.671810137045654E-01 4.774030885367474E-02 -1.310108145079573E-02 2.836197971433242E-03 -1.050548914098083E-01 -1.310108145079594E-02 2.635715312229961E-03 5.800817347114789E-02 2.836197971433235E-03 -2.121879948544898E-02 
-2.121879948544904E-02 5.800817347114850E-02 -1.050548914098099E-01 2.671810137045698E-01 5.723227502319054E-01 2.836197971433265E-03 -1.310108145079580E-02 4.774030885367524E-02 2.671810137045646E-01 2.635715312229963E-03 -1.310108145079593E-02 -1.050548914098081E-01 2.836197971433281E-03 5.800817347114780E-02 -2.121879948544900E-02 
-2.121879948544925E-02 2.836197971433360E-03 2.635715312230179E-03 2.836197971433071E-03 -2.121879948544893E-02 5.800817347114868E-02 -1.310108145079585E-02 -1.310108145079559E-02 5.800817347114781E-02 -1.050548914098100E-01 4.774030885367485E-02 -1.050548914098081E-01 2.671810137045698E-01 2.671810137045648E-01 5.723227502319055E-01 
-3.243587989583184E-02 4.914566471917912E-02 -2.428072417556414E-02 -1.738477173938880E-02 1.418137749192030E-02 4.914566471917911E-02 -1.227545413007318E-01 1.613640029035220E-01 -3.493301369174435E-02 -2.428072417556406E-02 1.613640029035220E-01 8.590053501807160E-01 -1.738477173938883E-02 -3.493301369174456E-02 1.418137749192030E-02 
1.418137749191994E-02 -1.738477173938864E-02 -2.428072417556389E-02 4.914566471917847E-02 -3.243587989583131E-02 -3.493301369174340E-02 1.613640029035193E-01 -1.227545413007302E-01 4.914566471917837E-02 8.590053501807192E-01 1.613640029035190E-01 -2.428072417556399E-02 -3.493301369174447E-02 -1.738477173938857E-02 1.418137749192023E-02 
1.418137749191987E-02 -3.493301369174331E-02 8.590053501807191E-01 -3.493301369174458E-02 1.418137749192022E-02 -1.738477173938857E-02 1.613640029035193E-01 1.613640029035191E-01 -1.738477173938863E-02 -2.428072417556396E-02 -1.227545413007305E-01 -2.428072417556381E-02 4.914566471917848E-02 4.914566471917839E-02 -3.243587989583128E-02 
-2.500337172750357E-02 6.964160170894869E-02 -1.359810659537976E-01 8.270045096156294E-01 7.464044989128706E-02 4.300520631627034E-03 -2.521364563563246E-02 1.634923621269976E-01 1.276022535167149E-01 6.927788528735981E-03 -5.282580369733964E-02 -8.073191748340625E-02 1.310306763280960E-02 5.671845200255040E-02 -2.367520115762164E-02 
-2.500337172750346E-02 4.300520631627301E-03 6.927788528736501E-03 1.310306763280991E-02 -2.367520115762167E-02 6.964160170894879E-02 -2.521364563563256E-02 -5.282580369733954E-02 5.671845200255059E-02 -1.359810659537978E-01 1.634923621269977E-01 -8.073191748340647E-02 8.270045096156298E-01 1.276022535167151E-01 7.464044989128694E-02 
7.464044989128543E-02 8.270045096156302E-01 -1.359810659537967E-01 6.964160170894827E-02 -2.500337172750346E-02 1.276022535167149E-01 1.634923621269990E-01 -2.521364563563248E-02 4.300520631627057E-03 -8.073191748340661E-02 -5.282580369734031E-02 6.927788528736066E-03 5.671845200255078E-02 1.310306763280979E-02 -2.367520115762175E-02 
7.464044989128547E-02 1.276022535167146E-01 -8.073191748340636E-02 5.671845200255054E-02 -2.367520115762166E-02 8.270045096156305E-01 1.634923621269986E-01 -5.282580369734034E-02 1.310306763280972E-02 -1.359810659537969E-01 -2.521364563563251E-02 6.927788528736120E-03 6.964160170894840E-02 4.300520631626985E-03 -2.500337172750344E-02 
-2.367520115762163E-02 1.310306763281005E-02 6.927788528736057E-03 4.300520631626923E-03 -2.500337172750333E-02 5.671845200255072E-02 -5.282580369734002E-02 -2.521364563563256E-02 6.964160170894812E-02 -8.073191748340647E-02 1.634923621269988E-01 -1.359810659537964E-01 1.276022535167148E-01 8.270045096156301E-01 7.464044989128513E-02 
-2.367520115762172E-02 5.671845200255086E-02 -8.073191748340648E-02 1.276022535167148E-01 7.464044989128552E-02 1.310306763281003E-02 -5.282580369734037E-02 1.634923621269982E-01 8.270045096156304E-01 6.927788528736107E-03 -2.521364563563219E-02 -1.359810659537967E-01 4.300520631627029E-03 6.964160170894837E-02 -2.500337172750349E-02 
3.742690073644422E-02 -9.704561359073945E-02 2.235632967325815E-01 3.141350590672432E-01 -7.645642277824306E-02 -2.043929670278748E-02 7.796461503914810E-02 7.104601724398228E-01 5.576971594176656E-02 2.847512617725053E-03 -2.296960178206322E-01 -1.269936389903344E-01 6.612545952666246E-02 1.246588606091389E-01 -6.232060282779615E-02 
3.742690073644413E-02 -2.043929670278757E-02 2.847512617725252E-03 6.612545952666243E-02 -6.232060282779608E-02 -9.704561359073960E-02 7.796461503914784E-02 -2.296960178206323E-01 1.246588606091389E-01 2.235632967325811E-01 7.104601724398234E-01 -1.269936389903346E-01 3.141350590672435E-01 5.576971594176678E-02 -7.645642277824313E-02 
-7.645642277824308E-02 3.141350590672431E-01 2.235632967325811E-01 -9.704561359073965E-02 3.742690073644412E-02 5.576971594176675E-02 7.104601724398232E-01 7.796461503914830E-02 -2.043929670278753E-02 -1.269936389903347E-01 -2.296960178206326E-01 2.847512617725173E-03 1.246588606091391E-01 6.612545952666245E-02 -6.232060282779617E-02 
-7.645642277824306E-02 5.576971594176671E-02 -1.269936389903346E-01 1.246588606091390E-01 -6.232060282779608E-02 3.141350590672432E-01 7.104601724398232E-01 -2.296960178206324E-01 6.612545952666238E-02 2.235632967325811E-01 7.796461503914821E-02 2.847512617725129E-03 -9.704561359073964E-02 -2.043929670278763E-02 3.742690073644413E-02 
-6.232060282779611E-02 6.612545952666232E-02 2.847512617725177E-03 -2.043929670278749E-02 3.742690073644413E-02 1.246588606091390E-01 -2.296960178206323E-01 7.796461503914794E-02 -9.704561359073967E-02 -1.269936389903346E-01 7.104601724398231E-01 2.235632967325813E-01 5.576971594176689E-02 3.141350590672435E-01 -7.645642277824327E-02 
-6.232060282779609E-02 1.246588606091391E-01 -1.269936389903346E-01 5.576971594176694E-02 -7.645642277824312E-02 6.612545952666254E-02 -2.296960178206321E-01 7.104601724398232E-01 3.141350590672433E-01 2.847512617725281E-03 7.796461503914820E-02 2.235632967325809E-01 -2.043929670278757E-02 -9.704561359073956E-02 3.742690073644416E-02 
-2.233259288405907E-02 4.397598549882061E-02 -4.244793548529723E-02 1.893131022974460E-02 -1.220129330387908E-01 2.315136251995559E-02 -7.546266349638746E-02 1.690432582209425E-01 6.372941610835211E-01 3.136267510728932E-04 2.521727107163993E-02 4.566308535934095E-01 -6.272171677471950E-03 -1.593447552810036E-01 5.331522289390340E-02 
-2.233259288405894E-02 2.315136251995536E-02 3.136267510727133E-04 -6.272171677471748E-03 5.331522289390340E-02 4.397598549882036E-02 -7.546266349638724E-02 2.521727107163963E-02 -1.593447552810037E-01 -4.244793548529729E-02 1.690432582209423E-01 4.566308535934098E-01 1.893131022974472E-02 6.372941610835215E-01 -1.220129330387911E-01 
-1.220129330387909E-01 1.893131022974449E-02 -4.244793548529712E-02 4.397598549882019E-02 -2.233259288405889E-02 6.372941610835215E-01 1.690432582209421E-01 -7.546266349638714E-02 2.315136251995531E-02 4.566308535934099E-01 2.521727107164010E-02 3.136267510726950E-04 -1.593447552810038E-01 -6.272171677471870E-03 5.331522289390338E-02 
-1.220129330387909E-01 6.372941610835215E-01 4.566308535934098E-01 -1.593447552810038E-01 5.331522289390326E-02 1.893131022974456E-02 1.690432582209421E-01 2.521727107163990E-02 -6.272171677471754E-03 -4.244793548529704E-02 -7.546266349638708E-02 3.136267510726581E-04 4.397598549882033E-02 2.315136251995542E-02 -2.233259288405895E-02 
5.331522289390340E-02 -6.272171677471867E-03 3.136267510727908E-04 2.315136251995530E-02 -2.233259288405887E-02 -1.593447552810038E-01 2.521727107163969E-02 -7.546266349638682E-02 4.397598549882006E-02 4.566308535934102E-01 1.690432582209415E-01 -4.244793548529682E-02 6.372941610835218E-01 1.893131022974427E-02 -1.220129330387909E-01 
5.331522289390338E-02 -1.593447552810039E-01 4.566308535934103E-01 6.372941610835217E-01 -1.220129330387909E-01 -6.272171677471848E-03 2.521727107163965E-02 1.690432582209413E-01 1.893131022974425E-02 3.136267510727305E-04 -7.546266349638649E-02 -4.244793548529675E-02 2.315136251995534E-02 4.397598549882006E-02 -2.233259288405886E-02 
% cubature r weak differentiation matrix
4.642388968127455E-01 1.299654739612387E+00 1.299654739612389E+00 -1.937021065478072E+00 -8.176695037831143E-02 -8.176695037831168E-02 -4.072379130749648E+00 3.836747820961716E-01 3.836747820961720E-01 3.041827500561615E+00 -2.230398683603959E+00 -2.230398683603959E+00 -6.202727105240037E+00 1.233290140428601E+00 1.233290140428600E+00 3.709176279811213E+00 1.159676775312168E+00 1.159676775312168E+00 -2.401412761387578E-02 -2.401412761387861E-02 -5.237291146013156E+00 -5.237291146013160E+00 2.436595957001920E+00 2.436595957001921E+00 -1.588307022218953E+00 -1.588307022218953E+00 1.540020217796700E+00 1.540020217796698E+00 1.479728770574464E+00 1.479728770574461E+00 2.709915387958989E+00 2.709915387958989E+00 1.361043601001368E-02 1.361043601001471E-02 -5.959469648219372E-01 -5.959469648219373E-01 
-3.797161964310153E-01 -6.013571343166346E-01 -4.514718047983683E-01 5.446006442684576E-01 5.239036883382760E-02 3.852490005901523E-01 1.036807414533086E+00 -1.454109705076455E-01 6.540676542210975E-01 -3.960240727377878E-01 1.002729812857160E+00 5.681842546920747E-02 1.452858221040255E+00 -5.199626808718297E-01 8.141631976074074E-01 -1.238126357090289E+00 -5.617285293660521E-01 -1.019144529591640E+00 9.174457409862406E-02 4.665859679528782E-01 4.728972089230079E-01 1.916326875597710E+00 8.157327237241074E-01 -1.121564031993960E+00 8.392432857822139E-01 -5.600969171029563E-01 -1.379244154917890E+00 5.597276053864702E-01 1.445747407637570E-02 -8.127997754341936E-01 -1.232099874542649E+00 -1.338013576251616E-01 6.909080086117938E-01 -1.109871775605937E+00 -4.643975068716731E-01 2.595092062317461E-01 
-5.221349017497772E-02 5.221349017497819E-02 0.000000000000000E+00 -1.159533821937349E-01 1.159533821937350E-01 0.000000000000000E+00 -2.785033695528630E-01 2.785033695528716E-01 -4.758073487068167E-15 3.295141365103482E-01 -3.295141365103484E-01 0.000000000000000E+00 -4.647510778542898E-01 4.647510778542855E-01 1.954554029190004E-15 1.593437190311902E-01 -1.593437190311933E-01 2.492793682826333E-15 -4.412970946749767E-01 6.133387780364467E-01 4.412970946749813E-01 -1.246744852263377E+00 -6.133387780364479E-01 1.246744852263377E+00 -1.258608428658816E+00 8.713357391082507E-01 1.258608428658816E+00 -1.059319760706448E+00 -8.713357391082507E-01 1.059319760706448E+00 1.093135026672296E+00 -7.179995701266783E-01 -1.093135026672297E+00 9.627133047274830E-01 7.179995701266783E-01 -9.627133047274830E-01 
6.013571343166334E-01 3.797161964310132E-01 4.514718047983681E-01 -5.239036883382725E-02 -5.446006442684568E-01 -3.852490005901513E-01 1.454109705076381E-01 -1.036807414533097E+00 -6.540676542210931E-01 -1.002729812857159E+00 3.960240727377883E-01 -5.681842546920709E-02 5.199626808718337E-01 -1.452858221040246E+00 -8.141631976074069E-01 5.617285293660500E-01 1.238126357090294E+00 1.019144529591635E+00 -4.728972089230156E-01 -8.157327237241095E-01 -9.174457409862716E-02 1.121564031993960E+00 -4.665859679528729E-01 -1.916326875597709E+00 1.379244154917890E+00 -1.445747407637676E-02 -8.392432857822143E-01 8.127997754341938E-01 5.600969171029565E-01 -5.597276053864705E-01 -6.909080086117941E-01 4.643975068716723E-01 1.232099874542649E+00 -2.595092062317468E-01 1.338013576251610E-01 1.109871775605937E+00 
-1.299654739612389E+00 -4.642388968127430E-01 -1.299654739612389E+00 8.176695037831198E-02 1.937021065478071E+00 8.176695037831168E-02 -3.836747820961550E-01 4.072379130749683E+00 -3.836747820961539E-01 2.230398683603960E+00 -3.041827500561615E+00 2.230398683603959E+00 -1.233290140428608E+00 6.202727105240017E+00 -1.233290140428607E+00 -1.159676775312164E+00 -3.709176279811237E+00 -1.159676775312164E+00 5.237291146013185E+00 -2.436595957001921E+00 2.401412761388385E-02 -2.436595957001921E+00 2.401412761388415E-02 5.237291146013160E+00 -1.540020217796701E+00 -1.479728770574462E+00 1.588307022218953E+00 -1.479728770574464E+00 1.588307022218952E+00 -1.540020217796700E+00 -1.361043601001500E-02 5.959469648219377E-01 -2.709915387958993E+00 5.959469648219378E-01 -2.709915387958991E+00 -1.361043601001538E-02 
-5.928099450855443E-01 -7.346968079622862E-01 4.551163937436539E-01 5.821506229459085E-01 7.298372403296884E-01 6.101774457526622E-01 -2.902562127789672E+00 2.830291627951276E-01 -1.039572994052232E-01 -4.899230440908874E-01 -2.589103560377998E-01 1.173342169352668E+00 -1.548555441392636E+00 9.660709411726460E-01 -5.461406573631691E-01 -1.162129926298242E+00 -1.766810194506602E+00 2.736629904337869E-01 2.139748706833471E-01 1.437187249984966E-01 -7.069677880936716E-01 -3.504657365245385E+00 -1.162267987633573E+00 1.056915013571887E+00 -7.954292584833014E-01 1.019697724015005E+00 4.999234041803797E-01 -3.876446479637692E+00 -8.735097980500800E-01 -2.099630005724505E-01 4.232702113272249E-02 -1.236262547320621E+00 -3.149898264397524E+00 6.835188181961813E-01 2.978576133185679E-01 -5.522790101135093E-01 
2.656777421773876E-01 4.773109508371426E-01 -4.495846269046896E-01 -5.730433066919753E-01 -4.934160140584517E-01 -7.091797068264454E-01 5.511944365686999E-01 3.900040255114420E-02 -1.347098083932932E-01 -1.496160854721588E-01 -4.257622840855373E-01 -4.588950917155475E-01 1.412810903527834E-01 -1.141134868310019E-01 -1.171097492875274E-01 8.202498214565890E-01 9.973808189376316E-01 3.364237360166038E-02 -1.953610690483625E-03 -1.594702436033212E-01 3.665948780367588E-02 6.981456014274504E-01 9.978850524819509E-02 5.191287075799079E-02 -5.891073136753471E-02 -7.116583921112590E-03 -1.640306235289127E-01 1.126074698934280E+00 2.989582732499791E-01 3.359454252663339E-01 4.077134040769895E-01 4.703900551387623E-01 9.794475305649667E-01 -6.545753886782947E-02 1.905420506703464E-01 1.278064749249094E-01 
-4.773109508371434E-01 -2.656777421773869E-01 4.495846269046895E-01 4.934160140584517E-01 5.730433066919752E-01 7.091797068264454E-01 -3.900040255114396E-02 -5.511944365687035E-01 1.347098083932952E-01 4.257622840855373E-01 1.496160854721588E-01 4.588950917155476E-01 1.141134868310024E-01 -1.412810903527825E-01 1.171097492875265E-01 -9.973808189376265E-01 -8.202498214565931E-01 -3.364237360166091E-02 -3.665948780367655E-02 -9.978850524819395E-02 1.953610690482646E-03 -5.191287075799100E-02 1.594702436033207E-01 -6.981456014274502E-01 1.640306235289127E-01 -2.989582732499787E-01 5.891073136753481E-02 -3.359454252663339E-01 7.116583921112331E-03 -1.126074698934279E+00 -9.794475305649657E-01 -1.905420506703459E-01 -4.077134040769901E-01 -1.278064749249093E-01 -4.703900551387628E-01 6.545753886782940E-02 
7.346968079622879E-01 5.928099450855435E-01 -4.551163937436539E-01 -7.298372403296888E-01 -5.821506229459082E-01 -6.101774457526622E-01 -2.830291627951199E-01 2.902562127789690E+00 1.039572994052131E-01 2.589103560378001E-01 4.899230440908869E-01 -1.173342169352668E+00 -9.660709411726510E-01 1.548555441392629E+00 5.461406573631731E-01 1.766810194506590E+00 1.162129926298246E+00 -2.736629904337831E-01 7.069677880936803E-01 1.162267987633573E+00 -2.139748706833408E-01 -1.056915013571887E+00 -1.437187249984994E-01 3.504657365245385E+00 -4.999234041803802E-01 8.735097980500791E-01 7.954292584833015E-01 2.099630005724501E-01 -1.019697724015004E+00 3.876446479637691E+00 3.149898264397522E+00 -2.978576133185685E-01 -4.232702113272273E-02 5.522790101135094E-01 1.236262547320622E+00 -6.835188181961813E-01 
3.036148403142597E-01 -3.322435717100411E+00 3.558283304892386E-01 6.272036900868944E-01 -1.827374927189166E-01 7.431570722806292E-01 -4.762291296878710E-02 -2.436821213102333E-01 2.308804565840891E-01 1.763288204240461E-01 5.479649547747535E-02 -1.531853160863020E-01 1.289585484430879E-01 5.156825610193569E-01 5.937096262973730E-01 -1.896561506277640E-01 -4.042360591654572E+00 -3.489998696589570E-01 4.102110644700829E-01 -8.460590925814363E-01 1.864834554752811E-01 -4.047619979064627E-01 1.433228307738660E+00 -2.031277135663677E-01 -1.572414724119064E-01 -3.183895005268421E+00 3.559859198156797E-01 -1.925286576609605E+00 1.415305680522129E+00 -1.028577211520157E+00 -8.500975462371607E-01 1.043447871755065E+00 -1.712798758605392E+00 -4.968715491723250E-02 -2.675512063332874E+00 -1.320979761104827E-01 
-9.268955777418321E-01 9.268955777418317E-01 0.000000000000000E+00 -2.157636927679937E-01 2.157636927679938E-01 0.000000000000000E+00 -1.737102109444378E-01 1.737102109444384E-01 -5.494879712203983E-15 -3.313280763001000E-02 3.313280763000998E-02 0.000000000000000E+00 -2.996262456524795E-03 2.996262456524625E-03 1.933652904376342E-15 -9.637384453359670E-01 9.637384453359688E-01 1.323136390016183E-16 -4.787563449020436E-02 6.614861136237723E-01 4.787563449020452E-02 -1.575166329128377E-01 -6.614861136237743E-01 1.575166329128377E-01 3.698715201635458E-02 1.290105322463192E+00 -3.698715201635461E-02 5.179414744642217E-02 -1.290105322463192E+00 -5.179414744642213E-02 -6.273557574543689E-02 -1.044905069432795E+00 6.273557574543681E-02 6.267665106177304E-02 1.044905069432795E+00 -6.267665106177302E-02 
3.322435717100412E+00 -3.036148403142602E-01 -3.558283304892386E-01 1.827374927189162E-01 -6.272036900868942E-01 -7.431570722806292E-01 2.436821213102333E-01 4.762291296878956E-02 -2.308804565840701E-01 -5.479649547747500E-02 -1.763288204240465E-01 1.531853160863020E-01 -5.156825610193587E-01 -1.289585484430877E-01 -5.937096262973794E-01 4.042360591654560E+00 1.896561506277678E-01 3.489998696589574E-01 -1.864834554752817E-01 -1.433228307738660E+00 -4.102110644700802E-01 2.031277135663677E-01 8.460590925814431E-01 4.047619979064627E-01 -3.559859198156796E-01 -1.415305680522129E+00 1.572414724119065E-01 1.028577211520158E+00 3.183895005268423E+00 1.925286576609605E+00 1.712798758605391E+00 2.675512063332873E+00 8.500975462371617E-01 1.320979761104826E-01 -1.043447871755065E+00 4.968715491723256E-02 
1.056473528060287E+00 -2.832250031639165E-01 -2.130937486545288E-01 5.577870769188333E-01 3.445882397395352E-01 3.754997867744990E-02 4.145367110242287E-02 -3.710384914259720E-01 -3.939369542322763E+00 1.706123564955064E-01 -3.157287815070063E-01 -9.389897135309974E-02 -2.617797649133910E-02 1.519077435652399E-01 -3.001413662432883E+00 8.353915197998356E-01 -7.476656649149560E-01 7.599643079204979E-02 2.411822898477802E-01 -3.977554574168395E+00 -4.070395563961252E-02 5.197415089987235E-02 -2.623294663691381E+00 -2.526110972695328E-01 -2.244204746488241E-01 -2.497202324719798E+00 -6.071002261588497E-02 1.804544382327903E-01 -5.980420120609246E-02 -2.353323413803439E-01 -8.788150324183547E-02 -7.389190415614231E-03 3.834840708682279E-02 -4.162672777971411E-03 -2.040026488791582E+00 1.761283787578853E-01 
2.832250031639165E-01 -1.056473528060288E+00 2.130937486545291E-01 -3.445882397395358E-01 -5.577870769188342E-01 -3.754997867744985E-02 3.710384914259720E-01 -4.145367110242305E-02 3.939369542322778E+00 3.157287815070068E-01 -1.706123564955064E-01 9.389897135309874E-02 -1.519077435652403E-01 2.617797649133907E-02 3.001413662432882E+00 7.476656649149542E-01 -8.353915197998373E-01 -7.599643079205018E-02 4.070395563961257E-02 2.623294663691394E+00 -2.411822898477800E-01 2.526110972695331E-01 3.977554574168392E+00 -5.197415089987228E-02 6.071002261588516E-02 5.980420120609248E-02 2.244204746488244E-01 2.353323413803443E-01 2.497202324719800E+00 -1.804544382327905E-01 -3.834840708682277E-02 2.040026488791583E+00 8.788150324183576E-02 -1.761283787578855E-01 7.389190415613797E-03 4.162672777971311E-03 
0.000000000000000E+00 0.000000000000000E+00 0.000000000000000E+00 0.000000000000000E+00 0.000000000000000E+00 0.000000000000000E+00 0.000000000000000E+00 0.000000000000000E+00 0.000000000000000E+00 0.000000000000000E+00 0.000000000000000E+00 0.000000000000000E+00 0.000000000000000E+00 0.000000000000000E+00 0.000000000000000E+00 0.000000000000000E+00 0.000000000000000E+00 0.000000000000000E+00 0.000000000000000E+00 0.000000000000000E+00 0.000000000000000E+00 0.000000000000000E+00 0.000000000000000E+00 0.000000000000000E+00 0.000000000000000E+00 0.000000000000000E+00 0.000000000000000E+00 0.000000000000000E+00 0.000000000000000E+00 0.000000000000000E+00 0.000000000000000E+00 0.000000000000000E+00 0.000000000000000E+00 0.000000000000000E+00 0.000000000000000E+00 0.000000000000000E+00 
% cubature s weak differentiation matrix
4.642388968127463E-01 1.299654739612388E+00 1.299654739612388E+00 -1.937021065478070E+00 -8.176695037831058E-02 -8.176695037831076E-02 -4.072379130749647E+00 3.836747820961695E-01 3.836747820961718E-01 3.041827500561616E+00 -2.230398683603958E+00 -2.230398683603959E+00 -6.202727105240036E+00 1.233290140428599E+00 1.233290140428600E+00 3.709176279811213E+00 1.159676775312167E+00 1.159676775312167E+00 -2.401412761387839E-02 -2.401412761387727E-02 -5.237291146013155E+00 -5.237291146013162E+00 2.436595957001920E+00 2.436595957001922E+00 -1.588307022218955E+00 -1.588307022218953E+00 1.540020217796702E+00 1.540020217796698E+00 1.479728770574464E+00 1.479728770574462E+00 2.709915387958991E+00 2.709915387958988E+00 1.361043601001321E-02 1.361043601001447E-02 -5.959469648219373E-01 -5.959469648219389E-01 
-5.928099450855434E-01 4.551163937436536E-01 -7.346968079622870E-01 5.821506229459085E-01 6.101774457526623E-01 7.298372403296883E-01 -2.902562127789670E+00 -1.039572994052237E-01 2.830291627951277E-01 -4.899230440908875E-01 1.173342169352668E+00 -2.589103560377996E-01 -1.548555441392634E+00 -5.461406573631692E-01 9.660709411726461E-01 -1.162129926298241E+00 2.736629904337868E-01 -1.766810194506603E+00 1.437187249984950E-01 2.139748706833467E-01 -3.504657365245383E+00 -7.069677880936703E-01 1.056915013571888E+00 -1.162267987633573E+00 1.019697724015004E+00 -7.954292584833010E-01 -3.876446479637691E+00 4.999234041803793E-01 -2.099630005724489E-01 -8.735097980500776E-01 -1.236262547320621E+00 4.232702113272322E-02 6.835188181961812E-01 -3.149898264397522E+00 -5.522790101135091E-01 2.978576133185678E-01 
3.036148403142602E-01 3.558283304892384E-01 -3.322435717100411E+00 6.272036900868945E-01 7.431570722806293E-01 -1.827374927189162E-01 -4.762291296878699E-02 2.308804565840878E-01 -2.436821213102332E-01 1.763288204240469E-01 -1.531853160863016E-01 5.479649547747518E-02 1.289585484430876E-01 5.937096262973718E-01 5.156825610193574E-01 -1.896561506277629E-01 -3.489998696589565E-01 -4.042360591654572E+00 -8.460590925814361E-01 4.102110644700830E-01 -4.047619979064631E-01 1.864834554752811E-01 -2.031277135663676E-01 1.433228307738659E+00 -3.183895005268421E+00 -1.572414724119068E-01 -1.925286576609604E+00 3.559859198156800E-01 -1.028577211520158E+00 1.415305680522128E+00 1.043447871755064E+00 -8.500975462371607E-01 -4.968715491723241E-02 -1.712798758605391E+00 -1.320979761104829E-01 -2.675512063332874E+00 
1.056473528060286E+00 -2.130937486545282E-01 -2.832250031639157E-01 5.577870769188331E-01 3.754997867745019E-02 3.445882397395355E-01 4.145367110242195E-02 -3.939369542322761E+00 -3.710384914259713E-01 1.706123564955068E-01 -9.389897135310001E-02 -3.157287815070062E-01 -2.617797649133977E-02 -3.001413662432882E+00 1.519077435652401E-01 8.353915197998349E-01 7.599643079204994E-02 -7.476656649149547E-01 -3.977554574168394E+00 2.411822898477800E-01 5.197415089987101E-02 -4.070395563961259E-02 -2.526110972695326E-01 -2.623294663691380E+00 -2.497202324719793E+00 -2.244204746488245E-01 1.804544382327901E-01 -6.071002261588425E-02 -2.353323413803433E-01 -5.980420120609320E-02 -7.389190415614915E-03 -8.788150324183532E-02 -4.162672777970828E-03 3.834840708682254E-02 1.761283787578850E-01 -2.040026488791580E+00 
5.674690373949990E-16 5.361861556040714E-16 -4.669591141981460E-16 6.661504411493503E-16 1.325842424630268E-15 6.910123711740913E-16 -1.098453630588823E-15 1.891730995039854E-15 3.398005294729059E-16 8.782296775864174E-16 1.081984454600253E-15 -3.082456987995635E-16 -1.345272762662683E-15 8.936882215132919E-16 9.095847976979911E-16 -1.183574453762606E-15 -4.981957247598404E-16 -1.566766973622076E-15 1.074848824046647E-15 1.691813190226490E-16 -2.126598195406710E-15 -3.441553077340129E-16 1.918406847326913E-16 -2.357969609791648E-15 1.127218656413218E-15 -1.085990575710955E-15 -1.568350654383127E-15 9.911285075508349E-16 2.780178215098821E-16 -1.076984927896270E-15 -9.811451601530704E-16 3.739479911765471E-18 4.493988956315341E-16 -1.383837081467984E-15 -7.039924089166170E-16 5.994534963305738E-16 
-3.797161964310158E-01 -4.514718047983685E-01 -6.013571343166346E-01 5.446006442684576E-01 3.852490005901525E-01 5.239036883382762E-02 1.036807414533085E+00 6.540676542210969E-01 -1.454109705076455E-01 -3.960240727377878E-01 5.681842546920694E-02 1.002729812857160E+00 1.452858221040255E+00 8.141631976074069E-01 -5.199626808718301E-01 -1.238126357090290E+00 -1.019144529591640E+00 -5.617285293660519E-01 4.665859679528789E-01 9.174457409862438E-02 1.916326875597710E+00 4.728972089230083E-01 -1.121564031993960E+00 8.157327237241062E-01 -5.600969171029567E-01 8.392432857822143E-01 5.597276053864700E-01 -1.379244154917890E+00 -8.127997754341956E-01 1.445747407637431E-02 -1.338013576251628E-01 -1.232099874542650E+00 -1.109871775605937E+00 6.909080086117942E-01 2.595092062317458E-01 -4.643975068716731E-01 
2.656777421773876E-01 -4.495846269046894E-01 4.773109508371424E-01 -5.730433066919750E-01 -7.091797068264453E-01 -4.934160140584514E-01 5.511944365686995E-01 -1.347098083932931E-01 3.900040255114415E-02 -1.496160854721587E-01 -4.588950917155475E-01 -4.257622840855375E-01 1.412810903527831E-01 -1.171097492875272E-01 -1.141134868310018E-01 8.202498214565889E-01 3.364237360166032E-02 9.973808189376315E-01 -1.594702436033213E-01 -1.953610690483560E-03 6.981456014274501E-01 3.665948780367562E-02 5.191287075799061E-02 9.978850524819548E-02 -7.116583921112965E-03 -5.891073136753470E-02 1.126074698934279E+00 -1.640306235289124E-01 3.359454252663338E-01 2.989582732499789E-01 4.703900551387626E-01 4.077134040769893E-01 -6.545753886782932E-02 9.794475305649661E-01 1.278064749249094E-01 1.905420506703458E-01 
-9.268955777418324E-01 -4.319442561215919E-18 9.268955777418321E-01 -2.157636927679936E-01 7.839064777693036E-17 2.157636927679938E-01 -1.737102109444377E-01 -5.481208584828325E-15 1.737102109444385E-01 -3.313280763001011E-02 1.715828225294870E-16 3.313280763001000E-02 -2.996262456524671E-03 1.647054461882721E-15 2.996262456524719E-03 -9.637384453359675E-01 1.311133872239442E-17 9.637384453359688E-01 6.614861136237719E-01 -4.787563449020445E-02 -1.575166329128377E-01 4.787563449020479E-02 1.575166329128379E-01 -6.614861136237747E-01 1.290105322463192E+00 3.698715201635463E-02 5.179414744642179E-02 -3.698715201635475E-02 -5.179414744642216E-02 -1.290105322463192E+00 -1.044905069432795E+00 -6.273557574543676E-02 6.267665106177303E-02 6.273557574543644E-02 -6.267665106177306E-02 1.044905069432795E+00 
2.832250031639185E-01 2.130937486545288E-01 -1.056473528060288E+00 -3.445882397395359E-01 -3.754997867745060E-02 -5.577870769188344E-01 3.710384914259718E-01 3.939369542322777E+00 -4.145367110242339E-02 3.157287815070070E-01 9.389897135309914E-02 -1.706123564955072E-01 -1.519077435652411E-01 3.001413662432881E+00 2.617797649133917E-02 7.476656649149572E-01 -7.599643079204961E-02 -8.353915197998373E-01 2.623294663691395E+00 4.070395563961261E-02 2.526110972695330E-01 -2.411822898477816E-01 -5.197415089987199E-02 3.977554574168393E+00 5.980420120608931E-02 6.071002261588488E-02 2.353323413803452E-01 2.244204746488246E-01 -1.804544382327906E-01 2.497202324719801E+00 2.040026488791585E+00 -3.834840708682227E-02 -1.761283787578856E-01 8.788150324183613E-02 4.162672777971488E-03 7.389190415612333E-03 
-5.221349017497805E-02 -1.215788946154419E-16 5.221349017497803E-02 -1.159533821937349E-01 2.653462045555642E-16 1.159533821937351E-01 -2.785033695528619E-01 -4.668688986797446E-15 2.785033695528719E-01 3.295141365103486E-01 2.828446355436105E-16 -3.295141365103482E-01 -4.647510778542897E-01 1.849358425238915E-15 4.647510778542862E-01 1.593437190311894E-01 2.144148450674472E-15 -1.593437190311936E-01 6.133387780364464E-01 -4.412970946749772E-01 -1.246744852263378E+00 4.412970946749817E-01 1.246744852263379E+00 -6.133387780364487E-01 8.713357391082510E-01 -1.258608428658816E+00 -1.059319760706449E+00 1.258608428658816E+00 1.059319760706450E+00 -8.713357391082507E-01 -7.179995701266786E-01 1.093135026672297E+00 9.627133047274832E-01 -1.093135026672297E+00 -9.627133047274835E-01 7.179995701266789E-01 
-4.773109508371432E-01 4.495846269046891E-01 -2.656777421773867E-01 4.934160140584515E-01 7.091797068264450E-01 5.730433066919750E-01 -3.900040255114380E-02 1.347098083932951E-01 -5.511944365687034E-01 4.257622840855375E-01 4.588950917155475E-01 1.496160854721586E-01 1.141134868310025E-01 1.171097492875264E-01 -1.412810903527824E-01 -9.973808189376258E-01 -3.364237360166075E-02 -8.202498214565928E-01 -9.978850524819384E-02 -3.665948780367630E-02 -5.191287075799086E-02 1.953610690482813E-03 -6.981456014274499E-01 1.594702436033206E-01 -2.989582732499787E-01 1.640306235289123E-01 -3.359454252663331E-01 5.891073136753470E-02 -1.126074698934280E+00 7.116583921112669E-03 -1.905420506703460E-01 -9.794475305649657E-01 -1.278064749249094E-01 -4.077134040769895E-01 6.545753886782933E-02 -4.703900551387626E-01 
3.322435717100412E+00 -3.558283304892383E-01 -3.036148403142605E-01 1.827374927189160E-01 -7.431570722806290E-01 -6.272036900868940E-01 2.436821213102328E-01 -2.308804565840693E-01 4.762291296878926E-02 -5.479649547747505E-02 1.531853160863017E-01 -1.763288204240461E-01 -5.156825610193589E-01 -5.937096262973787E-01 -1.289585484430881E-01 4.042360591654560E+00 3.489998696589571E-01 1.896561506277679E-01 -1.433228307738659E+00 -1.864834554752819E-01 2.031277135663679E-01 -4.102110644700810E-01 4.047619979064619E-01 8.460590925814443E-01 -1.415305680522128E+00 -3.559859198156798E-01 1.028577211520158E+00 1.572414724119068E-01 1.925286576609606E+00 3.183895005268421E+00 2.675512063332874E+00 1.712798758605390E+00 1.320979761104827E-01 8.500975462371617E-01 4.968715491723263E-02 -1.043447871755064E+00 
6.013571343166345E-01 4.514718047983682E-01 3.797161964310136E-01 -5.239036883382757E-02 -3.852490005901519E-01 -5.446006442684573E-01 1.454109705076369E-01 -6.540676542210934E-01 -1.036807414533098E+00 -1.002729812857160E+00 -5.681842546920753E-02 3.960240727377883E-01 5.199626808718337E-01 -8.141631976074074E-01 -1.452858221040247E+00 5.617285293660513E-01 1.019144529591635E+00 1.238126357090296E+00 -8.157327237241100E-01 -4.728972089230157E-01 1.121564031993960E+00 -9.174457409862695E-02 -1.916326875597710E+00 -4.665859679528740E-01 -1.445747407637555E-02 1.379244154917890E+00 8.127997754341932E-01 -8.392432857822140E-01 -5.597276053864708E-01 5.600969171029556E-01 4.643975068716723E-01 -6.909080086117938E-01 -2.595092062317462E-01 1.232099874542650E+00 1.109871775605937E+00 1.338013576251615E-01 
7.346968079622840E-01 -4.551163937436536E-01 5.928099450855430E-01 -7.298372403296883E-01 -6.101774457526612E-01 -5.821506229459067E-01 -2.830291627951200E-01 1.039572994052134E-01 2.902562127789691E+00 2.589103560378007E-01 -1.173342169352666E+00 4.899230440908861E-01 -9.660709411726515E-01 5.461406573631732E-01 1.548555441392632E+00 1.766810194506585E+00 -2.736629904337837E-01 1.162129926298243E+00 1.162267987633572E+00 7.069677880936811E-01 -1.056915013571889E+00 -2.139748706833414E-01 3.504657365245386E+00 -1.437187249984990E-01 8.735097980500786E-01 -4.999234041803793E-01 2.099630005724476E-01 7.954292584833015E-01 3.876446479637691E+00 -1.019697724015005E+00 -2.978576133185693E-01 3.149898264397520E+00 5.522790101135092E-01 -4.232702113272582E-02 -6.835188181961813E-01 1.236262547320621E+00 
-1.299654739612388E+00 -1.299654739612388E+00 -4.642388968127425E-01 8.176695037831146E-02 8.176695037831146E-02 1.937021065478071E+00 -3.836747820961535E-01 -3.836747820961535E-01 4.072379130749682E+00 2.230398683603959E+00 2.230398683603959E+00 -3.041827500561615E+00 -1.233290140428607E+00 -1.233290140428607E+00 6.202727105240015E+00 -1.159676775312163E+00 -1.159676775312163E+00 -3.709176279811233E+00 -2.436595957001919E+00 5.237291146013181E+00 -2.436595957001919E+00 2.401412761388383E-02 5.237291146013155E+00 2.401412761388383E-02 -1.479728770574459E+00 -1.540020217796698E+00 -1.479728770574459E+00 1.588307022218953E+00 -1.540020217796698E+00 1.588307022218953E+00 5.959469648219375E-01 -1.361043601001451E-02 5.959469648219375E-01 -2.709915387958989E+00 -1.361043601001451E-02 -2.709915387958989E+00 
% number of surface integration nodes per face
7
% surface integration interpolation matrix
7.643937937285444E-01 3.082665410350869E-01 -1.093000994560194E-01 5.659843178759589E-02 -1.995866709520773E-02 
1.370626239500501E-01 9.514732616641498E-01 -1.273991423835427E-01 5.920536387827347E-02 -2.034210710893044E-02 
-1.317289831653046E-01 7.339940232440427E-01 5.142678271004548E-01 -1.722057227387883E-01 5.567285555959503E-02 
2.262157143443838E-16 -6.736485646649085E-16 1.000000000000000E+00 5.761573203689267E-16 -1.628743294401860E-16 
5.567285555959516E-02 -1.722057227387886E-01 5.142678271004559E-01 7.339940232440426E-01 -1.317289831653046E-01 
-2.034210710893027E-02 5.920536387827305E-02 -1.273991423835419E-01 9.514732616641508E-01 1.370626239500493E-01 
-1.995866709520772E-02 5.659843178759622E-02 -1.093000994560192E-01 3.082665410350874E-01 7.643937937285443E-01 
7.643937937285443E-01 3.082665410350870E-01 -1.093000994560197E-01 5.659843178759579E-02 -1.995866709520778E-02 
1.370626239500500E-01 9.514732616641500E-01 -1.273991423835428E-01 5.920536387827333E-02 -2.034210710893044E-02 
-1.317289831653045E-01 7.339940232440429E-01 5.142678271004545E-01 -1.722057227387882E-01 5.567285555959518E-02 
2.030393991116599E-16 -5.251247195742778E-16 9.999999999999998E-01 4.835818495204690E-16 -1.314789273130466E-16 
5.567285555959518E-02 -1.722057227387885E-01 5.142678271004557E-01 7.339940232440425E-01 -1.317289831653049E-01 
-2.034210710893028E-02 5.920536387827283E-02 -1.273991423835417E-01 9.514732616641502E-01 1.370626239500489E-01 
-1.995866709520772E-02 5.659843178759585E-02 -1.093000994560196E-01 3.082665410350875E-01 7.643937937285438E-01 
-1.995866709520776E-02 5.659843178759580E-02 -1.093000994560193E-01 3.082665410350868E-01 7.643937937285447E-01 
-2.034210710893041E-02 5.920536387827319E-02 -1.273991423835427E-01 9.514732616641502E-01 1.370626239500501E-01 
5.567285555959516E-02 -1.722057227387885E-01 5.142678271004548E-01 7.339940232440434E-01 -1.317289831653046E-01 
-1.868279034600703E-16 2.697351265978232E-16 1.000000000000000E+00 -5.121095368955121E-16 1.396925868523201E-16 
-1.317289831653046E-01 7.339940232440425E-01 5.142678271004555E-01 -1.722057227387885E-01 5.567285555959514E-02 
1.370626239500493E-01 9.514732616641504E-01 -1.273991423835425E-01 5.920536387827324E-02 -2.034210710893036E-02 
7.643937937285439E-01 3.082665410350877E-01 -1.093000994560197E-01 5.659843178759595E-02 -1.995866709520780E-02 
% surface integration lift matrix
1.136355691006925E+01 6.067993379391565E+00 -3.156456762823775E+00 3.918367346938885E-01 9.590939365181542E-01 -1.005586352232715E+00 3.795621543836523E-01 9.711372462665235E-01 2.097790436169582E+00 2.863725378788391E+00 3.134693877551028E+00 2.863725378788395E+00 2.097790436169578E+00 9.711372462665199E-01 3.795621543836510E-01 -1.005586352232722E+00 9.590939365181478E-01 3.918367346938683E-01 -3.156456762823770E+00 6.067993379391533E+00 1.136355691006922E+01 
1.633167270917974E+00 6.550609137476442E+00 6.527048115970667E+00 7.276967930029147E-01 -7.144950626476062E-01 3.883004119444490E-01 -1.123266666648276E-01 -3.759824894146351E-01 -9.372244200905457E-01 -1.371045243418770E+00 -1.158950418038884E+00 -1.092443842767114E-01 9.548072394814280E-01 8.547825729009696E-01 4.679925735403049E-01 -9.575325801904020E-01 1.270973265643282E-01 1.662740505502440E+00 -1.519597871479009E+00 -2.188029248854748E+00 2.644721520599427E-01 
-8.444620094541193E-02 -1.244680102426361E-01 3.912995843841110E+00 7.591836734693891E+00 3.912995843841116E+00 -1.244680102426336E-01 -8.444620094541164E-02 2.044188291623102E-01 9.872939226324492E-01 1.513098553290988E+00 2.204081632653066E-01 -1.292468057586542E+00 -4.086696789138244E-01 6.509182681493106E-01 6.509182681493131E-01 -4.086696789138237E-01 -1.292468057586542E+00 2.204081632653080E-01 1.513098553290988E+00 9.872939226324459E-01 2.044188291623101E-01 
-1.123266666648298E-01 3.883004119444505E-01 -7.144950626476041E-01 7.276967930029190E-01 6.527048115970657E+00 6.550609137476423E+00 1.633167270917972E+00 2.644721520599460E-01 -2.188029248854750E+00 -1.519597871479012E+00 1.662740505502442E+00 1.270973265643303E-01 -9.575325801903996E-01 4.679925735403007E-01 8.547825729009693E-01 9.548072394814267E-01 -1.092443842767100E-01 -1.158950418038883E+00 -1.371045243418771E+00 -9.372244200905449E-01 -3.759824894146357E-01 
3.795621543836534E-01 -1.005586352232718E+00 9.590939365181492E-01 3.918367346938764E-01 -3.156456762823777E+00 6.067993379391530E+00 1.136355691006923E+01 1.136355691006925E+01 6.067993379391569E+00 -3.156456762823764E+00 3.918367346938836E-01 9.590939365181488E-01 -1.005586352232720E+00 3.795621543836492E-01 9.711372462665222E-01 2.097790436169579E+00 2.863725378788391E+00 3.134693877551033E+00 2.863725378788395E+00 2.097790436169579E+00 9.711372462665220E-01 
2.644721520599471E-01 -2.188029248854752E+00 -1.519597871479014E+00 1.662740505502443E+00 1.270973265643283E-01 -9.575325801904013E-01 4.679925735403024E-01 8.547825729009715E-01 9.548072394814305E-01 -1.092443842767115E-01 -1.158950418038888E+00 -1.371045243418771E+00 -9.372244200905434E-01 -3.759824894146357E-01 -1.123266666648312E-01 3.883004119444467E-01 -7.144950626476084E-01 7.276967930029224E-01 6.527048115970669E+00 6.550609137476432E+00 1.633167270917976E+00 
-2.380925532812602E-01 -4.490588859454857E-01 -8.855065657609745E-01 -9.441078249798460E-01 -1.517751273830643E-01 2.164828074055215E-01 -1.462398380484609E-02 -7.150888750295473E-02 2.477323125774956E-02 4.639350528570740E-01 7.656715953273776E-01 4.639350528570744E-01 2.477323125774929E-02 -7.150888750295405E-02 -1.462398380484561E-02 2.164828074055225E-01 -1.517751273830634E-01 -9.441078249798477E-01 -8.855065657609764E-01 -4.490588859454853E-01 -2.380925532812598E-01 
-1.462398380484592E-02 2.164828074055220E-01 -1.517751273830638E-01 -9.441078249798469E-01 -8.855065657609759E-01 -4.490588859454850E-01 -2.380925532812595E-01 -2.380925532812599E-01 -4.490588859454866E-01 -8.855065657609758E-01 -9.441078249798471E-01 -1.517751273830639E-01 2.164828074055222E-01 -1.462398380484518E-02 -7.150888750295437E-02 2.477323125774941E-02 4.639350528570736E-01 7.656715953273774E-01 4.639350528570749E-01 2.477323125775007E-02 -7.150888750295413E-02 
4.679925735403046E-01 -9.575325801904027E-01 1.270973265643252E-01 1.662740505502440E+00 -1.519597871479011E+00 -2.188029248854748E+00 2.644721520599456E-01 1.633167270917977E+00 6.550609137476447E+00 6.527048115970667E+00 7.276967930029146E-01 -7.144950626476080E-01 3.883004119444458E-01 -1.123266666648304E-01 -3.759824894146367E-01 -9.372244200905450E-01 -1.371045243418769E+00 -1.158950418038886E+00 -1.092443842767125E-01 9.548072394814259E-01 8.547825729009694E-01 
2.044188291623092E-01 9.872939226324483E-01 1.513098553290988E+00 2.204081632653042E-01 -1.292468057586542E+00 -4.086696789138233E-01 6.509182681493116E-01 6.509182681493129E-01 -4.086696789138232E-01 -1.292468057586542E+00 2.204081632653073E-01 1.513098553290990E+00 9.872939226324464E-01 2.044188291623095E-01 -8.444620094541311E-02 -1.244680102426387E-01 3.912995843841108E+00 7.591836734693892E+00 3.912995843841117E+00 -1.244680102426349E-01 -8.444620094541329E-02 
-7.150888750295413E-02 2.477323125774925E-02 4.639350528570731E-01 7.656715953273763E-01 4.639350528570744E-01 2.477323125774980E-02 -7.150888750295394E-02 -1.462398380484542E-02 2.164828074055228E-01 -1.517751273830630E-01 -9.441078249798466E-01 -8.855065657609755E-01 -4.490588859454844E-01 -2.380925532812591E-01 -2.380925532812595E-01 -4.490588859454858E-01 -8.855065657609739E-01 -9.441078249798461E-01 -1.517751273830642E-01 2.164828074055220E-01 -1.462398380484528E-02 
6.509182681493131E-01 -4.086696789138223E-01 -1.292468057586541E+00 2.204081632653086E-01 1.513098553290990E+00 9.872939226324464E-01 2.044188291623090E-01 -8.444620094541376E-02 -1.244680102426375E-01 3.912995843841108E+00 7.591836734693890E+00 3.912995843841115E+00 -1.244680102426359E-01 -8.444620094541382E-02 2.044188291623098E-01 9.872939226324476E-01 1.513098553290988E+00 2.204081632653025E-01 -1.292468057586543E+00 -4.086696789138246E-01 6.509182681493104E-01 
-3.759824894146359E-01 -9.372244200905447E-01 -1.371045243418767E+00 -1.158950418038882E+00 -1.092443842767112E-01 9.548072394814247E-01 8.547825729009669E-01 4.679925735403023E-01 -9.575325801904014E-01 1.270973265643270E-01 1.662740505502439E+00 -1.519597871479010E+00 -2.188029248854744E+00 2.644721520599444E-01 1.633167270917975E+00 6.550609137476439E+00 6.527048115970660E+00 7.276967930029105E-01 -7.144950626476086E-01 3.883004119444463E-01 -1.123266666648303E-01 
8.547825729009702E-01 9.548072394814313E-01 -1.092443842767084E-01 -1.158950418038883E+00 -1.371045243418770E+00 -9.372244200905436E-01 -3.759824894146359E-01 -1.123266666648312E-01 3.883004119444476E-01 -7.144950626476073E-01 7.276967930029172E-01 6.527048115970664E+00 6.550609137476431E+00 1.633167270917979E+00 2.644721520599505E-01 -2.188029248854750E+00 -1.519597871479015E+00 1.662740505502444E+00 1.270973265643300E-01 -9.575325801904012E-01 4.679925735403013E-01 
9.711372462665220E-01 2.097790436169582E+00 2.863725378788393E+00 3.134693877551028E+00 2.863725378788395E+00 2.097790436169576E+00 9.711372462665212E-01 3.795621543836506E-01 -1.005586352232722E+00 9.590939365181465E-01 3.918367346938755E-01 -3.156456762823770E+00 6.067993379391529E+00 1.136355691006922E+01 1.136355691006925E+01 6.067993379391566E+00 -3.156456762823769E+00 3.918367346938817E-01 9.590939365181481E-01 -1.005586352232719E+00 3.795621543836484E-01 
