% degree N
6
% number of nodes
28
% node coordinates
-1.000000000000000E+00 -1.000000000000000E+00
-8.302238962785673E-01 -1.000000000000000E+00
-4.688487934707143E-01 -1.000000000000000E+00
0.000000000000000E+00 -1.000000000000000E+00
4.688487934707142E-01 -1.000000000000000E+00
8.302238962785671E-01 -1.000000000000000E+00
1.000000000000000E+00 -1.000000000000000E+00
-1.000000000000000E+00 -8.302238962785671E-01
-7.695164961934418E-01 -7.695164961934415E-01
-3.647692565366892E-01 -7.440953960343212E-01
1.088646525710104E-01 -7.440953960343213E-01
5.390329923868830E-01 -7.695164961934414E-01
8.302238962785673E-01 -8.302238962785673E-01
-1.000000000000000E+00 -4.688487934707143E-01
-7.440953960343213E-01 -3.647692565366893E-01
-3.333333333333334E-01 -3.333333333333334E-01
1.088646525710104E-01 -3.647692565366893E-01
4.688487934707138E-01 -4.688487934707141E-01
-1.000000000000000E+00 0.000000000000000E+00
-7.440953960343213E-01 1.088646525710104E-01
-3.647692565366892E-01 1.088646525710105E-01
-5.551115123125783E-17 5.551115123125783E-17
-1.000000000000000E+00 4.688487934707141E-01
-7.695164961934415E-01 5.390329923868828E-01
-4.688487934707143E-01 4.688487934707142E-01
-9.999999999999999E-01 8.302238962785673E-01
-8.302238962785671E-01 8.302238962785673E-01
-1.000000000000000E+00 1.000000000000000E+00
% r collocation differentation matrix
-1.050000000000001E+01 1.420157660291982E+01 -5.668985225545487E+00 3.199999999999986E+00 -2.049964813076732E+00 1.317373435702429E+00 -4.999999999999991E-01 -1.600324968973921E-16 9.792048526255377E-16 1.116699720509153E-15 -2.834220171516787E-15 -3.645794575087299E-16 3.242596880276644E-16 1.672052769740069E-15 -1.459257223196331E-15 1.000903709583669E-15 1.624176355853029E-16 1.725955118599554E-16 -1.255036151085729E-15 4.318553540578069E-16 1.190203983595155E-15 1.396335338917554E-15 2.684372871159878E-16 -5.327836729751304E-16 -1.025897592454935E-16 -1.795711660530645E-16 -1.341545491840272E-17 1.642592674985520E-16 
-2.442926014244299E+00 1.298964172662383E-14 3.455828214294279E+00 -1.598606688098365E+00 9.613397972887117E-01 -6.022471796357854E-01 2.266118703954456E-01 -3.296911035662180E-16 5.098262133011130E-17 3.810478916252770E-16 -2.964782513225377E-16 2.510933680269065E-16 -3.361147145857728E-16 -2.004935417131689E-16 -9.731222200314455E-17 -1.557199599477742E-16 -3.738024686269456E-16 4.089323988166325E-16 4.487523642697206E-16 -8.892175993759689E-16 8.503993835050859E-16 -1.990912020734546E-16 -1.859122210403591E-16 5.112046236865811E-16 -3.676051769747125E-16 -4.611732666284475E-17 1.028224228693814E-16 1.033124300629554E-17 
6.252566655153449E-01 -2.215804283169974E+00 -1.063494285538688E-16 2.266698087085999E+00 -1.066441904006375E+00 6.163908355175801E-01 -2.260994009425750E-01 8.362834094891909E-17 8.086318009920888E-17 -3.889839548901560E-16 5.879972155582115E-16 -2.585389721374335E-16 2.415641722437909E-16 5.558841156896320E-17 -5.275288973404049E-17 4.075996848006206E-16 2.533861476497236E-17 1.341867538761313E-16 1.925957623894939E-17 -1.190794128434158E-17 -1.621794096076437E-16 -1.186006568951643E-17 1.039873827408850E-16 -1.588512657159136E-16 -2.232677717462546E-17 -2.108099426835353E-16 -1.464184634590794E-16 6.208096426086996E-17 
-3.125000000000009E-01 9.075444712688221E-01 -2.006969240588752E+00 -9.476556225451046E-16 2.006969240588754E+00 -9.075444712688213E-01 3.125000000000006E-01 -5.845188936487429E-18 -5.887084450543059E-17 1.872849915147229E-16 -4.848968299446903E-16 3.730479901215190E-16 -1.277539016777799E-16 7.302695646592153E-17 1.505477651306171E-16 -4.445383267270476E-17 -1.557194637355649E-16 5.795590787068877E-17 -1.189554461973264E-16 2.545855760912461E-16 6.291973017436832E-17 9.738586059651093E-17 1.939691992224112E-16 3.808420635946564E-16 3.537591859716768E-17 1.339182047508012E-16 4.936993444302981E-17 1.562081648619440E-17 
2.260994009425758E-01 -6.163908355175803E-01 1.066441904006375E+00 -2.266698087086000E+00 2.202660773379569E-15 2.215804283169971E+00 -6.252566655153431E-01 -7.149541716776826E-17 -2.794927897520544E-16 3.936715899517983E-16 9.793869842077674E-17 1.242385377464080E-16 -3.612810744313066E-16 -1.621975772046295E-17 -5.032448188431089E-16 -3.843864136937097E-16 -5.395259909426471E-16 2.292361462409776E-16 6.613428491193008E-17 1.574758149368998E-17 2.462241856691652E-16 -1.758873669334780E-16 -2.274281240133162E-17 -5.648159012967615E-16 7.879090593469942E-17 1.120648626364876E-16 2.531624002196979E-16 -1.035498561702995E-16 
-2.266118703954468E-01 6.022471796357870E-01 -9.613397972887113E-01 1.598606688098366E+00 -3.455828214294281E+00 -6.194186045763403E-15 2.442926014244293E+00 2.565184383788403E-16 3.545691220323255E-16 4.128555580440978E-16 -1.887482269145144E-15 9.620382723243848E-16 4.720470670385606E-17 -3.045960763565992E-16 -3.816946133397680E-16 2.097409152378886E-15 8.318528340186742E-17 -7.364358010427561E-17 2.125860657328833E-16 -6.809396285770973E-16 -5.458614534333394E-17 6.540670444062652E-18 -2.497649848416961E-16 6.718737859353511E-16 -3.171556756002168E-16 -6.319030342351999E-16 -5.154346549205878E-16 4.621075281373624E-17 
4.999999999999934E-01 -1.317373435702427E+00 2.049964813076733E+00 -3.200000000000002E+00 5.668985225545497E+00 -1.420157660291981E+01 1.050000000000001E+01 3.056350041032624E-16 2.896306283773472E-15 -2.156139576989017E-15 -1.915335967893179E-15 -8.279127886420167E-16 1.406149660157452E-15 -1.625022472338297E-15 2.757900003006721E-15 -2.602609128921835E-16 2.494069743879789E-15 -5.507454087137063E-16 6.944007396582861E-16 1.569559722113722E-16 -4.262864660102778E-15 1.377381369431526E-15 8.178871014490721E-16 4.512496225303021E-15 2.669627655172157E-16 -1.247399125959439E-15 -1.829985514388339E-15 6.427458683782227E-16 
-1.655262361973609E+00 4.384712827957418E+00 -3.690760330301420E+00 3.117477922832157E+00 -2.589139777647826E+00 1.985656364247197E+00 -8.439773500154524E-01 -7.125074416831669E+00 1.033663482987603E+01 -4.496281557246643E+00 2.344788531765864E+00 -1.167291801379796E+00 3.442497157087407E-01 -8.262240580904129E-01 -9.459224280501535E-01 4.951104840739174E-01 -2.755995418767796E-01 1.307651838517989E-01 5.719017095285369E-01 2.682264060356817E-01 -9.869462071486970E-02 1.942963420565581E-02 -4.010453740426726E-01 -1.001590615422823E-01 2.857613168759709E-02 2.752184182584936E-01 2.041089894500811E-02 -1.077263792605218E-01 
5.517000562263986E-01 -9.201040534747438E-01 1.176961681655654E+00 -1.098244520847076E+00 9.850637427480636E-01 -8.000787078144388E-01 3.547796641416833E-01 -1.554401666328814E+00 -5.151499637263699E-01 3.209748551194649E+00 -1.432336019241393E+00 6.956394087831204E-01 -2.074823808480154E-01 -3.692128423999705E-01 -1.922050612666478E-01 -1.206297624012173E-01 9.935195321043028E-02 -6.178154481498812E-02 1.896527659734802E-01 1.352424016079702E-01 8.965120381044780E-04 9.133602269950562E-04 -1.456346499093812E-01 -6.856554389690733E-02 4.395998819367462E-04 1.094119850117922E-01 2.371327225942717E-02 -4.768823798974160E-02 
-3.209579837677068E-01 6.517741597973219E-01 -7.185764488489385E-01 7.710995593958205E-01 -7.232594971905478E-01 6.144893723368148E-01 -2.839982992665917E-01 4.198521513797129E-01 -1.800934241108812E+00 -1.004212072760145E-01 2.108995815462387E+00 -8.271414419112164E-01 2.349085738334105E-01 9.368937913564832E-02 -1.564382006974685E-01 8.832124526322489E-03 -7.222323268610496E-02 5.972805372760396E-02 -8.063985275378648E-03 6.510697498621354E-02 2.630175257413581E-02 -1.023528932041983E-02 -9.989363497565738E-03 -4.724571213519821E-02 1.414795222066649E-03 2.018650040444091E-02 1.455836312895436E-02 -1.145267292889285E-02 
2.839982992665922E-01 -6.144893723368159E-01 7.232594971905482E-01 -7.710995593958213E-01 7.185764488489397E-01 -6.517741597973209E-01 3.209579837677066E-01 -2.349085738334102E-01 8.271414419112161E-01 -2.108995815462388E+00 1.004212072760146E-01 1.800934241108813E+00 -4.198521513797136E-01 -5.972805372760379E-02 7.222323268610578E-02 -8.832124526321017E-03 1.564382006974664E-01 -9.368937913564909E-02 1.023528932041960E-02 -2.630175257413714E-02 -6.510697498621368E-02 8.063985275379387E-03 -1.414795222066116E-03 4.724571213519835E-02 9.989363497565143E-03 -1.455836312895497E-02 -2.018650040444070E-02 1.145267292889297E-02 
-3.547796641416837E-01 8.000787078144390E-01 -9.850637427480626E-01 1.098244520847076E+00 -1.176961681655652E+00 9.201040534747400E-01 -5.517000562263980E-01 2.074823808480146E-01 -6.956394087831183E-01 1.432336019241390E+00 -3.209748551194645E+00 5.151499637263652E-01 1.554401666328816E+00 6.178154481498861E-02 -9.935195321043069E-02 1.206297624012151E-01 1.922050612666455E-01 3.692128423999727E-01 -9.133602269959068E-04 -8.965120381030095E-04 -1.352424016079692E-01 -1.896527659734816E-01 -4.395998819370415E-04 6.856554389690636E-02 1.456346499093819E-01 -2.371327225942678E-02 -1.094119850117917E-01 4.768823798974134E-02 
8.439773500154540E-01 -1.985656364247194E+00 2.589139777647820E+00 -3.117477922832162E+00 3.690760330301420E+00 -4.384712827957425E+00 1.655262361973609E+00 -3.442497157087412E-01 1.167291801379793E+00 -2.344788531765861E+00 4.496281557246635E+00 -1.033663482987604E+01 7.125074416831671E+00 -1.307651838517987E-01 2.755995418767835E-01 -4.951104840739171E-01 9.459224280501631E-01 8.262240580904174E-01 -1.942963420565810E-02 9.869462071486530E-02 -2.682264060356929E-01 -5.719017095285431E-01 -2.857613168759504E-02 1.001590615422895E-01 4.010453740426800E-01 -2.041089894501101E-02 -2.752184182584964E-01 1.077263792605233E-01 
8.879307931334939E-01 -1.027593665809476E+00 -4.828334851803243E-01 1.685936367970126E+00 -2.452781655413907E+00 2.610816436610339E+00 -1.345023169351652E+00 -2.239206757119444E+00 6.769317312562298E+00 -6.396936411823848E+00 5.188391659139158E+00 -3.456170951798928E+00 1.242432810805074E+00 -6.506027930532854E+00 8.624435201174295E+00 -3.257663464174982E+00 1.143304170242404E+00 -7.077242720410935E-02 -6.021964153822120E-01 -1.042191731137137E+00 5.537569672403866E-01 -2.517828114618668E-01 4.818005955586845E-01 2.414733892043802E-01 -3.922367444908334E-02 -3.238166427460507E-01 -7.325463390613580E-02 1.378801238513611E-01 
-4.126642867882276E-01 4.977110615947819E-01 -1.791233795562396E-01 -3.038599626285081E-01 6.967322107608571E-01 -8.866398882547013E-01 5.032126083107514E-01 8.314554907379827E-01 -1.638012969082957E+00 2.272433646674199E+00 -2.076178220791593E+00 1.520177827961116E+00 -5.887202673933704E-01 -1.249386781447320E+00 -5.856917240018513E-01 2.840099123499080E+00 -9.736740982471922E-01 1.502988750901069E-01 -4.515473135540340E-01 -8.630623039430603E-02 -2.121587694560602E-01 1.391245285700369E-01 2.067986037993625E-01 1.156755598906555E-01 -1.538938367571935E-02 -1.517572906920542E-01 -2.257939151133493E-02 5.997042058654063E-02 
3.664137459237408E-01 -5.662495266051535E-01 3.386526654366478E-01 4.738278112725523E-16 -3.386526654366479E-01 5.662495266051527E-01 -3.664137459237405E-01 -5.487742413505623E-01 1.303114435099502E+00 -1.645192518637618E+00 1.645192518637618E+00 -1.303114435099504E+00 5.487742413505627E-01 3.170898270777207E-01 -1.835627635179341E+00 3.366165502347199E-15 1.835627635179337E+00 -3.170898270777195E-01 1.489387502073239E-01 -1.904351165417203E-01 1.904351165417185E-01 -1.489387502073246E-01 -2.156283835892684E-02 9.467598302005537E-16 2.156283835892752E-02 1.747528525459020E-02 -1.747528525459077E-02 1.460535633189648E-16 
-5.032126083107528E-01 8.866398882547036E-01 -6.967322107608573E-01 3.038599626285095E-01 1.791233795562399E-01 -4.977110615947810E-01 4.126642867882278E-01 5.887202673933705E-01 -1.520177827961116E+00 2.076178220791596E+00 -2.272433646674200E+00 1.638012969082961E+00 -8.314554907379831E-01 -1.502988750901085E-01 9.736740982471952E-01 -2.840099123499082E+00 5.856917240018519E-01 1.249386781447318E+00 -1.391245285700361E-01 2.121587694560617E-01 8.630623039430789E-02 4.515473135540343E-01 1.538938367571870E-02 -1.156755598906568E-01 -2.067986037993634E-01 2.257939151133583E-02 1.517572906920543E-01 -5.997042058654102E-02 
1.345023169351654E+00 -2.610816436610343E+00 2.452781655413906E+00 -1.685936367970127E+00 4.828334851803247E-01 1.027593665809474E+00 -8.879307931334930E-01 -1.242432810805076E+00 3.456170951798929E+00 -5.188391659139165E+00 6.396936411823856E+00 -6.769317312562301E+00 2.239206757119449E+00 7.077242720411148E-02 -1.143304170242404E+00 3.257663464174982E+00 -8.624435201174297E+00 6.506027930532854E+00 2.517828114618674E-01 -5.537569672403917E-01 1.042191731137133E+00 6.021964153822100E-01 3.922367444908485E-02 -2.414733892043761E-01 -4.818005955586814E-01 7.325463390613637E-02 3.238166427460480E-01 -1.378801238513597E-01 
-4.479014360637984E-01 8.302583013530862E-02 4.965325549547140E-01 -1.406193332921274E-02 -1.162890865095710E+00 2.281949355188876E+00 -1.571924772245809E+00 1.303958192350682E+00 -1.115917887192766E+00 -2.036073753681078E+00 4.398843139842465E+00 -4.745245254807428E+00 2.281949355188878E+00 -2.375448407172253E+00 7.645246843682705E+00 -6.876792247865407E+00 4.398843139842467E+00 -1.162890865095702E+00 -6.332485761641193E+00 7.645246843682705E+00 -2.036073753681074E+00 -1.406193332921988E-02 -3.684791665835026E-01 -1.115917887192765E+00 4.965325549547200E-01 3.964137210818648E-01 8.302583013530500E-02 -1.354014360637959E-01 
3.439687198531334E-01 -2.574879653447478E-01 -7.511743740332094E-02 1.493598178904547E-01 1.488840798680424E-01 -6.032786305223253E-01 5.146652812396448E-01 -7.662466630288691E-01 9.428170018018728E-01 -1.399355367699573E-01 -9.999758508213271E-01 1.567423540096315E+00 -9.068263886591426E-01 9.300581009899104E-01 -2.195302045856695E+00 2.831266998972762E+00 -2.141285195777808E+00 7.067215742584215E-01 -1.222646872949856E+00 -4.852705167258366E-01 2.428871847371668E+00 -2.957959773531298E-01 -5.308103325983821E-01 1.629212720258538E-01 -2.728127586918875E-01 1.796813309406627E-01 7.785891021506708E-02 -9.170630302052142E-02 
-5.146652812396462E-01 6.032786305223279E-01 -1.488840798680434E-01 -1.493598178904554E-01 7.511743740332143E-02 2.574879653447459E-01 -3.439687198531327E-01 9.068263886591430E-01 -1.567423540096316E+00 9.999758508213302E-01 1.399355367699540E-01 -9.428170018018722E-01 7.662466630288690E-01 -7.067215742584235E-01 2.141285195777813E+00 -2.831266998972761E+00 2.195302045856695E+00 -9.300581009899094E-01 2.957959773531299E-01 -2.428871847371669E+00 4.852705167258364E-01 1.222646872949856E+00 2.728127586918870E-01 -1.629212720258554E-01 5.308103325983827E-01 -7.785891021506700E-02 -1.796813309406619E-01 9.170630302052128E-02 
1.571924772245813E+00 -2.281949355188885E+00 1.162890865095713E+00 1.406193332921274E-02 -4.965325549547185E-01 -8.302583013530636E-02 4.479014360637957E-01 -2.281949355188880E+00 4.745245254807422E+00 -4.398843139842473E+00 2.036073753681075E+00 1.115917887192762E+00 -1.303958192350684E+00 1.162890865095712E+00 -4.398843139842477E+00 6.876792247865407E+00 -7.645246843682702E+00 2.375448407172254E+00 1.406193332921854E-02 2.036073753681070E+00 -7.645246843682704E+00 6.332485761641189E+00 -4.965325549547200E-01 1.115917887192763E+00 3.684791665835031E-01 -8.302583013530657E-02 -3.964137210818642E-01 1.354014360637956E-01 
3.639795247939351E-01 -7.325463390613283E-02 -3.922367444908581E-02 -2.517828114618623E-01 -7.077242720411041E-02 1.242432810805076E+00 -1.345023169351651E+00 -9.402074782636262E-01 2.414733892043772E-01 5.537569672404000E-01 1.143304170242401E+00 -3.456170951798928E+00 2.610816436610339E+00 1.548242499565059E+00 -1.042191731137137E+00 -3.257663464174978E+00 5.188391659139161E+00 -2.452781655413900E+00 -2.868894502468215E+00 8.624435201174293E+00 -6.396936411823843E+00 1.685936367970126E+00 -6.506027930532849E+00 6.769317312562301E+00 -4.828334851803273E-01 -2.340247394947606E-02 -1.027593665809470E+00 2.626741276181472E-01 
-4.024679021314243E-01 2.311956531074430E-01 6.222114469692475E-02 6.317704150300697E-16 -6.222114469692482E-02 -2.311956531074415E-01 4.024679021314241E-01 9.094906928262282E-01 -7.642049526800229E-01 -9.845544117232731E-02 9.845544117233176E-02 7.642049526800279E-01 -9.094906928262292E-01 -1.130698392657443E+00 1.567578420849361E+00 1.122055167449066E-15 -1.567578420849359E+00 1.130698392657442E+00 1.287897286820557E+00 -3.401953612461299E+00 3.401953612461294E+00 -1.287897286820554E+00 -1.546174524055626E+00 4.767930820632804E-15 1.546174524055620E+00 -6.342976128540706E-01 6.342976128540690E-01 3.804185835284666E-16 
1.345023169351654E+00 -1.242432810805077E+00 7.077242720411464E-02 2.517828114618623E-01 3.922367444908626E-02 7.325463390613488E-02 -3.639795247939348E-01 -2.610816436610339E+00 3.456170951798924E+00 -1.143304170242400E+00 -5.537569672403919E-01 -2.414733892043772E-01 9.402074782636288E-01 2.452781655413911E+00 -5.188391659139163E+00 3.257663464174980E+00 1.042191731137139E+00 -1.548242499565057E+00 -1.685936367970135E+00 6.396936411823849E+00 -8.624435201174297E+00 2.868894502468209E+00 4.828334851803292E-01 -6.769317312562305E+00 6.506027930532853E+00 1.027593665809473E+00 2.340247394947153E-02 -2.626741276181480E-01 
-3.343382496559702E-01 2.041089894501682E-02 2.857613168759373E-02 1.942963420566015E-02 1.307651838518007E-01 3.442497157087400E-01 -8.439773500154519E-01 8.774655978942862E-01 -1.001590615422882E-01 -9.869462071487274E-02 -2.755995418767876E-01 -1.167291801379801E+00 1.985656364247196E+00 -1.362385171331394E+00 2.682264060356934E-01 4.951104840739227E-01 2.344788531765856E+00 -2.589139777647825E+00 2.170508397626910E+00 -9.459224280501777E-01 -4.496281557246625E+00 3.117477922832163E+00 -4.282052272384699E+00 1.033663482987603E+01 -3.690760330301436E+00 -7.125074416831682E+00 4.384712827957430E+00 7.876636522706861E-01 
8.439773500154587E-01 -3.442497157087449E-01 -1.307651838517992E-01 -1.942963420566110E-02 -2.857613168759627E-02 -2.041089894500745E-02 3.343382496559675E-01 -1.985656364247204E+00 1.167291801379810E+00 2.755995418767799E-01 9.869462071486747E-02 1.001590615422816E-01 -8.774655978942768E-01 2.589139777647840E+00 -2.344788531765872E+00 -4.951104840739138E-01 -2.682264060356814E-01 1.362385171331382E+00 -3.117477922832171E+00 4.496281557246669E+00 9.459224280501448E-01 -2.170508397626901E+00 3.690760330301428E+00 -1.033663482987604E+01 4.282052272384698E+00 -4.384712827957419E+00 7.125074416831676E+00 -7.876636522706880E-01 
4.999999999999988E-01 0.000000000000000E+00 1.939692500111651E-15 1.010832664048112E-14 4.029651189657444E-15 8.258914727684538E-15 -5.000000000000039E-01 -1.317373435702422E+00 -1.859247104687924E-14 6.892540771576399E-15 8.240121538778594E-16 1.763128029291274E-15 1.317373435702441E+00 2.049964813076731E+00 2.925770495346078E-14 -1.795288267918506E-14 4.999434579832827E-15 -2.049964813076745E+00 -3.199999999999970E+00 -1.549492713813151E-14 -0.000000000000000E+00 3.200000000000005E+00 5.668985225545470E+00 3.963777272683619E-14 -5.668985225545514E+00 -1.420157660291981E+01 1.420157660291980E+01 3.130301487319954E-15 
% s collocation differentation matrix
-1.050000000000001E+01 1.761307352762553E-14 -2.091055328626704E-14 1.074009705551119E-14 -3.787428247034589E-15 1.548546511440851E-15 2.849225608570323E-15 1.420157660291980E+01 2.402853257073836E-14 -9.046459762694025E-15 -2.473454772990340E-15 1.763128029291274E-15 -8.224219147600100E-15 -5.668985225545503E+00 -4.571516398978253E-15 1.150106546635293E-14 4.049646169871728E-15 6.595807197795958E-15 3.199999999999993E+00 -5.931651795065970E-15 -6.313561316138298E-15 -6.432901237690364E-15 -2.049964813076739E+00 4.742498576158764E-15 3.298241652039799E-15 1.317373435702432E+00 -3.747216181513456E-15 -4.999999999999997E-01 
-1.655262361973611E+00 -7.125074416831670E+00 -8.262240580904131E-01 5.719017095285418E-01 -4.010453740426739E-01 2.752184182584982E-01 -1.077263792605203E-01 4.384712827957415E+00 1.033663482987604E+01 -9.459224280501584E-01 2.682264060356816E-01 -1.001590615422886E-01 2.041089894500592E-02 -3.690760330301430E+00 -4.496281557246649E+00 4.951104840739164E-01 -9.869462071486186E-02 2.857613168760139E-02 3.117477922832165E+00 2.344788531765865E+00 -2.755995418767840E-01 1.942963420565308E-02 -2.589139777647824E+00 -1.167291801379800E+00 1.307651838518002E-01 1.985656364247199E+00 3.442497157087375E-01 -8.439773500154535E-01 
8.879307931334920E-01 -2.239206757119451E+00 -6.506027930532847E+00 -6.021964153822148E-01 4.818005955586887E-01 -3.238166427460547E-01 1.378801238513636E-01 -1.027593665809476E+00 6.769317312562307E+00 8.624435201174308E+00 -1.042191731137150E+00 2.414733892043802E-01 -7.325463390614133E-02 -4.828334851803289E-01 -6.396936411823853E+00 -3.257663464174979E+00 5.537569672403951E-01 -3.922367444907986E-02 1.685936367970129E+00 5.188391659139166E+00 1.143304170242393E+00 -2.517828114618689E-01 -2.452781655413906E+00 -3.456170951798919E+00 -7.077242720410724E-02 2.610816436610340E+00 1.242432810805065E+00 -1.345023169351653E+00 
-4.479014360637970E-01 1.303958192350689E+00 -2.375448407172254E+00 -6.332485761641191E+00 -3.684791665835020E-01 3.964137210818642E-01 -1.354014360637949E-01 8.302583013530530E-02 -1.115917887192770E+00 7.645246843682708E+00 7.645246843682702E+00 -1.115917887192766E+00 8.302583013530533E-02 4.965325549547190E-01 -2.036073753681070E+00 -6.876792247865396E+00 -2.036073753681073E+00 4.965325549547203E-01 -1.406193332921818E-02 4.398843139842464E+00 4.398843139842465E+00 -1.406193332921925E-02 -1.162890865095707E+00 -4.745245254807417E+00 -1.162890865095709E+00 2.281949355188881E+00 2.281949355188870E+00 -1.571924772245810E+00 
3.639795247939370E-01 -9.402074782636334E-01 1.548242499565065E+00 -2.868894502468212E+00 -6.506027930532848E+00 -2.340247394947620E-02 2.626741276181500E-01 -7.325463390613723E-02 2.414733892043807E-01 -1.042191731137148E+00 8.624435201174306E+00 6.769317312562308E+00 -1.027593665809477E+00 -3.922367444908535E-02 5.537569672403929E-01 -3.257663464174980E+00 -6.396936411823856E+00 -4.828334851803283E-01 -2.517828114618659E-01 1.143304170242398E+00 5.188391659139167E+00 1.685936367970130E+00 -7.077242720410995E-02 -3.456170951798925E+00 -2.452781655413912E+00 1.242432810805075E+00 2.610816436610335E+00 -1.345023169351653E+00 
-3.343382496559668E-01 8.774655978942831E-01 -1.362385171331387E+00 2.170508397626901E+00 -4.282052272384689E+00 -7.125074416831681E+00 7.876636522706845E-01 2.041089894500703E-02 -1.001590615422828E-01 2.682264060356767E-01 -9.459224280501504E-01 1.033663482987604E+01 4.384712827957418E+00 2.857613168759934E-02 -9.869462071486626E-02 4.951104840739194E-01 -4.496281557246654E+00 -3.690760330301427E+00 1.942963420565305E-02 -2.755995418767874E-01 2.344788531765866E+00 3.117477922832163E+00 1.307651838518055E-01 -1.167291801379791E+00 -2.589139777647830E+00 3.442497157087397E-01 1.985656364247194E+00 -8.439773500154530E-01 
5.000000000000026E-01 -1.317373435702426E+00 2.049964813076729E+00 -3.200000000000004E+00 5.668985225545494E+00 -1.420157660291981E+01 -1.109811474113187E-14 -4.343688217711042E-15 -9.425307749587913E-15 -2.757016308630560E-14 2.164015233922598E-15 -2.821004846866038E-14 1.420157660291982E+01 8.441530485588151E-16 -2.742909839386954E-15 8.976441339592531E-15 -9.614297268909282E-15 -5.668985225545494E+00 -6.269820698855186E-15 -2.033709186879761E-14 -1.365549976869347E-14 3.199999999999990E+00 3.914757906697357E-15 4.573711734472559E-15 -2.049964813076739E+00 -4.624912169948975E-15 1.317373435702424E+00 -4.999999999999988E-01 
-2.442926014244302E+00 1.144849779295659E-14 -3.646733256053810E-15 9.476556225451046E-16 3.143384305567415E-15 -1.387239583165762E-15 9.148905734652593E-16 1.013527250799243E-14 -9.674073376240739E-15 7.538716468911687E-15 -7.753237621947063E-15 2.203910036614092E-15 -5.927365151423495E-16 3.455828214294287E+00 -3.657213119182597E-15 1.507761631259683E-15 1.075608472546281E-15 -1.570430285189514E-16 -1.598606688098366E+00 9.684329461332195E-16 -3.931676080381390E-16 -1.148732363873279E-16 9.613397972887109E-01 0.000000000000000E+00 3.028997435546754E-16 -6.022471796357854E-01 6.420055695599977E-16 2.266118703954460E-01 
5.517000562263988E-01 -1.554401666328816E+00 -3.692128423999679E-01 1.896527659734802E-01 -1.456346499093817E-01 1.094119850117935E-01 -4.768823798974216E-02 -9.201040534747410E-01 -5.151499637263729E-01 -1.922050612666522E-01 1.352424016079724E-01 -6.856554389690994E-02 2.371327225942822E-02 1.176961681655654E+00 3.209748551194648E+00 -1.206297624012173E-01 8.965120381033131E-04 4.395998819364866E-04 -1.098244520847074E+00 -1.432336019241389E+00 9.935195321043007E-02 9.133602269951317E-04 9.850637427480613E-01 6.956394087831180E-01 -6.178154481498875E-02 -8.000787078144378E-01 -2.074823808480133E-01 3.547796641416830E-01 
-4.126642867882285E-01 8.314554907379844E-01 -1.249386781447321E+00 -4.515473135540345E-01 2.067986037993629E-01 -1.517572906920543E-01 5.997042058654056E-02 4.977110615947808E-01 -1.638012969082959E+00 -5.856917240018538E-01 -8.630623039430688E-02 1.156755598906549E-01 -2.257939151133504E-02 -1.791233795562390E-01 2.272433646674200E+00 2.840099123499080E+00 -2.121587694560595E-01 -1.538938367571996E-02 -3.038599626285072E-01 -2.076178220791594E+00 -9.736740982471929E-01 1.391245285700370E-01 6.967322107608562E-01 1.520177827961115E+00 1.502988750901078E-01 -8.866398882547021E-01 -5.887202673933676E-01 5.032126083107517E-01 
3.439687198531337E-01 -7.662466630288708E-01 9.300581009899105E-01 -1.222646872949855E+00 -5.308103325983821E-01 1.796813309406633E-01 -9.170630302052150E-02 -2.574879653447455E-01 9.428170018018728E-01 -2.195302045856696E+00 -4.852705167258333E-01 1.629212720258525E-01 7.785891021506731E-02 -7.511743740332266E-02 -1.399355367699567E-01 2.831266998972757E+00 2.428871847371668E+00 -2.728127586918871E-01 1.493598178904560E-01 -9.999758508213294E-01 -2.141285195777808E+00 -2.957959773531284E-01 1.488840798680414E-01 1.567423540096312E+00 7.067215742584229E-01 -6.032786305223261E-01 -9.068263886591402E-01 5.146652812396451E-01 
-4.024679021314260E-01 9.094906928262320E-01 -1.130698392657445E+00 1.287897286820554E+00 -1.546174524055619E+00 -6.342976128540733E-01 -1.687041478758744E-16 2.311956531074418E-01 -7.642049526800281E-01 1.567578420849364E+00 -3.401953612461299E+00 -7.052512117165095E-15 6.342976128540730E-01 6.222114469692660E-02 -9.845544117232560E-02 -4.488220669796266E-15 3.401953612461296E+00 1.546174524055627E+00 -1.041160485948858E-15 9.845544117232825E-02 -1.567578420849360E+00 -1.287897286820556E+00 -6.222114469692514E-02 7.642049526800212E-01 1.130698392657445E+00 -2.311956531074427E-01 -9.094906928262275E-01 4.024679021314240E-01 
8.439773500154518E-01 -1.985656364247200E+00 2.589139777647824E+00 -3.117477922832157E+00 3.690760330301422E+00 -4.384712827957422E+00 -7.876636522706943E-01 -3.442497157087470E-01 1.167291801379797E+00 -2.344788531765868E+00 4.496281557246642E+00 -1.033663482987604E+01 7.125074416831692E+00 -1.307651838517943E-01 2.755995418767787E-01 -4.951104840739160E-01 9.459224280501581E-01 4.282052272384695E+00 -1.942963420565851E-02 9.869462071486700E-02 -2.682264060356889E-01 -2.170508397626910E+00 -2.857613168759498E-02 1.001590615422855E-01 1.362385171331391E+00 -2.041089894501002E-02 -8.774655978942806E-01 3.343382496559684E-01 
6.252566655153436E-01 -1.403541796732659E-15 1.642065446049464E-15 -2.527081660120279E-15 2.038585893395117E-15 -1.500154432958324E-15 7.310513074621223E-16 -2.215804283169970E+00 -5.221065467800519E-15 3.877054184011725E-15 -2.218650510459616E-15 1.763128029291274E-15 -7.147699989141079E-16 1.899344359257334E-15 -4.571516398978246E-16 2.805137918622666E-16 -1.361055336684663E-15 5.496505998163298E-16 2.266698087085999E+00 -1.089487064399872E-15 2.445255664283064E-16 2.584647818714878E-16 -1.066441904006373E+00 -6.586803577998284E-17 -6.731105412326121E-17 6.163908355175797E-01 -5.764947971559163E-16 -2.260994009425754E-01 
-3.209579837677065E-01 4.198521513797152E-01 9.368937913564677E-02 -8.063985275377227E-03 -9.989363497566224E-03 2.018650040444162E-02 -1.145267292889296E-02 6.517741597973206E-01 -1.800934241108813E+00 -1.564382006974691E-01 6.510697498621414E-02 -4.724571213519856E-02 1.455836312895472E-02 -7.185764488489379E-01 -1.004212072760104E-01 8.832124526321717E-03 2.630175257413642E-02 1.414795222066417E-03 7.710995593958195E-01 2.108995815462386E+00 -7.222323268610431E-02 -1.023528932041929E-02 -7.232594971905463E-01 -8.271414419112154E-01 5.972805372760353E-02 6.144893723368150E-01 2.349085738334092E-01 -2.839982992665919E-01 
3.664137459237414E-01 -5.487742413505640E-01 3.170898270777218E-01 1.489387502073245E-01 -2.156283835892659E-02 1.747528525458999E-02 3.327220694218634E-16 -5.662495266051534E-01 1.303114435099503E+00 -1.835627635179340E+00 -1.904351165417197E-01 8.815640146456369E-16 -1.747528525459085E-02 3.386526654366481E-01 -1.645192518637620E+00 4.207706877933999E-15 1.904351165417179E-01 2.156283835892800E-02 -8.860940305947726E-17 1.645192518637620E+00 1.835627635179338E+00 -1.489387502073247E-01 -3.386526654366475E-01 -1.303114435099502E+00 -3.170898270777205E-01 5.662495266051534E-01 5.487742413505604E-01 -3.664137459237408E-01 
-5.146652812396459E-01 9.068263886591458E-01 -7.067215742584240E-01 2.957959773531305E-01 2.728127586918866E-01 -7.785891021506729E-02 9.170630302052127E-02 6.032786305223258E-01 -1.567423540096316E+00 2.141285195777810E+00 -2.428871847371673E+00 -1.629212720258541E-01 -1.796813309406620E-01 -1.488840798680428E-01 9.999758508213300E-01 -2.831266998972761E+00 4.852705167258402E-01 5.308103325983810E-01 -1.493598178904556E-01 1.399355367699564E-01 2.195302045856697E+00 1.222646872949853E+00 7.511743740332215E-02 -9.428170018018711E-01 -9.300581009899107E-01 2.574879653447469E-01 7.662466630288677E-01 -3.439687198531330E-01 
1.345023169351654E+00 -2.610816436610343E+00 2.452781655413909E+00 -1.685936367970128E+00 4.828334851803237E-01 1.027593665809477E+00 -2.626741276181497E-01 -1.242432810805074E+00 3.456170951798927E+00 -5.188391659139168E+00 6.396936411823848E+00 -6.769317312562303E+00 2.340247394947993E-02 7.077242720410978E-02 -1.143304170242406E+00 3.257663464174991E+00 -8.624435201174297E+00 6.506027930532849E+00 2.517828114618685E-01 -5.537569672403970E-01 1.042191731137133E+00 2.868894502468210E+00 3.922367444908323E-02 -2.414733892043738E-01 -1.548242499565059E+00 7.325463390613803E-02 9.402074782636282E-01 -3.639795247939355E-01 
-3.125000000000016E-01 7.705719668336169E-16 -1.829361517015190E-16 1.263540830060139E-15 -8.857510042788235E-17 -3.226138565501773E-16 2.249388638344992E-16 9.075444712688204E-01 9.072609788133427E-16 -1.723135192894100E-15 -1.078389341675469E-15 7.713685128149323E-16 -9.261508049099212E-17 -2.006969240588754E+00 -9.143032797956502E-16 1.683082751173600E-15 -1.255822752816000E-15 -7.852151425947568E-16 4.484994327838656E-16 1.331595300933177E-15 1.743364179261224E-15 4.594929455493117E-16 2.006969240588752E+00 2.634721431199314E-16 -2.692442164930448E-16 -9.075444712688215E-01 5.764947971559163E-16 3.125000000000011E-01 
2.839982992665920E-01 -2.349085738334114E-01 -5.972805372760244E-02 1.023528932041929E-02 -1.414795222065664E-03 -1.455836312895501E-02 1.145267292889291E-02 -6.144893723368140E-01 8.271414419112154E-01 7.222323268610738E-02 -2.630175257413660E-02 4.724571213519857E-02 -2.018650040444079E-02 7.232594971905468E-01 -2.108995815462388E+00 -8.832124526321648E-03 -6.510697498621447E-02 9.989363497565205E-03 -7.710995593958204E-01 1.004212072760130E-01 1.564382006974671E-01 8.063985275379104E-03 7.185764488489382E-01 1.800934241108812E+00 -9.368937913564829E-02 -6.517741597973216E-01 -4.198521513797115E-01 3.209579837677066E-01 
-5.032126083107525E-01 5.887202673933726E-01 -1.502988750901090E-01 -1.391245285700357E-01 1.538938367571840E-02 2.257939151133583E-02 -5.997042058654101E-02 8.866398882547019E-01 -1.520177827961117E+00 9.736740982471916E-01 2.121587694560608E-01 -1.156755598906566E-01 1.517572906920545E-01 -6.967322107608577E-01 2.076178220791597E+00 -2.840099123499081E+00 8.630623039430625E-02 -2.067986037993635E-01 3.038599626285085E-01 -2.272433646674201E+00 5.856917240018475E-01 4.515473135540354E-01 1.791233795562387E-01 1.638012969082957E+00 1.249386781447322E+00 -4.977110615947811E-01 -8.314554907379813E-01 4.126642867882278E-01 
1.571924772245815E+00 -2.281949355188886E+00 1.162890865095715E+00 1.406193332921526E-02 -4.965325549547194E-01 -8.302583013530390E-02 1.354014360637949E-01 -2.281949355188880E+00 4.745245254807427E+00 -4.398843139842473E+00 2.036073753681080E+00 1.115917887192764E+00 -3.964137210818628E-01 1.162890865095711E+00 -4.398843139842481E+00 6.876792247865407E+00 -7.645246843682705E+00 3.684791665834993E-01 1.406193332921544E-02 2.036073753681076E+00 -7.645246843682710E+00 6.332485761641188E+00 -4.965325549547192E-01 1.115917887192758E+00 2.375448407172259E+00 -8.302583013530673E-02 -1.303958192350683E+00 4.479014360637968E-01 
2.260994009425756E-01 -1.541143933667234E-15 -1.212307812569782E-16 -6.317704150300697E-16 -2.283738020347344E-16 -1.032364340960567E-15 5.061124436276231E-16 -6.163908355175803E-01 -1.178421491094799E-15 8.615675964470499E-16 -5.826330722337433E-16 -2.203910036614092E-16 -1.259565094677493E-15 1.066441904006376E+00 1.371454919693473E-15 5.610275837245332E-16 -6.441909527133589E-16 1.894331531509851E-15 -2.266698087086002E+00 -1.936865892266439E-15 8.938090556001088E-16 -2.182591491359231E-15 5.661868062276116E-15 3.952082146798970E-16 1.750087407204791E-15 2.215804283169972E+00 -1.912914554199177E-15 -6.252566655153443E-01 
-3.547796641416830E-01 2.074823808480167E-01 6.178154481498779E-02 -9.133602269946379E-04 -4.395998819379893E-04 -2.371327225942587E-02 4.768823798974110E-02 8.000787078144371E-01 -6.956394087831198E-01 -9.935195321043157E-02 -8.965120381029109E-04 6.856554389690711E-02 -1.094119850117915E-01 -9.850637427480632E-01 1.432336019241393E+00 1.206297624012156E-01 -1.352424016079692E-01 1.456346499093806E-01 1.098244520847076E+00 -3.209748551194653E+00 1.922050612666479E-01 -1.896527659734797E-01 -1.176961681655653E+00 5.151499637263814E-01 3.692128423999697E-01 9.201040534747428E-01 1.554401666328806E+00 -5.517000562263976E-01 
1.345023169351655E+00 -1.242432810805077E+00 7.077242720411293E-02 2.517828114618623E-01 3.922367444908691E-02 7.325463390613565E-02 -1.378801238513601E-01 -2.610816436610340E+00 3.456170951798924E+00 -1.143304170242394E+00 -5.537569672403898E-01 -2.414733892043781E-01 3.238166427460508E-01 2.452781655413910E+00 -5.188391659139165E+00 3.257663464174977E+00 1.042191731137138E+00 -4.818005955586845E-01 -1.685936367970132E+00 6.396936411823845E+00 -8.624435201174293E+00 6.021964153822122E-01 4.828334851803308E-01 -6.769317312562295E+00 6.506027930532853E+00 1.027593665809476E+00 2.239206757119438E+00 -8.879307931334924E-01 
-2.266118703954465E-01 0.000000000000000E+00 -1.518654705160383E-15 -1.263540830060139E-15 -9.519243896941333E-16 -2.580910852401418E-16 1.405867898965620E-16 6.022471796357853E-01 1.241574251545977E-15 -1.292351394670575E-15 -3.289795394932995E-15 -8.815640146456369E-16 -2.130146851292819E-16 -9.613397972887124E-01 2.044034118065735E-30 -2.524624126760400E-15 -2.307431344538228E-15 0.000000000000000E+00 1.598606688098366E+00 -1.936865892266439E-15 3.264254497592978E-15 8.041126547112955E-16 -3.455828214294276E+00 0.000000000000000E+00 -5.205096527034373E-16 -1.942369849760753E-14 1.781893009391014E-15 2.442926014244301E+00 
8.439773500154576E-01 -3.442497157087431E-01 -1.307651838517978E-01 -1.942963420565826E-02 -2.857613168759429E-02 -2.041089894500990E-02 1.077263792605217E-01 -1.985656364247204E+00 1.167291801379795E+00 2.755995418767773E-01 9.869462071486651E-02 1.001590615422816E-01 -2.752184182584915E-01 2.589139777647835E+00 -2.344788531765868E+00 -4.951104840739104E-01 -2.682264060356857E-01 4.010453740426693E-01 -3.117477922832170E+00 4.496281557246662E+00 9.459224280501585E-01 -5.719017095285320E-01 3.690760330301428E+00 -1.033663482987604E+01 8.262240580904068E-01 -4.384712827957428E+00 7.125074416831668E+00 1.655262361973612E+00 
4.999999999999941E-01 -3.522614705525106E-15 1.166431451625515E-14 7.581244980360837E-15 7.205606308121309E-15 -1.032364340960567E-15 -2.361858070262241E-15 -1.317373435702424E+00 8.182608167815278E-15 8.615675964470500E-15 1.151115727197626E-14 -0.000000000000000E+00 7.612959616359551E-15 2.049964813076729E+00 -2.194327871509557E-14 -6.732331004694399E-15 -7.474434741960791E-15 -1.193527016744030E-14 -3.199999999999986E+00 2.324239070719727E-14 1.624811802973317E-14 1.332529542093004E-14 5.668985225545485E+00 -4.215554289918902E-15 -7.538838061805256E-15 -1.420157660291982E+01 5.450496264019573E-15 1.050000000000002E+01 
% FaceNodes
0 1 2 3 4 5 6 
6 12 17 21 24 26 27 
0 7 13 18 22 25 27 
% LIFT matrix
1.749999999999998E+01 1.420157660291982E+01 -5.668985225545483E+00 3.199999999999993E+00 -2.049964813076722E+00 1.317373435702455E+00 -4.999999999999946E-01 6.666666666666667E-01 3.875564663061935E+00 6.044435336938100E+00 6.826666666666663E+00 6.044435336938077E+00 3.875564663061941E+00 6.666666666666669E-01 1.749999999999999E+01 1.420157660291988E+01 -5.668985225545499E+00 3.199999999999991E+00 -2.049964813076732E+00 1.317373435702432E+00 -4.999999999999971E-01 
2.442926014244284E+00 2.100000000000001E+01 5.840604097733579E+00 -1.925512738508282E+00 1.028072421514266E+00 -6.127016653792414E-01 2.266118703954508E-01 -2.572641032545198E-01 -1.624995011332064E+00 -2.644902891353603E+00 -2.083798642625273E+00 5.424161294452501E-01 2.498625066348859E+00 6.666662301245075E-01 1.273890250899408E+00 -5.389033800097614E+00 1.514049320869584E+00 -3.599055929826888E-01 4.925438798976129E-02 2.698577024508601E-02 -1.849355957042254E-02 
-6.252566655153445E-01 3.744872364467621E+00 2.100000000000002E+01 4.834603647599211E+00 -1.387298334620720E+00 6.591783890118570E-01 -2.260994009425735E-01 1.609480712394291E-01 1.355369965371521E+00 2.365682720547697E+00 7.654186078185564E-02 -2.648832706064250E+00 3.487735795531937E-01 6.662573345232269E-01 -4.208749952429205E-01 2.734989018328910E+00 1.122574773146348E+00 -2.156754479669247E+00 1.815659853872615E+00 -1.254444877096669E+00 4.835915326136475E-01 
3.125000000000012E-01 -1.093132196431391E+00 4.280632196431405E+00 2.100000000000001E+01 4.280632196431409E+00 -1.093132196431388E+00 3.125000000000008E-01 -7.031249999999790E-02 -1.405080422639710E+00 -2.483225214348606E+00 2.250000000000004E+00 1.172193321929309E-02 -1.139041296230993E+00 6.484375000000008E-01 -7.031249999999989E-02 -1.405080422639719E+00 -2.483225214348608E+00 2.250000000000002E+00 1.172193321929213E-02 -1.139041296230987E+00 6.484375000000013E-01 
-2.260994009425741E-01 6.591783890118564E-01 -1.387298334620719E+00 4.834603647599213E+00 2.100000000000001E+01 3.744872364467615E+00 -6.252566655153431E-01 -4.208749952429215E-01 2.734989018328901E+00 1.122574773146347E+00 -2.156754479669244E+00 1.815659853872615E+00 -1.254444877096673E+00 4.835915326136470E-01 1.609480712394303E-01 1.355369965371526E+00 2.365682720547701E+00 7.654186078186097E-02 -2.648832706064254E+00 3.487735795531896E-01 6.662573345232270E-01 
2.266118703954511E-01 -6.127016653792435E-01 1.028072421514267E+00 -1.925512738508283E+00 5.840604097733571E+00 2.100000000000001E+01 2.442926014244285E+00 1.273890250899401E+00 -5.389033800097601E+00 1.514049320869582E+00 -3.599055929826943E-01 4.925438798976568E-02 2.698577024508222E-02 -1.849355957042152E-02 -2.572641032545218E-01 -1.624995011332068E+00 -2.644902891353609E+00 -2.083798642625279E+00 5.424161294452492E-01 2.498625066348841E+00 6.666662301245052E-01 
-4.999999999999966E-01 1.317373435702459E+00 -2.049964813076728E+00 3.200000000000002E+00 -5.668985225545494E+00 1.420157660291982E+01 1.749999999999999E+01 1.749999999999998E+01 1.420157660291982E+01 -5.668985225545504E+00 3.199999999999991E+00 -2.049964813076742E+00 1.317373435702437E+00 -4.999999999999984E-01 6.666666666666689E-01 3.875564663061942E+00 6.044435336938102E+00 6.826666666666676E+00 6.044435336938091E+00 3.875564663061914E+00 6.666666666666610E-01 
1.273890250899409E+00 -5.389033800097613E+00 1.514049320869605E+00 -3.599055929827069E-01 4.925438798976913E-02 2.698577024507476E-02 -1.849355957042444E-02 6.666662301245074E-01 2.498625066348867E+00 5.424161294452552E-01 -2.083798642625292E+00 -2.644902891353608E+00 -1.624995011332066E+00 -2.572641032545251E-01 2.442926014244299E+00 2.100000000000015E+01 5.840604097733617E+00 -1.925512738508311E+00 1.028072421514258E+00 -6.127016653792681E-01 2.266118703954483E-01 
-5.895641781831036E-01 -1.466367120025200E+00 -2.520193979254353E+00 3.884182373995320E-01 6.134756297050746E-02 -9.344172811830943E-02 4.034730288604260E-02 -9.964193671603574E-02 -3.668849382417383E-01 4.582219788479135E-01 1.311141883159217E+00 4.582219788479132E-01 -3.668849382417383E-01 -9.964193671603494E-02 -5.895641781831051E-01 -1.466367120025208E+00 -2.520193979254354E+00 3.884182373995299E-01 6.134756297051163E-02 -9.344172811830799E-02 4.034730288604288E-02 
2.383176033827215E-01 -3.448108774146165E-01 -1.949593589173205E+00 -2.152413441871139E+00 5.453609322821427E-02 2.435222431151639E-01 -1.075382339101502E-01 -7.441424902962487E-02 -9.369940088681550E-02 -8.539778297214135E-01 -9.791820469235649E-01 3.563158698812753E-01 1.520996777292762E-01 -2.476763798744071E-02 2.616661069723022E-01 4.997073535013771E-01 1.436597796128133E+00 4.912510406084792E-01 -5.666415907476194E-01 1.912072691306139E-01 -3.454311927838427E-02 
-1.075382339101504E-01 2.435222431151640E-01 5.453609322821272E-02 -2.152413441871139E+00 -1.949593589173207E+00 -3.448108774146176E-01 2.383176033827213E-01 2.616661069723016E-01 4.997073535013749E-01 1.436597796128132E+00 4.912510406084774E-01 -5.666415907476191E-01 1.912072691306153E-01 -3.454311927838443E-02 -7.441424902962550E-02 -9.369940088681543E-02 -8.539778297214154E-01 -9.791820469235673E-01 3.563158698812776E-01 1.520996777292752E-01 -2.476763798744108E-02 
4.034730288604226E-02 -9.344172811830802E-02 6.134756297050729E-02 3.884182373995327E-01 -2.520193979254351E+00 -1.466367120025200E+00 -5.895641781831039E-01 -5.895641781831030E-01 -1.466367120025200E+00 -2.520193979254350E+00 3.884182373995295E-01 6.134756297051193E-02 -9.344172811830868E-02 4.034730288604300E-02 -9.964193671603623E-02 -3.668849382417417E-01 4.582219788479165E-01 1.311141883159218E+00 4.582219788479130E-01 -3.668849382417336E-01 -9.964193671603444E-02 
-1.849355957042286E-02 2.698577024507712E-02 4.925438798976476E-02 -3.599055929826943E-01 1.514049320869590E+00 -5.389033800097591E+00 1.273890250899409E+00 2.442926014244283E+00 2.100000000000006E+01 5.840604097733592E+00 -1.925512738508308E+00 1.028072421514256E+00 -6.127016653792673E-01 2.266118703954476E-01 6.666662301245083E-01 2.498625066348864E+00 5.424161294452486E-01 -2.083798642625283E+00 -2.644902891353610E+00 -1.624995011332055E+00 -2.572641032545232E-01 
-4.208749952429244E-01 2.734989018328895E+00 1.122574773146348E+00 -2.156754479669246E+00 1.815659853872621E+00 -1.254444877096669E+00 4.835915326136472E-01 6.662573345232289E-01 3.487735795531884E-01 -2.648832706064261E+00 7.654186078186173E-02 2.365682720547692E+00 1.355369965371524E+00 1.609480712394291E-01 -6.252566655153438E-01 3.744872364467637E+00 2.100000000000005E+01 4.834603647599209E+00 -1.387298334620741E+00 6.591783890118466E-01 -2.260994009425756E-01 
2.616661069723022E-01 4.997073535013732E-01 1.436597796128131E+00 4.912510406084803E-01 -5.666415907476183E-01 1.912072691306165E-01 -3.454311927838424E-02 -2.476763798744104E-02 1.520996777292755E-01 3.563158698812783E-01 -9.791820469235656E-01 -8.539778297214123E-01 -9.369940088681543E-02 -7.441424902962523E-02 2.383176033827214E-01 -3.448108774146181E-01 -1.949593589173210E+00 -2.152413441871140E+00 5.453609322821719E-02 2.435222431151644E-01 -1.075382339101502E-01 
-1.106538637402838E-01 -1.066918456011395E-01 5.342364272197976E-01 1.325066300868771E+00 5.342364272197966E-01 -1.066918456011410E-01 -1.106538637402831E-01 -1.106538637402832E-01 -1.066918456011411E-01 5.342364272197953E-01 1.325066300868770E+00 5.342364272197948E-01 -1.066918456011419E-01 -1.106538637402831E-01 -1.106538637402840E-01 -1.066918456011404E-01 5.342364272197985E-01 1.325066300868771E+00 5.342364272197970E-01 -1.066918456011400E-01 -1.106538637402831E-01 
-3.454311927838401E-02 1.912072691306157E-01 -5.666415907476174E-01 4.912510406084803E-01 1.436597796128131E+00 4.997073535013729E-01 2.616661069723019E-01 2.383176033827216E-01 -3.448108774146176E-01 -1.949593589173207E+00 -2.152413441871137E+00 5.453609322821692E-02 2.435222431151654E-01 -1.075382339101503E-01 -2.476763798744033E-02 1.520996777292753E-01 3.563158698812772E-01 -9.791820469235648E-01 -8.539778297214148E-01 -9.369940088681490E-02 -7.441424902962515E-02 
4.835915326136474E-01 -1.254444877096669E+00 1.815659853872619E+00 -2.156754479669242E+00 1.122574773146341E+00 2.734989018328895E+00 -4.208749952429209E-01 -6.252566655153493E-01 3.744872364467632E+00 2.100000000000001E+01 4.834603647599192E+00 -1.387298334620735E+00 6.591783890118424E-01 -2.260994009425728E-01 6.662573345232276E-01 3.487735795531976E-01 -2.648832706064262E+00 7.654186078186143E-02 2.365682720547700E+00 1.355369965371511E+00 1.609480712394275E-01 
-7.031249999999836E-02 -1.405080422639706E+00 -2.483225214348606E+00 2.250000000000000E+00 1.172193321929270E-02 -1.139041296230991E+00 6.484375000000003E-01 6.484375000000006E-01 -1.139041296230992E+00 1.172193321929108E-02 2.250000000000001E+00 -2.483225214348602E+00 -1.405080422639714E+00 -7.031249999999996E-02 3.125000000000008E-01 -1.093132196431401E+00 4.280632196431407E+00 2.100000000000002E+01 4.280632196431398E+00 -1.093132196431394E+00 3.125000000000007E-01 
-7.441424902962551E-02 -9.369940088681546E-02 -8.539778297214130E-01 -9.791820469235667E-01 3.563158698812759E-01 1.520996777292743E-01 -2.476763798744123E-02 -3.454311927838458E-02 1.912072691306150E-01 -5.666415907476198E-01 4.912510406084799E-01 1.436597796128130E+00 4.997073535013757E-01 2.616661069723025E-01 -1.075382339101505E-01 2.435222431151661E-01 5.453609322821518E-02 -2.152413441871138E+00 -1.949593589173207E+00 -3.448108774146175E-01 2.383176033827217E-01 
-2.476763798744122E-02 1.520996777292747E-01 3.563158698812761E-01 -9.791820469235661E-01 -8.539778297214140E-01 -9.369940088681517E-02 -7.441424902962532E-02 -1.075382339101505E-01 2.435222431151658E-01 5.453609322821607E-02 -2.152413441871140E+00 -1.949593589173203E+00 -3.448108774146171E-01 2.383176033827212E-01 -3.454311927838465E-02 1.912072691306163E-01 -5.666415907476208E-01 4.912510406084784E-01 1.436597796128132E+00 4.997073535013717E-01 2.616661069723017E-01 
6.484375000000010E-01 -1.139041296230991E+00 1.172193321929096E-02 2.250000000000002E+00 -2.483225214348604E+00 -1.405080422639706E+00 -7.031249999999921E-02 3.125000000000008E-01 -1.093132196431397E+00 4.280632196431393E+00 2.100000000000002E+01 4.280632196431398E+00 -1.093132196431401E+00 3.125000000000015E-01 6.484375000000002E-01 -1.139041296230996E+00 1.172193321929543E-02 2.250000000000002E+00 -2.483225214348609E+00 -1.405080422639702E+00 -7.031249999999811E-02 
1.609480712394279E-01 1.355369965371516E+00 2.365682720547696E+00 7.654186078186108E-02 -2.648832706064255E+00 3.487735795531963E-01 6.662573345232269E-01 4.835915326136467E-01 -1.254444877096674E+00 1.815659853872616E+00 -2.156754479669248E+00 1.122574773146346E+00 2.734989018328910E+00 -4.208749952429199E-01 -2.260994009425746E-01 6.591783890118472E-01 -1.387298334620741E+00 4.834603647599203E+00 2.100000000000001E+01 3.744872364467612E+00 -6.252566655153460E-01 
-9.964193671603425E-02 -3.668849382417348E-01 4.582219788479163E-01 1.311141883159219E+00 4.582219788479182E-01 -3.668849382417357E-01 -9.964193671603513E-02 4.034730288604235E-02 -9.344172811830603E-02 6.134756297050870E-02 3.884182373995348E-01 -2.520193979254352E+00 -1.466367120025214E+00 -5.895641781831016E-01 4.034730288604321E-02 -9.344172811830832E-02 6.134756297051247E-02 3.884182373995298E-01 -2.520193979254355E+00 -1.466367120025196E+00 -5.895641781831000E-01 
6.662573345232242E-01 3.487735795531948E-01 -2.648832706064250E+00 7.654186078185909E-02 2.365682720547694E+00 1.355369965371515E+00 1.609480712394287E-01 -2.260994009425743E-01 6.591783890118437E-01 -1.387298334620736E+00 4.834603647599193E+00 2.099999999999998E+01 3.744872364467625E+00 -6.252566655153411E-01 4.835915326136440E-01 -1.254444877096673E+00 1.815659853872615E+00 -2.156754479669239E+00 1.122574773146348E+00 2.734989018328885E+00 -4.208749952429224E-01 
-2.572641032545235E-01 -1.624995011332053E+00 -2.644902891353603E+00 -2.083798642625274E+00 5.424161294452450E-01 2.498625066348838E+00 6.666662301245044E-01 -1.849355957042459E-02 2.698577024508109E-02 4.925438798976334E-02 -3.599055929826878E-01 1.514049320869578E+00 -5.389033800097588E+00 1.273890250899409E+00 2.266118703954465E-01 -6.127016653792617E-01 1.028072421514249E+00 -1.925512738508293E+00 5.840604097733559E+00 2.099999999999997E+01 2.442926014244281E+00 
6.666662301245092E-01 2.498625066348859E+00 5.424161294452459E-01 -2.083798642625291E+00 -2.644902891353609E+00 -1.624995011332053E+00 -2.572641032545233E-01 2.266118703954490E-01 -6.127016653792662E-01 1.028072421514254E+00 -1.925512738508306E+00 5.840604097733600E+00 2.100000000000011E+01 2.442926014244298E+00 -1.849355957042198E-02 2.698577024507443E-02 4.925438798977222E-02 -3.599055929827042E-01 1.514049320869606E+00 -5.389033800097588E+00 1.273890250899409E+00 
6.666666666666634E-01 3.875564663061932E+00 6.044435336938100E+00 6.826666666666673E+00 6.044435336938097E+00 3.875564663061932E+00 6.666666666666652E-01 -4.999999999999978E-01 1.317373435702425E+00 -2.049964813076729E+00 3.199999999999994E+00 -5.668985225545487E+00 1.420157660291987E+01 1.749999999999998E+01 -4.999999999999979E-01 1.317373435702428E+00 -2.049964813076740E+00 3.199999999999991E+00 -5.668985225545484E+00 1.420157660291981E+01 1.749999999999996E+01 
% number of plot nodes
66
% plot node coordinates
-1.000000000000000E+00 -1.000000000000000E+00
-8.000000000000000E-01 -1.000000000000000E+00
-6.000000000000002E-01 -1.000000000000000E+00
-4.000000000000001E-01 -1.000000000000000E+00
-1.999999999999999E-01 -1.000000000000000E+00
0.000000000000000E+00 -1.000000000000000E+00
1.999999999999999E-01 -1.000000000000000E+00
3.999999999999998E-01 -9.999999999999999E-01
6.000000000000002E-01 -1.000000000000000E+00
8.000000000000000E-01 -1.000000000000000E+00
1.000000000000000E+00 -1.000000000000000E+00
-1.000000000000000E+00 -8.000000000000000E-01
-7.999999999999999E-01 -7.999999999999999E-01
-5.999999999999998E-01 -7.999999999999999E-01
-4.000000000000000E-01 -8.000000000000002E-01
-2.000000000000001E-01 -7.999999999999999E-01
1.387778780781446E-17 -7.999999999999999E-01
1.999999999999999E-01 -8.000000000000000E-01
3.999999999999997E-01 -7.999999999999999E-01
6.000000000000000E-01 -7.999999999999999E-01
8.000000000000000E-01 -8.000000000000000E-01
-1.000000000000000E+00 -6.000000000000001E-01
-8.000000000000000E-01 -6.000000000000001E-01
-6.000000000000000E-01 -6.000000000000000E-01
-4.000000000000000E-01 -6.000000000000001E-01
-2.000000000000000E-01 -6.000000000000000E-01
-2.775557561562891E-17 -6.000000000000001E-01
1.999999999999999E-01 -6.000000000000001E-01
3.999999999999998E-01 -6.000000000000000E-01
6.000000000000003E-01 -6.000000000000001E-01
-9.999999999999998E-01 -4.000000000000000E-01
-7.999999999999999E-01 -4.000000000000000E-01
-5.999999999999999E-01 -4.000000000000001E-01
-4.000000000000000E-01 -4.000000000000000E-01
-1.999999999999999E-01 -4.000000000000001E-01
5.551115123125783E-17 -4.000000000000000E-01
2.000000000000000E-01 -4.000000000000000E-01
3.999999999999997E-01 -4.000000000000000E-01
-1.000000000000000E+00 -1.999999999999999E-01
-8.000000000000002E-01 -1.999999999999999E-01
-6.000000000000000E-01 -1.999999999999999E-01
-4.000000000000001E-01 -1.999999999999999E-01
-2.000000000000000E-01 -2.000000000000000E-01
0.000000000000000E+00 -1.999999999999999E-01
1.999999999999999E-01 -1.999999999999999E-01
-1.000000000000000E+00 0.000000000000000E+00
-8.000000000000000E-01 0.000000000000000E+00
-6.000000000000000E-01 0.000000000000000E+00
-4.000000000000000E-01 0.000000000000000E+00
-1.999999999999999E-01 0.000000000000000E+00
0.000000000000000E+00 0.000000000000000E+00
-1.000000000000000E+00 1.999999999999999E-01
-8.000000000000000E-01 1.999999999999999E-01
-6.000000000000000E-01 1.999999999999999E-01
-4.000000000000000E-01 2.000000000000000E-01
-1.999999999999999E-01 1.999999999999999E-01
-9.999999999999999E-01 3.999999999999998E-01
-7.999999999999998E-01 3.999999999999998E-01
-5.999999999999999E-01 3.999999999999998E-01
-3.999999999999999E-01 3.999999999999998E-01
-1.000000000000000E+00 6.000000000000002E-01
-8.000000000000000E-01 6.000000000000002E-01
-6.000000000000001E-01 6.000000000000002E-01
-1.000000000000000E+00 8.000000000000000E-01
-7.999999999999999E-01 8.000000000000002E-01
-1.000000000000000E+00 1.000000000000000E+00
% plot node interpolation matrix
1.000000000000000E+00 -4.516133128207371E-17 6.943310407612374E-17 -3.560826016816438E-17 -1.330291799859190E-16 6.240911890463303E-17 -2.542926406205248E-18 -1.783708978778644E-17 -7.422394623236712E-17 -1.059066852020833E-16 2.256944598704098E-16 -2.452033354220149E-16 6.166536805408563E-17 3.378619321534143E-17 1.558787975261777E-16 -1.489643651628016E-16 2.605961278314153E-16 -7.423109527963719E-17 5.542521219102573E-17 -3.326004364319060E-17 -5.094573835881110E-17 -4.508618807027745E-17 -1.029008382757969E-16 1.534341247415154E-16 1.491324133799348E-17 -3.387397491791167E-17 -5.403076600122734E-17 6.055872812792253E-18 
-6.148800000000085E-02 9.810316884871908E-01 1.118194929347172E-01 -4.919040000000049E-02 2.918327241935409E-02 -1.818805384126083E-02 6.832000000000075E-03 4.730676998006494E-18 4.880446486308814E-17 1.451682903236111E-16 -2.141979912470047E-17 -1.745347726874187E-16 -6.583516440407344E-17 1.616122301824294E-17 -5.244111380116269E-17 -4.021251019900769E-18 -5.190211487213997E-17 7.371442983877861E-18 4.064740966014410E-17 1.990693589789874E-16 6.100296187240727E-17 1.764070843801723E-17 -2.479876271242223E-17 -1.219627739267738E-16 3.140341196772763E-17 4.399478707225203E-17 6.317130166194077E-17 8.733812563801110E-18 
-9.139200000000040E-02 3.828519790438908E-01 8.393041682682884E-01 -1.949696000000001E-01 1.029853380439455E-01 -6.162788535612418E-02 2.284800000000003E-02 -4.360266574244589E-17 8.343877858166251E-17 1.133672965346765E-16 -4.429249952350688E-18 -9.376223034383800E-17 -1.094446102787686E-17 5.167744152065511E-17 -1.263601196752149E-16 1.186812585716174E-16 -1.668507600693304E-16 8.650459790071953E-18 7.194011380552756E-17 -7.120047707171455E-17 6.794061204473055E-17 -6.966551914559808E-18 -1.850044381977191E-17 -4.472259102184637E-17 -8.011315098079180E-17 3.712149902771161E-17 3.761163727452490E-17 6.327197776933427E-18 
3.656800000000014E-02 -1.229620380441962E-01 9.595765411608751E-01 1.755264000000001E-01 -7.603818707950391E-02 4.300128396282484E-02 -1.567200000000006E-02 2.843904055052642E-18 -4.606178987735040E-17 1.303968920538853E-17 -5.115438945509751E-17 -1.214216441429649E-17 1.535536030504928E-17 -1.657109669679200E-17 1.480546750032711E-17 1.551397014697533E-16 -9.741591684711455E-17 2.133497925832796E-17 4.564891281762682E-17 -1.233329327340281E-16 1.315855413657016E-16 6.179763113324118E-19 2.505343298101563E-17 3.021288858567669E-17 -8.005643926101295E-18 -2.525129798945152E-17 -5.548648461442515E-17 1.149042400605606E-17 
5.779200000000021E-02 -1.768788753376280E-01 5.178131997077947E-01 7.397376000000003E-01 -2.081389027589631E-01 1.082029783887958E-01 -3.852800000000013E-02 4.899147297049278E-17 -6.153494819418556E-17 -1.227771800437957E-17 1.541586536588519E-16 -9.431562175473318E-17 8.795508440087673E-17 4.725351123717654E-17 5.264321893731644E-17 1.795394519812923E-18 5.208488965337665E-18 6.944436048202457E-17 6.724293989902285E-18 -6.828869365817076E-17 -2.663947303974532E-16 4.885651908574387E-17 -9.777251621411330E-18 9.130607004764508E-17 2.417250061986036E-17 -1.671266716185131E-17 -2.224200317949365E-17 3.412127536278091E-17 
-4.300794481053398E-17 5.504085477382978E-17 -0.000000000000000E+00 1.000000000000000E+00 -6.916237906996018E-18 3.907221823020394E-17 -2.510700619558095E-17 4.755053849738016E-17 -8.335064324340261E-17 1.111526675749671E-16 1.003185524849777E-16 -8.684618046735658E-17 4.838690133423985E-17 6.495884421445567E-17 7.109443736561131E-17 1.526031336308076E-16 8.582571404365561E-17 6.071147836457068E-17 1.023374204928211E-17 -1.743983044698975E-16 -1.565131692430354E-16 2.526741733255423E-17 -3.175942434253785E-17 6.531858825353387E-17 -3.278382827964222E-17 -1.911232241888104E-17 -2.224200317949365E-17 3.412127536278091E-17 
-3.852800000000023E-02 1.082029783887959E-01 -2.081389027589628E-01 7.397375999999999E-01 5.178131997077950E-01 -1.768788753376278E-01 5.779200000000008E-02 2.275551903202620E-17 -1.078485738690057E-17 -3.420312651945810E-17 -1.860448666630850E-17 -6.588152820805717E-17 4.115257725358922E-17 2.281045548936828E-17 1.514364192890437E-16 4.587912852328960E-17 1.805731960570486E-16 -2.426573401547721E-17 4.745565940993199E-17 -8.991016902820194E-17 -1.173865429771191E-16 4.852535488081536E-17 8.423845968260355E-18 1.136027895238060E-16 2.289323278522599E-18 4.971099059511232E-19 1.536963409503125E-17 4.044847313971435E-17 
-1.567200000000004E-02 4.300128396282473E-02 -7.603818707950408E-02 1.755263999999995E-01 9.595765411608742E-01 -1.229620380441964E-01 3.656800000000006E-02 8.919238707034434E-18 1.511732103236171E-16 1.503419647261545E-16 1.524218480515965E-15 9.257390595497090E-16 9.225295203900415E-18 4.882559542305937E-17 -2.574626968337678E-16 -7.663990704062908E-16 -8.447951586379047E-16 -7.606687060230752E-17 4.693490880213072E-17 4.300673965156714E-16 7.881780720058903E-16 1.898119637465061E-16 -1.094106490692601E-16 -3.705429889823193E-16 -3.089263421024661E-16 3.807324169804350E-16 4.426732049708213E-16 -2.341143696569771E-16 
2.284800000000014E-02 -6.162788535612451E-02 1.029853380439455E-01 -1.949696000000003E-01 8.393041682682885E-01 3.828519790438910E-01 -9.139200000000032E-02 -9.895914277427591E-18 -1.230232899140120E-16 1.626699482906187E-17 5.126042598895174E-17 1.876033631582479E-17 -1.294339720547554E-17 -7.046085270845532E-18 7.507989999731428E-17 3.549765976566987E-17 1.363479390003479E-16 1.483261364965101E-17 5.343472969931693E-17 -1.638735740284420E-16 -2.629734860343768E-18 -5.201715843823646E-17 -3.469747656248261E-17 -8.202173880820277E-17 -8.092867257353968E-18 6.650365899710582E-17 6.503324425666520E-17 5.069625390671351E-17 
6.832000000000019E-03 -1.818805384126083E-02 2.918327241935392E-02 -4.919040000000016E-02 1.118194929347166E-01 9.810316884871907E-01 -6.148800000000031E-02 -3.504575270923080E-18 -1.128467157136117E-16 1.411933841434535E-16 4.709845403322599E-17 3.922247686633643E-17 -1.369203747075896E-16 1.203065239746990E-16 -3.252317650110486E-17 -3.135445337637304E-16 1.301470504619934E-17 8.837742643810027E-17 -6.508043130813712E-17 -3.955005761929632E-17 6.567794217503511E-17 -3.739392866808043E-17 3.584226325079170E-17 -6.159648748579520E-17 4.089438619780094E-17 2.945137810743850E-17 2.847110161381148E-17 -8.462487599659935E-18 
-2.633446586703416E-16 0.000000000000000E+00 -6.061539062848909E-17 -3.158852075150349E-16 6.883314916811152E-17 0.000000000000000E+00 1.000000000000000E+00 9.020704615790557E-17 4.258384244345956E-16 -4.484109690735226E-16 -2.846849165766037E-16 -1.747117647557147E-16 2.275514071656605E-16 -1.552361505709597E-16 3.406355467549351E-16 1.556854858747183E-16 4.411026255986578E-16 -1.354173392495647E-16 1.239205490457065E-16 -2.827423206356213E-16 2.317368975581388E-18 1.678122238032547E-16 7.933255151580019E-17 -9.452281762914780E-17 6.617327897410323E-17 -7.044989472793007E-17 -7.044989472792978E-17 1.843894340251793E-17 
-6.148800000000069E-02 8.806536763812765E-16 -9.879975422070900E-16 9.476556225451046E-16 -4.901037173536942E-16 3.710059350327038E-16 -5.623471595862480E-17 9.810316884871889E-01 2.263591240093425E-15 -1.346199369448515E-15 6.780824330553566E-16 -1.446315961527998E-16 -3.125758966570984E-17 1.118194929347164E-01 -3.142917524297545E-16 2.432580538805593E-16 9.357578730041967E-17 -2.588756173242089E-16 -4.919040000000004E-02 1.361858830499840E-16 1.740217295009582E-16 -5.474427671583596E-17 2.918327241935375E-02 8.233504472497855E-18 -6.836278934393717E-17 -1.818805384126063E-02 9.089619671066295E-17 6.832000000000011E-03 
-3.505621447131341E-02 8.761493308253107E-02 -3.016056356962906E-02 2.913288866233909E-02 -2.556256378058115E-02 2.038447661351879E-02 -8.893352076698530E-03 8.761493308253070E-02 9.991806456501988E-01 -8.070894607827001E-02 3.471322837546659E-02 -1.648664230794393E-02 4.757986241749390E-03 -3.016056356962952E-02 -8.070894607827077E-02 9.902289480445435E-03 -3.735717855099524E-03 1.821019102579431E-03 2.913288866233941E-02 3.471322837546666E-02 -3.735717855099527E-03 2.197865207462893E-04 -2.556256378058147E-02 -1.648664230794409E-02 1.821019102579495E-03 2.038447661351899E-02 4.757986241749439E-03 -8.893352076698620E-03 
5.032687564303315E-02 -9.462019186810758E-02 1.872553013206065E-01 -1.240934088486814E-01 1.043990393901221E-01 -8.222406507242430E-02 3.613056036960603E-02 -9.862518951537659E-02 6.978119034312815E-01 5.720908914341514E-01 -1.749528929544277E-01 7.555237706473149E-02 -2.173961293509734E-02 -3.033267999133091E-02 -1.324756997569001E-01 -5.265844102259919E-02 1.972237404255034E-02 -7.515095678430652E-03 3.890792288233894E-02 8.438943977094836E-02 1.053265194297305E-02 -2.986221454847005E-03 -4.429374650915357E-02 -4.889952820857883E-02 3.326370208320676E-04 4.165907277052826E-02 1.657072960434943E-02 -2.026500287209757E-02 
3.345083622716569E-02 -7.090443902838488E-02 1.228479713908861E-01 -5.485780526397642E-03 1.336263475873191E-02 -1.174698256099853E-02 5.699447907649934E-03 -4.072203652696094E-02 1.651435795595612E-01 9.773442041153069E-01 -5.734063081883855E-02 1.802458791851563E-02 -5.393458965050383E-03 2.938506298725837E-03 -1.305738608289749E-01 -1.276929506976665E-01 1.562658734113769E-02 -1.596032842383796E-03 2.239948367053471E-02 1.135898819756573E-01 4.334833448790960E-02 -7.021421957680458E-03 -4.223315551930507E-02 -8.005473984218169E-02 -5.934307646040356E-03 5.030715795199710E-02 3.026156219653092E-02 -2.764497803944685E-02 
-2.486438914834085E-02 5.511856805249057E-02 -6.155041568170141E-02 1.808711816336332E-01 -1.105389938523524E-01 8.621294638895648E-02 -3.792844873123286E-02 2.618940227346372E-02 -1.271421116427379E-01 8.588868287915836E-01 3.907824611217761E-01 -1.199806667242874E-01 2.964209215624613E-02 2.048339992004636E-02 -8.526029429234930E-02 -1.752084123371108E-01 -2.578040505808145E-02 1.411291907772080E-02 3.864573917185771E-03 1.111171561362491E-01 8.264504388832238E-02 -6.235229224923037E-03 -3.056252662261896E-02 -9.849633196893645E-02 -1.692610652228132E-02 4.963927321852458E-02 4.218311324500142E-02 -3.127462801424635E-02 
-3.792844873123294E-02 8.621294638895660E-02 -1.105389938523522E-01 1.808711816336331E-01 -6.155041568170129E-02 5.511856805249036E-02 -2.486438914834072E-02 2.964209215624607E-02 -1.199806667242874E-01 3.907824611217761E-01 8.588868287915836E-01 -1.271421116427376E-01 2.618940227346373E-02 1.411291907772068E-02 -2.578040505808162E-02 -1.752084123371106E-01 -8.526029429234916E-02 2.048339992004640E-02 -6.235229224922955E-03 8.264504388832239E-02 1.111171561362488E-01 3.864573917185707E-03 -1.692610652228135E-02 -9.849633196893630E-02 -3.056252662261894E-02 4.218311324500159E-02 4.963927321852430E-02 -3.127462801424632E-02 
5.699447907649890E-03 -1.174698256099854E-02 1.336263475873189E-02 -5.485780526397760E-03 1.228479713908857E-01 -7.090443902838454E-02 3.345083622716556E-02 -5.393458965050295E-03 1.802458791851566E-02 -5.734063081883806E-02 9.773442041153066E-01 1.651435795595611E-01 -4.072203652696086E-02 -1.596032842383955E-03 1.562658734113747E-02 -1.276929506976660E-01 -1.305738608289747E-01 2.938506298725697E-03 -7.021421957680320E-03 4.334833448790943E-02 1.135898819756569E-01 2.239948367053471E-02 -5.934307646040321E-03 -8.005473984218137E-02 -4.223315551930503E-02 3.026156219653098E-02 5.030715795199678E-02 -2.764497803944677E-02 
3.613056036960608E-02 -8.222406507242440E-02 1.043990393901221E-01 -1.240934088486815E-01 1.872553013206065E-01 -9.462019186810719E-02 5.032687564303302E-02 -2.173961293509715E-02 7.555237706473164E-02 -1.749528929544273E-01 5.720908914341508E-01 6.978119034312826E-01 -9.862518951537667E-02 -7.515095678430742E-03 1.972237404255027E-02 -5.265844102259887E-02 -1.324756997569003E-01 -3.033267999133124E-02 -2.986221454847025E-03 1.053265194297269E-02 8.438943977094827E-02 3.890792288233913E-02 3.326370208321068E-04 -4.889952820857867E-02 -4.429374650915371E-02 1.657072960434951E-02 4.165907277052810E-02 -2.026500287209752E-02 
-8.893352076698693E-03 2.038447661351906E-02 -2.556256378058159E-02 2.913288866233941E-02 -3.016056356962958E-02 8.761493308253143E-02 -3.505621447131364E-02 4.757986241749446E-03 -1.648664230794397E-02 3.471322837546689E-02 -8.070894607827088E-02 9.991806456501987E-01 8.761493308253181E-02 1.821019102579427E-03 -3.735717855099748E-03 9.902289480445307E-03 -8.070894607827099E-02 -3.016056356962948E-02 2.197865207462246E-04 -3.735717855099578E-03 3.471322837546693E-02 2.913288866233940E-02 1.821019102579442E-03 -1.648664230794399E-02 -2.556256378058148E-02 4.757986241749476E-03 2.038447661351894E-02 -8.893352076698627E-03 
-1.088441094781194E-16 5.504085477382978E-17 -1.204369441900403E-16 -3.158852075150349E-16 -5.709345050868360E-17 -2.580910852401418E-16 -6.148800000000074E-02 -3.619740181425868E-16 -2.547684616166100E-16 -1.292351394670575E-15 -1.371269182936952E-15 -8.815640146456369E-16 9.810316884871906E-01 3.956967415119446E-17 -7.000134485935427E-16 -1.157119391431850E-15 -6.369471940652399E-16 1.118194929347174E-01 -2.623889491338325E-16 -6.355341208999253E-16 -7.681218619890076E-16 -4.919040000000063E-02 1.181314840034601E-16 3.319131490475698E-16 2.918327241935437E-02 -7.226425265545273E-17 -1.818805384126083E-02 6.832000000000094E-03 
-9.139200000000057E-02 4.042062772453125E-16 -1.063494285538688E-16 0.000000000000000E+00 3.325607574694150E-16 -2.177643531713697E-16 1.733903742057598E-16 3.828519790438910E-01 -8.496191240098914E-16 5.923277225573469E-16 -5.561010398527549E-16 6.060752600688754E-16 -3.704603219639685E-17 8.393041682682892E-01 -9.714472347828770E-16 1.402568959311333E-16 -1.393237934639072E-16 -1.472278392365169E-16 -1.949696000000000E-01 1.929300009874773E-16 7.667295264298183E-18 1.471813341212639E-16 1.029853380439453E-01 -1.193858148512189E-16 -6.310411324055738E-17 -6.162788535612408E-02 9.908504326117311E-17 2.284800000000005E-02 
5.032687564303304E-02 -9.862518951537673E-02 -3.033267999133064E-02 3.890792288233882E-02 -4.429374650915344E-02 4.165907277052808E-02 -2.026500287209750E-02 -9.462019186810713E-02 6.978119034312826E-01 -1.324756997568997E-01 8.438943977094830E-02 -4.889952820857871E-02 1.657072960434951E-02 1.872553013206061E-01 5.720908914341494E-01 -5.265844102259907E-02 1.053265194297276E-02 3.326370208320681E-04 -1.240934088486811E-01 -1.749528929544271E-01 1.972237404255035E-02 -2.986221454847002E-03 1.043990393901216E-01 7.555237706473132E-02 -7.515095678430619E-03 -8.222406507242414E-02 -2.173961293509701E-02 3.613056036960598E-02 
2.410688639831649E-02 -4.409683177140110E-02 -1.468171697941078E-02 -7.261018859819987E-02 9.172176612050033E-02 -9.063756549787373E-02 4.487057579051561E-02 -4.409683177140088E-02 2.409002139332639E-01 5.398393644128999E-01 -2.309679075047006E-01 1.273152447232822E-01 -4.121029289300127E-02 -1.468171697941099E-02 5.398393644128997E-01 1.816462160495753E-01 -3.796257955360322E-02 -1.414243988279874E-03 -7.261018859819963E-02 -2.309679075047003E-01 -3.796257955360322E-02 1.301543509738851E-02 9.172176612050004E-02 1.273152447232821E-01 -1.414243988279848E-03 -9.063756549787359E-02 -4.121029289300096E-02 4.487057579051560E-02 
-3.969670325611122E-02 6.979287601944449E-02 -7.426613622633160E-02 -4.318084947369265E-02 3.812066109550353E-02 -3.686968440098738E-02 1.784864835685813E-02 5.561731106789183E-02 -1.521596047330279E-01 7.716587898996504E-01 -9.209068467274234E-02 5.427461104550181E-02 -1.649597204503913E-02 -3.350105584193825E-02 2.959001419234309E-01 4.309961419853489E-01 -4.123398511828155E-02 -7.416731292456038E-05 -2.957797714051553E-02 -2.239259745197217E-01 -1.143529038530436E-01 1.807096624342942E-02 6.900163050796634E-02 1.574917189347666E-01 1.647272556828429E-02 -8.777172718692797E-02 -5.986437082975800E-02 4.981557396296637E-02 
-4.032818619254271E-02 7.372189886020722E-02 -6.826113421829647E-02 -2.107968763385136E-03 -6.826113421829656E-02 7.372189886020721E-02 -4.032818619254269E-02 5.103066855327226E-02 -1.514327641014734E-01 4.146103288484233E-01 4.146103288484237E-01 -1.514327641014737E-01 5.103066855327241E-02 -1.097323215876784E-02 6.956775931492923E-02 5.322406392460193E-01 6.956775931492980E-02 -1.097323215876785E-02 2.894186362252379E-03 -1.807915386076770E-01 -1.807915386076772E-01 2.894186362252253E-03 4.185770760310643E-02 1.674036692746540E-01 4.185770760310661E-02 -7.637089989562842E-02 -7.637089989562813E-02 5.141407150710088E-02 
1.784864835685820E-02 -3.686968440098748E-02 3.812066109550344E-02 -4.318084947369263E-02 -7.426613622633167E-02 6.979287601944442E-02 -3.969670325611119E-02 -1.649597204503922E-02 5.427461104550209E-02 -9.209068467274244E-02 7.716587898996509E-01 -1.521596047330284E-01 5.561731106789191E-02 -7.416731292440192E-05 -4.123398511828190E-02 4.309961419853489E-01 2.959001419234314E-01 -3.350105584193818E-02 1.807096624342937E-02 -1.143529038530437E-01 -2.239259745197220E-01 -2.957797714051557E-02 1.647272556828427E-02 1.574917189347667E-01 6.900163050796654E-02 -5.986437082975843E-02 -8.777172718692780E-02 4.981557396296642E-02 
4.487057579051570E-02 -9.063756549787381E-02 9.172176612050020E-02 -7.261018859820009E-02 -1.468171697941086E-02 -4.409683177140097E-02 2.410688639831647E-02 -4.121029289300121E-02 1.273152447232823E-01 -2.309679075047007E-01 5.398393644129005E-01 2.409002139332640E-01 -4.409683177140101E-02 -1.414243988279746E-03 -3.796257955360337E-02 1.816462160495754E-01 5.398393644128995E-01 -1.468171697941106E-02 1.301543509738840E-02 -3.796257955360335E-02 -2.309679075047004E-01 -7.261018859819952E-02 -1.414243988279813E-03 1.273152447232819E-01 9.172176612050011E-02 -4.121029289300134E-02 -9.063756549787334E-02 4.487057579051559E-02 
-2.026500287209743E-02 4.165907277052796E-02 -4.429374650915342E-02 3.890792288233871E-02 -3.033267999133065E-02 -9.862518951537666E-02 5.032687564303304E-02 1.657072960434936E-02 -4.889952820857855E-02 8.438943977094820E-02 -1.324756997568992E-01 6.978119034312825E-01 -9.462019186810748E-02 3.326370208321495E-04 1.053265194297302E-02 -5.265844102259916E-02 5.720908914341499E-01 1.872553013206059E-01 -2.986221454847141E-03 1.972237404255033E-02 -1.749528929544273E-01 -1.240934088486810E-01 -7.515095678430566E-03 7.555237706473109E-02 1.043990393901219E-01 -2.173961293509727E-02 -8.222406507242391E-02 3.613056036960592E-02 
5.867243750635967E-16 -1.045776240702766E-15 9.447930868570807E-16 -9.476556225451046E-16 5.261195943907218E-16 1.613069282750886E-16 -9.139200000000093E-02 -6.334545317495270E-16 7.599905452260315E-16 -2.153918991117625E-15 2.942288183764925E-15 -3.967038065905366E-15 3.828519790438928E-01 -1.055191310698519E-16 -5.714395498722805E-17 0.000000000000000E+00 -2.019002426470949E-15 8.393041682682902E-01 -1.734998634865023E-17 -3.026352956666311E-16 1.706937471086684E-16 -1.949696000000006E-01 1.568739393247846E-16 -1.903997909265129E-17 1.029853380439460E-01 7.226425265545273E-17 -6.162788535612416E-02 2.284800000000006E-02 
3.656800000000031E-02 -5.091279066579254E-16 2.581604000791045E-16 2.369139056362762E-16 -5.389283648532064E-16 7.823386021341798E-16 -3.889567853804882E-16 -1.229620380441964E-01 1.261460454324983E-15 -1.507743293782337E-15 1.718276822477982E-15 -1.101955018307046E-15 4.815984185531590E-16 9.595765411608738E-01 2.314330176982737E-15 -1.008096439505021E-15 2.649612755937284E-16 -8.342910890069291E-17 1.755264000000000E-01 -2.004958833791431E-16 1.201695645102237E-16 -2.333362614117599E-17 -7.603818707950383E-02 7.410154025248069E-17 3.575899750298252E-17 4.300128396282477E-02 -7.206184964448953E-17 -1.567200000000003E-02 
3.345083622716547E-02 -4.072203652696085E-02 2.938506298725877E-03 2.239948367053454E-02 -4.223315551930482E-02 5.030715795199679E-02 -2.764497803944669E-02 -7.090443902838425E-02 1.651435795595604E-01 -1.305738608289742E-01 1.135898819756565E-01 -8.005473984218130E-02 3.026156219653092E-02 1.228479713908854E-01 9.773442041153065E-01 -1.276929506976659E-01 4.334833448790929E-02 -5.934307646040287E-03 -5.485780526397557E-03 -5.734063081883777E-02 1.562658734113752E-02 -7.021421957680405E-03 1.336263475873174E-02 1.802458791851554E-02 -1.596032842383867E-03 -1.174698256099837E-02 -5.393458965050213E-03 5.699447907649886E-03 
-3.969670325611124E-02 5.561731106789197E-02 -3.350105584193836E-02 -2.957797714051566E-02 6.900163050796657E-02 -8.777172718692801E-02 4.981557396296641E-02 6.979287601944445E-02 -1.521596047330280E-01 2.959001419234313E-01 -2.239259745197218E-01 1.574917189347670E-01 -5.986437082975836E-02 -7.426613622633156E-02 7.716587898996498E-01 4.309961419853499E-01 -1.143529038530439E-01 1.647272556828422E-02 -4.318084947369256E-02 -9.209068467274222E-02 -4.123398511828162E-02 1.807096624342940E-02 3.812066109550344E-02 5.427461104550185E-02 -7.416731292449390E-05 -3.686968440098738E-02 -1.649597204503900E-02 1.784864835685815E-02 
-4.158801005007414E-02 6.421806291598847E-02 -4.090489748835669E-02 -1.481424252346270E-02 2.963104668519199E-02 -4.002119893269469E-02 2.329371913469468E-02 6.421806291598836E-02 -1.551607461176370E-01 2.536329493034055E-01 -1.070954691234114E-01 7.966971196338762E-02 -3.029628435153904E-02 -4.090489748835671E-02 2.536329493034056E-01 9.034860062712955E-01 -9.117489302273021E-02 1.187840279120133E-02 -1.481424252346273E-02 -1.070954691234118E-01 -9.117489302273063E-02 1.722893519306685E-02 2.963104668519203E-02 7.966971196338771E-02 1.187840279120148E-02 -4.002119893269489E-02 -3.029628435153903E-02 2.329371913469476E-02 
2.329371913469490E-02 -4.002119893269504E-02 2.963104668519220E-02 -1.481424252346275E-02 -4.090489748835693E-02 6.421806291598867E-02 -4.158801005007428E-02 -3.029628435153926E-02 7.966971196338805E-02 -1.070954691234121E-01 2.536329493034066E-01 -1.551607461176379E-01 6.421806291598868E-02 1.187840279120156E-02 -9.117489302273094E-02 9.034860062712951E-01 2.536329493034068E-01 -4.090489748835680E-02 1.722893519306694E-02 -9.117489302273085E-02 -1.070954691234121E-01 -1.481424252346285E-02 1.187840279120143E-02 7.966971196338787E-02 2.963104668519217E-02 -3.029628435153923E-02 -4.002119893269485E-02 2.329371913469481E-02 
4.981557396296646E-02 -8.777172718692812E-02 6.900163050796648E-02 -2.957797714051562E-02 -3.350105584193817E-02 5.561731106789185E-02 -3.969670325611119E-02 -5.986437082975832E-02 1.574917189347668E-01 -2.239259745197218E-01 2.959001419234309E-01 -1.521596047330283E-01 6.979287601944446E-02 1.647272556828433E-02 -1.143529038530439E-01 4.309961419853493E-01 7.716587898996506E-01 -7.426613622633148E-02 1.807096624342931E-02 -4.123398511828177E-02 -9.209068467274223E-02 -4.318084947369258E-02 -7.416731292441796E-05 5.427461104550177E-02 3.812066109550349E-02 -1.649597204503920E-02 -3.686968440098726E-02 1.784864835685815E-02 
-2.764497803944689E-02 5.030715795199721E-02 -4.223315551930514E-02 2.239948367053480E-02 2.938506298725905E-03 -4.072203652696089E-02 3.345083622716559E-02 3.026156219653112E-02 -8.005473984218169E-02 1.135898819756574E-01 -1.305738608289749E-01 1.651435795595611E-01 -7.090443902838461E-02 -5.934307646040428E-03 4.334833448790981E-02 -1.276929506976665E-01 9.773442041153065E-01 1.228479713908858E-01 -7.021421957680399E-03 1.562658734113762E-02 -5.734063081883769E-02 -5.485780526397389E-03 -1.596032842383916E-03 1.802458791851531E-02 1.336263475873167E-02 -5.393458965050276E-03 -1.174698256099826E-02 5.699447907649834E-03 
-2.771552049336691E-16 1.651225643214893E-16 -2.206845233673182E-16 7.897130187875872E-16 1.149894224115952E-16 -2.580910852401418E-16 3.656800000000009E-02 2.318896053725947E-16 -4.466421851783528E-16 1.292351394670575E-15 -1.275794201849576E-16 8.815640146456369E-16 -1.229620380441959E-01 -0.000000000000000E+00 8.285873473148086E-16 -2.244110334898133E-15 1.922859453781856E-15 9.595765411608741E-01 1.253855314297572E-16 -3.631623547999573E-16 -1.706937471086684E-16 1.755263999999998E-01 -3.178632968113180E-17 -3.751390475281835E-16 -7.603818707950376E-02 1.703371669735671E-16 4.300128396282472E-02 -1.567200000000006E-02 
5.779200000000016E-02 -3.302451286429787E-16 3.190482856616065E-16 0.000000000000000E+00 1.041167301227958E-16 2.822871244814051E-17 -3.046047114425510E-17 -1.768788753376276E-01 -6.090149601070627E-17 6.596376910297725E-16 2.229537297143840E-16 -0.000000000000000E+00 8.335357244189290E-17 5.178131997077947E-01 -1.142879099744560E-16 -1.402568959311333E-16 1.539778589989933E-16 1.963037856486892E-17 7.397376000000003E-01 -3.305344869858987E-16 -8.810333674168865E-17 -1.794894318551999E-17 -2.081389027589629E-01 -8.233504472497855E-17 2.524164529622295E-17 1.082029783887957E-01 -1.179193903273465E-16 -3.852800000000011E-02 
-2.486438914834077E-02 2.618940227346381E-02 2.048339992004623E-02 3.864573917185915E-03 -3.056252662261913E-02 4.963927321852469E-02 -3.127462801424639E-02 5.511856805249031E-02 -1.271421116427377E-01 -8.526029429234927E-02 1.111171561362492E-01 -9.849633196893674E-02 4.218311324500163E-02 -6.155041568170123E-02 8.588868287915835E-01 -1.752084123371113E-01 8.264504388832254E-02 -1.692610652228123E-02 1.808711816336336E-01 3.907824611217765E-01 -2.578040505808155E-02 -6.235229224923038E-03 -1.105389938523525E-01 -1.199806667242873E-01 1.411291907772076E-02 8.621294638895662E-02 2.964209215624599E-02 -3.792844873123292E-02 
-4.032818619254257E-02 5.103066855327235E-02 -1.097323215876785E-02 2.894186362252258E-03 4.185770760310654E-02 -7.637089989562827E-02 5.141407150710087E-02 7.372189886020696E-02 -1.514327641014730E-01 6.956775931492890E-02 -1.807915386076770E-01 1.674036692746543E-01 -7.637089989562845E-02 -6.826113421829633E-02 4.146103288484231E-01 5.322406392460196E-01 -1.807915386076770E-01 4.185770760310651E-02 -2.107968763385282E-03 4.146103288484241E-01 6.956775931492973E-02 2.894186362252232E-03 -6.826113421829647E-02 -1.514327641014735E-01 -1.097323215876794E-02 7.372189886020727E-02 5.103066855327222E-02 -4.032818619254272E-02 
2.329371913469488E-02 -3.029628435153937E-02 1.187840279120162E-02 1.722893519306676E-02 1.187840279120155E-02 -3.029628435153921E-02 2.329371913469484E-02 -4.002119893269510E-02 7.966971196338817E-02 -9.117489302273096E-02 -9.117489302273056E-02 7.966971196338807E-02 -4.002119893269499E-02 2.963104668519228E-02 -1.070954691234122E-01 9.034860062712956E-01 -1.070954691234119E-01 2.963104668519219E-02 -1.481424252346291E-02 2.536329493034066E-01 2.536329493034065E-01 -1.481424252346293E-02 -4.090489748835687E-02 -1.551607461176376E-01 -4.090489748835692E-02 6.421806291598871E-02 6.421806291598843E-02 -4.158801005007431E-02 
5.141407150710092E-02 -7.637089989562841E-02 4.185770760310656E-02 2.894186362252119E-03 -1.097323215876782E-02 5.103066855327233E-02 -4.032818619254264E-02 -7.637089989562836E-02 1.674036692746541E-01 -1.807915386076772E-01 6.956775931492913E-02 -1.514327641014736E-01 7.372189886020721E-02 4.185770760310655E-02 -1.807915386076773E-01 5.322406392460191E-01 4.146103288484241E-01 -6.826113421829635E-02 2.894186362252210E-03 6.956775931492930E-02 4.146103288484237E-01 -2.107968763385268E-03 -1.097323215876784E-02 -1.514327641014734E-01 -6.826113421829656E-02 5.103066855327237E-02 7.372189886020693E-02 -4.032818619254268E-02 
-3.127462801424658E-02 4.963927321852495E-02 -3.056252662261926E-02 3.864573917185836E-03 2.048339992004633E-02 2.618940227346360E-02 -2.486438914834072E-02 4.218311324500179E-02 -9.849633196893713E-02 1.111171561362493E-01 -8.526029429234995E-02 -1.271421116427377E-01 5.511856805249038E-02 -1.692610652228158E-02 8.264504388832276E-02 -1.752084123371112E-01 8.588868287915835E-01 -6.155041568170125E-02 -6.235229224922846E-03 -2.578040505808135E-02 3.907824611217770E-01 1.808711816336335E-01 1.411291907772061E-02 -1.199806667242875E-01 -1.105389938523527E-01 2.964209215624624E-02 8.621294638895642E-02 -3.792844873123295E-02 
1.141410992852571E-17 2.752042738691489E-17 -4.573403792537975E-17 3.158852075150349E-16 1.867574962445637E-17 -3.226138565501773E-17 5.779200000000012E-02 1.809870090712934E-16 -1.472704335873111E-16 -4.307837982235250E-16 1.625646370734561E-16 -1.652932527460569E-16 -1.768788753376274E-01 -4.220765242794075E-16 4.571516398978244E-16 0.000000000000000E+00 -9.614297268909282E-17 5.178131997077946E-01 3.051138619351979E-16 -2.421082365333049E-16 6.827749884346734E-16 7.397376000000002E-01 -1.463095114756967E-16 -7.492489069973048E-16 -2.081389027589632E-01 2.064692933012935E-17 1.082029783887955E-01 -3.852800000000017E-02 
-1.092381859832573E-16 -5.504085477382978E-17 -1.004964263361899E-16 -3.158852075150349E-16 2.214377510697059E-17 8.065346413754432E-17 -1.874490531954160E-17 0.000000000000000E+00 -1.969859405348265E-16 1.076959495558812E-16 2.567221455145257E-16 -2.203910036614092E-16 2.941887988511798E-17 -1.055191310698519E-16 1.142879099744562E-16 -1.402568959311333E-16 1.291966023444959E-16 -7.852151425947569E-17 1.000000000000000E+00 -2.407440624320553E-18 -7.112729672360793E-17 1.465272098512240E-16 3.325397840771241E-17 -1.864533409703822E-16 -8.721976047747658E-18 -5.893098494037356E-17 -1.714698803330134E-17 1.510034618635758E-17 
-3.792844873123298E-02 2.964209215624629E-02 1.411291907772043E-02 -6.235229224922891E-03 -1.692610652228143E-02 4.218311324500159E-02 -3.127462801424629E-02 8.621294638895642E-02 -1.199806667242875E-01 -2.578040505808138E-02 8.264504388832219E-02 -9.849633196893652E-02 4.963927321852449E-02 -1.105389938523524E-01 3.907824611217762E-01 -1.752084123371109E-01 1.111171561362489E-01 -3.056252662261883E-02 1.808711816336332E-01 8.588868287915837E-01 -8.526029429234923E-02 3.864573917185768E-03 -6.155041568170124E-02 -1.271421116427376E-01 2.048339992004633E-02 5.511856805249043E-02 2.618940227346355E-02 -2.486438914834073E-02 
1.784864835685831E-02 -1.649597204503932E-02 -7.416731292425908E-05 1.807096624342927E-02 1.647272556828443E-02 -5.986437082975835E-02 4.981557396296647E-02 -3.686968440098753E-02 5.427461104550243E-02 -4.123398511828155E-02 -1.143529038530435E-01 1.574917189347673E-01 -8.777172718692808E-02 3.812066109550367E-02 -9.209068467274263E-02 4.309961419853500E-01 -2.239259745197220E-01 6.900163050796648E-02 -4.318084947369277E-02 7.716587898996503E-01 2.959001419234317E-01 -2.957797714051570E-02 -7.426613622633155E-02 -1.521596047330280E-01 -3.350105584193828E-02 6.979287601944453E-02 5.561731106789168E-02 -3.969670325611122E-02 
4.981557396296653E-02 -5.986437082975862E-02 1.647272556828465E-02 1.807096624342931E-02 -7.416731292433294E-05 -1.649597204503915E-02 1.784864835685819E-02 -8.777172718692815E-02 1.574917189347671E-01 -1.143529038530441E-01 -4.123398511828157E-02 5.427461104550195E-02 -3.686968440098738E-02 6.900163050796659E-02 -2.239259745197223E-01 4.309961419853499E-01 -9.209068467274216E-02 3.812066109550349E-02 -2.957797714051574E-02 2.959001419234313E-01 7.716587898996502E-01 -4.318084947369269E-02 -3.350105584193824E-02 -1.521596047330281E-01 -7.426613622633171E-02 5.561731106789198E-02 6.979287601944431E-02 -3.969670325611122E-02 
-3.127462801424644E-02 4.218311324500187E-02 -1.692610652228147E-02 -6.235229224922851E-03 1.411291907772069E-02 2.964209215624616E-02 -3.792844873123290E-02 4.963927321852462E-02 -9.849633196893681E-02 8.264504388832267E-02 -2.578040505808177E-02 -1.199806667242874E-01 8.621294638895657E-02 -3.056252662261914E-02 1.111171561362492E-01 -1.752084123371107E-01 3.907824611217763E-01 -1.105389938523524E-01 3.864573917185826E-03 -8.526029429234924E-02 8.588868287915837E-01 1.808711816336334E-01 2.048339992004633E-02 -1.271421116427378E-01 -6.155041568170144E-02 2.618940227346381E-02 5.511856805249032E-02 -2.486438914834076E-02 
6.377878452172337E-17 0.000000000000000E+00 1.835819173938999E-16 3.158852075150349E-16 1.003147990873103E-16 6.452277131003545E-17 -3.147709052491173E-18 -9.049350453564671E-17 -2.571839038248197E-16 0.000000000000000E+00 -2.140653966908224E-16 5.509775091535231E-17 2.560530372947855E-17 -1.582786966047778E-16 4.542298040146077E-31 -5.610275837245332E-16 -2.884289180672785E-16 0.000000000000000E+00 3.544376122379090E-16 -0.000000000000000E+00 6.827749884346734E-16 9.999999999999999E-01 -6.402781752861386E-17 -7.733458233207472E-16 -1.823353089600963E-16 -5.153457258902507E-17 -3.729000194945262E-17 -5.644146590974154E-17 
-3.852800000000009E-02 3.715257697233510E-16 -4.573403792537975E-17 3.158852075150349E-16 1.003147990873103E-16 6.452277131003545E-17 -9.372452659770800E-18 1.082029783887958E-01 2.606780559389790E-16 2.153918991117625E-16 -1.368142572647730E-16 2.203910036614092E-16 1.319764896996638E-16 -2.081389027589631E-01 -4.542298040146077E-31 5.610275837245332E-16 -1.802591082049941E-16 -1.570430285189514E-16 7.397376000000003E-01 -9.079058869998933E-17 -1.078877805384481E-16 1.866690091294079E-16 5.178131997077944E-01 -1.317360715599657E-16 -1.093804629502995E-16 -1.768788753376277E-01 1.146438517071425E-16 5.779200000000016E-02 
5.699447907649838E-03 -5.393458965050269E-03 -1.596032842383947E-03 -7.021421957680228E-03 -5.934307646040361E-03 3.026156219653079E-02 -2.764497803944668E-02 -1.174698256099834E-02 1.802458791851552E-02 1.562658734113793E-02 4.334833448790919E-02 -8.005473984218127E-02 5.030715795199682E-02 1.336263475873176E-02 -5.734063081883804E-02 -1.276929506976660E-01 1.135898819756567E-01 -4.223315551930477E-02 -5.485780526397703E-03 9.773442041153063E-01 -1.305738608289744E-01 2.239948367053459E-02 1.228479713908854E-01 1.651435795595608E-01 2.938506298725799E-03 -7.090443902838450E-02 -4.072203652696064E-02 3.345083622716551E-02 
4.487057579051572E-02 -4.121029289300159E-02 -1.414243988279592E-03 1.301543509738840E-02 -1.414243988279690E-03 -4.121029289300131E-02 4.487057579051563E-02 -9.063756549787366E-02 1.273152447232824E-01 -3.796257955360333E-02 -3.796257955360318E-02 1.273152447232823E-01 -9.063756549787366E-02 9.172176612050029E-02 -2.309679075047007E-01 1.816462160495758E-01 -2.309679075047005E-01 9.172176612050013E-02 -7.261018859819977E-02 5.398393644128996E-01 5.398393644128998E-01 -7.261018859819976E-02 -1.468171697941098E-02 2.409002139332638E-01 -1.468171697941097E-02 -4.409683177140090E-02 -4.409683177140066E-02 2.410688639831642E-02 
-2.764497803944670E-02 3.026156219653092E-02 -5.934307646040421E-03 -7.021421957680287E-03 -1.596032842383907E-03 -5.393458965050267E-03 5.699447907649900E-03 5.030715795199677E-02 -8.005473984218116E-02 4.334833448790927E-02 1.562658734113779E-02 1.802458791851556E-02 -1.174698256099847E-02 -4.223315551930489E-02 1.135898819756566E-01 -1.276929506976657E-01 -5.734063081883817E-02 1.336263475873181E-02 2.239948367053463E-02 -1.305738608289744E-01 9.773442041153063E-01 -5.485780526397727E-03 2.938506298725779E-03 1.651435795595607E-01 1.228479713908855E-01 -4.072203652696086E-02 -7.090443902838421E-02 3.345083622716552E-02 
1.007841169891411E-16 -1.513623506280319E-16 -7.983019515390486E-17 1.381997782878277E-16 -1.475372739661084E-16 -1.613069282750886E-16 -3.852800000000004E-02 -1.809870090712934E-16 4.646523007021240E-16 5.384797477794062E-16 -1.368142572647730E-16 2.203910036614092E-16 1.082029783887955E-01 2.967725561339584E-16 -2.285758199489120E-16 -2.805137918622666E-16 3.365004044118249E-16 -2.081389027589625E-01 -4.530851128433312E-16 -4.842164730666097E-16 -6.827749884346734E-16 7.397376000000001E-01 1.409107195264525E-16 -7.739494204147983E-16 5.178131997077949E-01 -2.271162226314229E-16 -1.768788753376274E-01 5.779200000000013E-02 
-1.567199999999996E-02 0.000000000000000E+00 2.430065524219823E-16 1.579426037575174E-16 -1.120544977467382E-16 1.935683139301064E-16 -2.190810809221424E-16 4.300128396282459E-02 2.916093801737919E-17 1.076959495558812E-15 9.930758440280625E-16 -4.407820073228185E-16 3.426757978166708E-16 -7.603818707950405E-02 -1.285738987212624E-16 -8.415413755867998E-16 5.874026119303550E-16 -5.103898426865920E-16 1.755264000000003E-01 1.089487064399872E-15 -5.274346469722663E-16 3.446197091619838E-16 9.595765411608744E-01 8.233504472497855E-17 -5.889717235785356E-17 -1.229620380441960E-01 1.473992379091831E-16 3.656800000000018E-02 
3.613056036960595E-02 -2.173961293509725E-02 -7.515095678430642E-03 -2.986221454847003E-03 3.326370208321435E-04 1.657072960434924E-02 -2.026500287209740E-02 -8.222406507242397E-02 7.555237706473139E-02 1.972237404255052E-02 1.053265194297267E-02 -4.889952820857860E-02 4.165907277052801E-02 1.043990393901218E-01 -1.749528929544273E-01 -5.265844102259867E-02 8.438943977094805E-02 -4.429374650915335E-02 -1.240934088486813E-01 5.720908914341495E-01 -1.324756997568995E-01 3.890792288233895E-02 1.872553013206059E-01 6.978119034312821E-01 -3.033267999133099E-02 -9.462019186810716E-02 -9.862518951537608E-02 5.032687564303290E-02 
-2.026500287209746E-02 1.657072960434950E-02 3.326370208321387E-04 -2.986221454846845E-03 -7.515095678430529E-03 -2.173961293509712E-02 3.613056036960595E-02 4.165907277052813E-02 -4.889952820857852E-02 1.053265194297286E-02 1.972237404255082E-02 7.555237706473138E-02 -8.222406507242414E-02 -4.429374650915364E-02 8.438943977094826E-02 -5.265844102259916E-02 -1.749528929544275E-01 1.043990393901217E-01 3.890792288233920E-02 -1.324756997569000E-01 5.720908914341500E-01 -1.240934088486811E-01 -3.033267999133120E-02 6.978119034312819E-01 1.872553013206064E-01 -9.862518951537649E-02 -9.462019186810673E-02 5.032687564303290E-02 
1.104805497643347E-16 3.302451286429787E-16 1.975450094506154E-16 -7.897130187875872E-17 -7.470299849782548E-17 1.290455426200709E-16 -1.567199999999999E-02 -1.809870090712934E-16 -5.939126187656639E-16 8.615675964470499E-16 5.826330722337433E-16 2.203910036614092E-16 4.300128396282470E-02 -2.637978276746297E-17 6.285835048595090E-16 -5.478784997309895E-16 -3.004467896534151E-16 -7.603818707950373E-02 1.772188061189545E-16 -0.000000000000000E+00 -1.706937471086684E-16 1.755263999999998E-01 -1.957566247204704E-16 -1.235025670874678E-16 9.595765411608751E-01 -2.684100812916816E-16 -1.229620380441960E-01 3.656800000000016E-02 
2.284800000000016E-02 -2.201634190953191E-16 9.119558089674656E-17 -7.897130187875872E-17 -1.376662983362230E-16 0.000000000000000E+00 2.050224019324862E-17 -6.162788535612435E-02 -3.109329178394691E-16 -4.307837982235250E-16 -2.398157764995055E-16 -0.000000000000000E+00 -2.431145862888543E-17 1.029853380439458E-01 1.142879099744557E-16 5.434954717331416E-16 -1.382100060340984E-16 7.852151425947569E-17 -1.949696000000007E-01 -0.000000000000000E+00 -2.665772719271424E-16 -4.020563273556478E-16 8.393041682682886E-01 -6.586803577998284E-17 3.028997435546754E-16 3.828519790438916E-01 -2.194610875536727E-16 -9.139200000000060E-02 
-8.893352076698779E-03 4.757986241749590E-03 1.821019102579478E-03 2.197865207464522E-04 1.821019102579538E-03 4.757986241749414E-03 -8.893352076698627E-03 2.038447661351927E-02 -1.648664230794423E-02 -3.735717855099307E-03 -3.735717855099294E-03 -1.648664230794404E-02 2.038447661351902E-02 -2.556256378058188E-02 3.471322837546730E-02 9.902289480445430E-03 3.471322837546680E-02 -2.556256378058145E-02 2.913288866233986E-02 -8.070894607827200E-02 -8.070894607827074E-02 2.913288866233942E-02 -3.016056356962987E-02 9.991806456501989E-01 -3.016056356962946E-02 8.761493308253210E-02 8.761493308253197E-02 -3.505621447131393E-02 
1.012756729045898E-16 -2.752042738691489E-17 3.038944380044843E-16 -7.897130187875872E-17 -8.310651179528242E-17 -6.452277131003545E-17 2.284800000000004E-02 -3.732857062095427E-16 1.867848167490130E-17 4.307837982235250E-16 6.148210469945972E-16 2.892631923055996E-16 -6.162788535612413E-02 2.110382621397038E-16 -1.142879099744566E-16 6.311560316900999E-16 4.807148634454641E-17 1.029853380439454E-01 1.194165838699412E-17 2.421082365333049E-16 -1.706937471086683E-15 -1.949696000000001E-01 -3.662819760715557E-16 6.586803577998284E-17 8.393041682682892E-01 4.955263039231044E-16 3.828519790438906E-01 -9.139200000000056E-02 
6.832000000000149E-03 0.000000000000000E+00 1.515384765712227E-17 7.897130187875872E-17 -1.259265996767951E-16 -2.580910852401418E-16 6.838961550176506E-17 -1.818805384126080E-02 3.442563741221376E-16 3.230878486676437E-16 4.973195745863366E-16 5.509775091535230E-16 -2.260386808233276E-16 2.918327241935425E-02 4.571516398978237E-16 8.415413755867998E-16 3.214466853744618E-16 5.496505998163298E-16 -4.919040000000076E-02 -4.842164730666097E-16 -1.399869358161459E-16 -6.892394183239676E-16 1.118194929347179E-01 -5.269442862398627E-16 8.077326494791345E-16 9.810316884871915E-01 -5.437394109538756E-16 -6.148800000000098E-02 
4.349851172863623E-17 -2.201634190953191E-16 -6.846480941106315E-17 1.974282546968968E-16 1.632780989257078E-16 1.935683139301064E-16 6.832000000000027E-03 -8.554464100635353E-17 1.969859405348265E-16 -1.076959495558812E-16 2.320193516575408E-17 -8.264662637302847E-17 -1.818805384126064E-02 2.077407892937709E-16 -4.571516398978239E-16 -5.610275837245332E-16 -1.291921195509685E-16 2.918327241935388E-02 -9.362845183244973E-17 -2.421082365333049E-16 -3.840609309945038E-16 -4.919040000000020E-02 -6.682021546144955E-17 -2.634721431199314E-16 1.118194929347167E-01 -0.000000000000000E+00 9.810316884871909E-01 -6.148800000000074E-02 
7.346687784685991E-17 -5.292482466104390E-17 -1.825761971137840E-16 -6.039655161456959E-16 -4.247385936680970E-16 2.580910852401418E-16 -7.073373193630717E-17 2.107824596348671E-16 2.443013920847477E-16 1.501641670061238E-16 1.946315736950652E-16 2.353443241112211E-16 1.930319919140167E-16 -4.045838578160226E-16 -9.964125330108493E-16 -9.730322155222373E-16 -9.741751807851790E-16 -4.122379498622474E-16 5.386886245717159E-16 2.209237658366407E-15 2.136531787299364E-15 5.743661819366396E-16 -4.013488437135379E-16 -2.107777144959451E-15 -3.903556273613685E-16 3.112992650853006E-16 3.144517075395907E-16 1.000000000000000E+00 
% number of plot elements
100
% number of vertices per plot elements
3
% triangulation of plot nodes
9 20 10
64 63 65
3 2 13
12 2 13
38 39 45
38 39 31
4 15 5
1 12 2
22 12 13
22 12 21
32 39 31
32 24 33
26 35 27
19 9 20
14 24 15
14 3 13
14 4 15
14 4 3
11 12 21
11 1 0
11 1 12
30 22 31
30 38 31
30 22 21
46 39 45
25 24 15
25 24 33
17 26 27
29 19 20
8 19 9
23 22 31
23 32 24
23 22 13
23 32 31
23 14 13
23 14 24
61 64 63
51 46 45
40 32 39
40 32 33
40 41 33
40 46 39
43 44 50
34 41 33
34 26 35
34 25 33
34 25 26
6 17 7
28 29 37
28 29 19
60 61 63
62 61 58
62 61 64
62 59 58
52 51 56
52 51 46
42 48 41
42 43 35
42 34 35
42 34 41
16 25 26
16 15 5
16 25 15
16 17 26
16 6 5
16 6 17
36 44 37
36 43 44
36 35 27
36 43 35
36 28 27
36 28 37
18 17 7
18 8 19
18 17 27
18 8 7
18 28 27
18 28 19
54 58 53
54 59 58
54 48 53
54 55 59
57 58 53
57 60 61
57 61 58
57 60 56
57 52 53
57 52 56
47 48 41
47 40 46
47 48 53
47 40 41
47 52 53
47 52 46
49 55 50
49 42 43
49 43 50
49 42 48
49 54 48
49 54 55
