# max number of non-zeros per row
18
# column index of non-zeros (each row is Np column offsets, 1-indexed)
1 1 1 1 1 1 4 4 4 4 7 7 7 7 9 11 11 11 11 13 14 16 16 16 16 18 19 20 22 22 22 22 24 25 26 27 29 29 29 29 31 32 33 34 35 37 37 37 37 39 40 41 42 43 44
2 2 2 2 2 2 5 5 5 5 8 8 8 8 10 12 12 12 12 14 15 17 17 17 17 19 20 21 23 23 23 23 25 26 27 28 30 30 30 30 32 33 34 35 36 38 38 38 38 40 41 42 43 44 45
3 3 3 3 3 3 6 6 6 6 9 9 9 9 13 13 13 13 13 15 19 18 18 18 18 20 21 26 24 24 24 24 26 27 28 34 31 31 31 31 33 34 35 36 43 39 39 39 39 41 42 43 44 45 53
4 4 4 4 4 4 7 7 7 7 10 10 10 10 14 14 14 14 14 18 20 19 19 19 19 21 25 27 25 25 25 25 27 28 33 35 32 32 32 32 34 35 36 42 44 40 40 40 40 42 43 44 45 52 54
5 5 5 5 5 5 8 8 8 8 11 11 11 11 15 16 16 15 15 19 21 22 22 20 20 24 26 28 29 29 26 26 28 32 34 36 37 37 33 33 35 36 41 43 45 46 46 41 41 43 44 45 51 53 55
6 6 6 6 6 6 9 9 9 9 12 12 12 12 18 17 17 16 16 20 25 23 23 22 21 25 27 33 30 30 29 27 31 33 35 42 38 38 37 34 39 40 42 44 52 47 47 46 42 48 49 50 52 54 0
0 0 0 7 7 7 10 10 10 10 13 13 13 13 19 18 18 17 17 21 26 24 24 23 22 26 28 34 31 31 30 29 32 34 36 43 39 39 38 37 40 41 43 45 53 48 48 47 46 49 50 51 53 55 0
0 0 0 8 8 8 11 11 11 11 14 14 14 14 20 19 19 18 18 24 27 25 25 24 23 27 32 35 32 32 31 30 33 35 41 44 40 40 39 38 41 42 44 51 54 49 49 48 47 50 51 52 54 0 0
0 0 0 9 9 9 12 12 12 12 16 16 15 15 21 22 22 19 19 25 28 29 29 25 24 28 33 36 37 37 32 31 34 36 42 45 46 46 40 39 42 43 45 52 55 0 0 49 48 51 52 53 55 0 0
0 0 0 10 10 10 13 13 13 13 17 17 16 16 0 23 23 20 20 26 0 30 30 26 25 31 34 0 38 38 33 32 35 40 43 0 47 47 41 40 43 44 50 53 0 0 0 50 49 52 53 54 0 0 0
0 0 0 0 0 0 14 14 14 14 18 18 17 17 0 24 24 22 21 27 0 31 31 29 26 32 35 0 39 39 37 33 39 41 44 0 48 48 46 41 48 49 51 54 0 0 0 0 50 0 0 0 0 0 0
0 0 0 0 0 0 0 0 15 15 19 19 18 18 0 25 25 23 22 28 0 32 32 30 27 33 36 0 40 40 38 34 40 42 45 0 49 49 47 42 49 50 52 55 0 0 0 0 51 0 0 0 0 0 0
0 0 0 0 0 0 0 0 0 0 0 0 19 19 0 0 0 24 23 0 0 0 0 31 29 34 0 0 0 0 39 37 41 43 0 0 0 0 48 46 50 51 53 0 0 0 0 0 0 0 0 0 0 0 0
0 0 0 0 0 0 0 0 0 0 0 0 20 20 0 0 0 25 24 0 0 0 0 32 30 35 0 0 0 0 40 38 42 44 0 0 0 0 49 47 51 52 54 0 0 0 0 0 0 0 0 0 0 0 0
0 0 0 0 0 0 0 0 0 0 0 0 0 21 0 0 0 26 25 0 0 0 0 33 31 0 0 0 0 0 41 39 43 0 0 0 0 0 50 48 52 53 0 0 0 0 0 0 0 0 0 0 0 0 0
0 0 0 0 0 0 0 0 0 0 0 0 0 0 0 0 0 0 26 0 0 0 0 0 32 0 0 0 0 0 0 40 0 0 0 0 0 0 0 49 0 0 0 0 0 0 0 0 0 0 0 0 0 0 0
0 0 0 0 0 0 0 0 0 0 0 0 0 0 0 0 0 0 27 0 0 0 0 0 33 0 0 0 0 0 0 41 0 0 0 0 0 0 0 50 0 0 0 0 0 0 0 0 0 0 0 0 0 0 0
0 0 0 0 0 0 0 0 0 0 0 0 0 0 0 0 0 0 0 0 0 0 0 0 34 0 0 0 0 0 0 42 0 0 0 0 0 0 0 51 0 0 0 0 0 0 0 0 0 0 0 0 0 0 0
# non-zero value of Srr
1.500000000000001E+00 -1.500000000000000E+00 2.396856030012881E-16 -1.936491673103709E+00 1.936491673103711E+00 4.256618019065461E-16 1.859623566247137E-15 -1.956768080901838E-15 6.611414901763713E-16 -1.899915472981371E-15 5.419276138951545E-15 -5.474787290182803E-15 2.841125482931589E-15 -4.598815745876029E-17 -2.659402249857683E-16 1.693090112553364E-15 -2.539635168830046E-15 1.332686921125423E-15 4.922572288280664E-15 -1.087691635050027E-15 -4.658304677951499E-15 -1.110223024625157E-15 -1.193489751472043E-15 -1.221704014966406E-15 -6.159087596425125E-15 -2.008613962915049E-15 -1.811574652483185E-15 -3.341953827101674E-15 7.494005416219807E-16 -1.249000902703301E-15 -1.459455587699179E-15 -2.485228723282732E-14 -1.029836627585906E-14 1.343611997779349E-14 -3.073491801240568E-15 -1.048304238165134E-14 2.137179322403426E-15 1.776356839400250E-15 -2.981557828844243E-16 -1.042102566903205E-14 -2.844618075812489E-15 1.199556680281435E-14 -3.754242784192165E-15 -1.020406322589989E-14 -6.069349245714344E-15 1.831867990631508E-15 -1.665334536937735E-16 2.174970870611253E-15 6.081014931355559E-15 6.804827593296055E-15 -1.732678371301011E-14 -3.641194391975767E-15 -9.120649825431913E-16 -2.091080241018144E-15 -1.056924816102665E-14
-1.500000000000000E+00 1.500000000000001E+00 -2.396856030012935E-16 1.936491673103710E+00 -1.936491673103710E+00 6.652488715212123E-16 -3.642919299551295E-16 6.349087922075114E-16 1.617065429813106E-15 2.111000318601879E-15 -1.318389841742373E-15 1.484923295436147E-15 -1.954553416324620E-16 1.970565598233147E-15 6.619970551332355E-16 -4.302114220422482E-16 1.179611963664229E-15 -7.066685867322907E-16 -2.993126102125460E-15 3.028395736107189E-15 -2.069265771815726E-15 2.498001805406602E-16 2.137179322403426E-15 -1.355661389466132E-15 1.700739842947486E-15 5.929677981689415E-16 -4.205138335182732E-15 4.555270917117653E-15 -1.554312234475219E-15 2.081668171172169E-15 -1.799222461923252E-15 8.633056413313166E-15 2.018013072235782E-16 -3.089570387193086E-15 8.976647278782527E-15 8.683660552885329E-15 -3.969047313034935E-15 2.775557561562891E-17 2.131758496991910E-15 7.668558443521206E-16 1.899410621839630E-15 5.137357609870068E-15 1.044246836496224E-14 8.173724150043742E-15 1.180095650196394E-14 -2.275957200481571E-15 6.383782391594650E-16 1.504377621935563E-15 3.355013416220275E-15 -3.922150857091601E-15 6.077545816564872E-15 4.982998553720852E-15 -7.205204508092853E-15 1.622527678008523E-14 1.061207815675915E-14
2.396856030012875E-16 -2.396856030012927E-16 6.616006816761861E-30 -9.421259062864682E-16 9.421259062864670E-16 2.415244989550270E-17 -1.635380673071101E-15 1.635380673071105E-15 8.355605711269447E-16 5.538857075661885E-16 -1.121089607994384E-15 1.121089607994384E-15 2.310180931691695E-15 5.349204484849909E-16 7.565787736939250E-16 -5.454124740435505E-16 5.454124740435518E-16 3.290434456024657E-15 -4.772819577404793E-16 5.528072807594683E-16 7.547831465799891E-16 -5.783595368258856E-16 5.783595368258625E-16 3.054000119835620E-15 -4.254591570922224E-16 2.754914615865950E-16 5.958742193558197E-16 -2.470198446297461E-15 5.305306573889414E-17 -5.305306573888714E-17 1.859608658420762E-15 1.404084936444711E-15 -2.868457389103472E-15 -1.837614605002384E-15 -5.737416677007903E-15 1.322874985199915E-15 1.227869278303537E-15 -1.227869278303528E-15 -6.928597340065580E-16 1.597315035355804E-15 -4.546819347344553E-15 -3.087709469277907E-15 -8.157381384934038E-15 2.239071169571806E-15 -3.208716224453880E-15 7.695910059448623E-16 -7.695910059448490E-16 -2.106343653003839E-15 3.693386358436556E-15 2.639846701127343E-17 2.168514581153301E-15 -4.465573675992954E-15 4.429155090257634E-16 -5.283398017261395E-15 -1.693288672990380E-16
-1.936491673103709E+00 1.936491673103710E+00 -9.421259062864698E-16 3.750000000000001E+00 -3.750000000000003E+00 -1.131195368100919E-15 1.984313483298442E+00 -1.984313483298441E+00 -1.818736361663882E-15 1.032723515616815E-15 -4.753142324176451E-15 5.686423554251974E-15 -4.999851109219692E-15 4.434364577497113E-15 1.734579776745678E-15 -2.040034807748725E-15 2.425143419415576E-15 -2.330189697232059E-15 4.076800955116976E-15 9.816991387195824E-16 -1.543281299458565E-15 1.304512053934559E-15 1.124100812432971E-15 7.664467978358605E-16 1.880596028874091E-15 -7.154744504966189E-15 -6.447028275191145E-15 -6.578799518223777E-15 -2.539635168830046E-15 3.066991105526995E-15 5.981768233639921E-16 5.358041071024712E-15 -1.545131800440070E-14 -1.370240880755604E-14 -6.227863601673695E-15 4.335311683340366E-15 -7.875644580934704E-15 1.269817584415023E-15 5.101612905631485E-15 2.539682377402266E-15 -1.127166382206840E-14 -1.531025174119331E-14 -1.020060732079372E-14 9.165273056768098E-15 -1.150349372557568E-15 -3.275157922644212E-15 2.345346139520643E-15 4.020692713153739E-15 4.183660761957531E-16 6.708219559156426E-15 -6.735325388857718E-15 -1.887949341588707E-14 -2.061673049919925E-15 6.978482818096579E-15 -1.549782844892573E-15
1.936491673103710E+00 -1.936491673103711E+00 9.421259062864686E-16 -3.750000000000003E+00 3.750000000000005E+00 -3.188166173811948E-16 -1.984313483298443E+00 1.984313483298443E+00 -1.472034072264121E-15 -1.069369549046825E-15 2.893518757929314E-15 -3.882311139236094E-15 2.710016120930307E-15 -3.908743364276140E-15 -2.699116522574884E-15 2.539635168830046E-15 -2.980254931728155E-15 4.162057687863568E-15 -1.781761796399660E-15 -5.042903636415785E-15 -4.897889916395989E-16 1.831867990631508E-15 -4.399258735077183E-15 8.988877391018743E-16 2.473559895827695E-15 -5.746177145438828E-15 -1.687752483428856E-15 5.922355654486154E-15 4.204969705767780E-15 -4.732325642464730E-15 -3.318223233695626E-15 -1.000415699370972E-15 -2.457099799845864E-15 -2.508663390610162E-15 4.361028926309227E-15 -4.418985837997966E-15 7.153999614928352E-15 -7.424616477180734E-16 -5.934280174100353E-15 2.373054506564052E-15 2.868663304436750E-15 4.887599416655665E-15 9.656327665810628E-15 -1.014247808029600E-14 -2.092277826566911E-15 2.470246229790973E-15 -1.415534356397075E-15 2.973712341984747E-15 2.190658031673365E-15 -2.988972426662152E-15 6.317040190712811E-15 1.959934267204524E-14 -1.745503408158516E-15 -1.105069197197941E-14 1.129072644347927E-15
1.425154223878695E-16 7.664796790239764E-16 2.415244989550326E-17 -1.211353351293143E-15 -4.340318656708580E-16 3.749999999999998E+00 -1.921789009037487E-15 2.797824364405773E-15 3.968626966596881E+00 2.280422758179495E-15 -5.578746869042312E-16 3.051875020728048E-17 -8.109832250191572E-16 5.338665707427248E-15 -1.535816846555447E-15 -7.921865758550142E-16 -3.284447896260032E-16 9.766493169749414E-16 3.474217441512550E-15 -6.645664650094946E-15 1.140050072252856E-15 -1.157416591881806E-15 4.370124469390855E-15 -1.384309333829493E-15 1.769851626365336E-15 -8.248040922129164E-15 -1.478594688770735E-15 -1.527384167697410E-14 -7.164098569311914E-16 5.359986154296025E-16 3.282096816548119E-15 5.358560817292356E-15 -6.242510848519789E-15 3.254929081797884E-15 -1.863043744998318E-14 -2.192432818040814E-15 1.312478842521748E-15 -1.649015196861248E-15 -7.771561172376098E-16 7.608497165634277E-15 -1.483622252829166E-15 1.256164768557999E-14 -3.243510865910658E-15 4.196707078865507E-15 -9.748535397503173E-15 -3.447987067131648E-15 1.773978912814035E-15 4.662936703425654E-15 -3.545774784896591E-15 -5.310855921702993E-15 6.543729317090575E-15 1.611093342204295E-14 -3.475393844544832E-15 -8.017958039209871E-15 0.000000000000000E+00
0.000000000000000E+00 0.000000000000000E+00 0.000000000000000E+00 1.984313483298443E+00 -1.984313483298445E+00 -1.480626217391918E-15 5.250000000000001E+00 -5.250000000000001E+00 -5.586690262439679E-15 -3.140202504502751E-15 2.598076211353314E+00 -2.598076211353312E+00 -7.412687778185010E-15 1.150669798190842E-15 -1.312787229447011E-15 -1.110223024625157E-15 -6.245004513516506E-16 3.974344548377187E-16 9.564531810575818E-15 -5.796366235073353E-15 -3.351930207561984E-15 1.165734175856414E-15 -1.249000902703301E-15 -3.534603859335159E-15 1.040870331064257E-15 -5.256766919693786E-17 1.495118913005896E-15 -9.829273017063234E-15 -4.302114220422482E-15 1.970645868709653E-15 -3.711760467737869E-15 -3.407286354894752E-15 1.521177431399185E-14 1.503418565326009E-14 -1.165552510044658E-14 -1.096610435705655E-14 -6.411537967210279E-15 2.942091015256665E-15 2.421603602064565E-15 7.821370765321622E-15 3.373198950352733E-15 1.077111602159387E-14 -9.880679050210073E-15 -1.307024968961587E-14 -1.167986583499776E-14 9.992007221626409E-16 5.828670879282072E-15 -5.582607581788276E-16 3.548788775452185E-15 -4.802206184488885E-15 -8.434651083854742E-16 -7.656831294566853E-15 -3.491281845994062E-15 -1.261432312050670E-14 0.000000000000000E+00
0.000000000000000E+00 0.000000000000000E+00 0.000000000000000E+00 -1.984313483298442E+00 1.984313483298444E+00 2.427785235275254E-15 -5.250000000000000E+00 5.249999999999998E+00 5.624854178911169E-15 3.366150237248730E-15 -2.598076211353313E+00 2.598076211353312E+00 3.859974099384509E-15 -1.118577413885271E-15 -3.107721868210888E-15 -9.714451465470120E-16 1.262878690511116E-15 -3.700347953097558E-15 -1.091761612183773E-14 -3.930282504837228E-15 6.596669059487924E-15 -2.442490654175344E-15 2.636779683484747E-15 -1.794466658865591E-15 -4.753178569654622E-15 -5.484669666121029E-15 8.163757026728973E-15 -8.181158405585651E-18 3.413935800722356E-15 -8.881784197001252E-16 -3.837756099713195E-15 -3.674719288307796E-16 -1.277101838329248E-14 -4.636713924178410E-15 -1.088178524725136E-14 1.454210633365870E-15 5.495603971894525E-15 -2.248201624865942E-15 -8.638852539965441E-15 -3.824567876671059E-15 -7.033465484663795E-15 -1.558909363568495E-14 -2.421270878490011E-14 -6.511011042780466E-15 9.478479721126558E-15 -8.326672684688674E-16 -5.773159728050814E-15 -5.436943574797015E-15 7.775486075724408E-15 -5.425723429870372E-15 -5.105335371607992E-15 -2.290552690519254E-14 -1.173005183506327E-14 0.000000000000000E+00 0.000000000000000E+00
0.000000000000000E+00 0.000000000000000E+00 0.000000000000000E+00 -1.726303188465683E-15 -2.010291178788359E-15 3.968626966596879E+00 -5.527231749180365E-15 5.582742900411620E-15 6.999999999999990E+00 -1.880718074765559E-15 -7.842992046717083E-16 -1.130835512806689E-15 4.472135954999575E+00 1.946956051240844E-15 -1.185651308578145E-16 1.804390383493019E-15 -2.068068351841494E-15 -3.101685575046533E-15 4.909917958317855E-15 -9.215826886344038E-15 5.738650335230268E-16 -4.394753130127297E-15 7.017655025804234E-15 -3.115563362854348E-15 6.421078946328148E-15 -2.211848326022503E-14 -9.467675192551156E-15 -1.331500157150355E-14 -9.091524206880884E-16 5.899633011083539E-16 2.331468351712828E-15 8.749945212827013E-15 -2.906735182411913E-14 -9.030645155283514E-15 -2.277417556751042E-14 -4.106422813814581E-15 5.296928672254494E-15 -3.284649440121397E-15 4.302114220422478E-16 1.347533196138784E-14 -7.722988915048748E-15 1.399069391155167E-14 -2.842876330903050E-14 6.158537750788812E-15 -1.371563067777132E-14 0.000000000000000E+00 0.000000000000000E+00 9.492406860545082E-15 -8.465450562766763E-16 -2.867497905789659E-15 1.260688602122695E-14 -2.181636693673015E-14 6.955475923808493E-15 0.000000000000000E+00 0.000000000000000E+00
0.000000000000000E+00 0.000000000000000E+00 0.000000000000000E+00 8.257283745649602E-16 -1.266348137463069E-15 6.742900724193221E-16 -3.871902798380233E-15 4.038436252074007E-15 -2.769881700457038E-15 1.399999999999997E+01 -3.150257832373882E-15 2.373101715136272E-15 1.419845675697486E-15 1.341640786499871E+01 0.000000000000000E+00 -1.609823385706477E-15 8.604228440844963E-16 1.842616927326408E-15 2.522480038101755E-15 -2.427639513492569E-15 0.000000000000000E+00 2.470246229790973E-15 1.110223024625157E-16 2.160660322508669E-15 -2.568171443301035E-15 -3.736703688638483E-15 -3.611295161531822E-14 0.000000000000000E+00 6.661338147750939E-16 -3.663735981263017E-15 2.313750852558847E-15 -8.290155639957636E-15 6.786370632458704E-16 -1.093620255150336E-14 -2.249844998253433E-15 0.000000000000000E+00 -1.149080830487037E-14 9.159339953157541E-15 5.232625379898763E-16 -5.097708772925834E-15 5.529611421076267E-15 4.808752972778193E-17 6.840082031873363E-15 -4.594577332767701E-14 0.000000000000000E+00 0.000000000000000E+00 0.000000000000000E+00 -2.677603683210222E-15 3.804795486180876E-15 -2.669644685149461E-14 1.425077430601934E-14 -4.272195436017024E-15 0.000000000000000E+00 0.000000000000000E+00 0.000000000000000E+00
0.000000000000000E+00 0.000000000000000E+00 0.000000000000000E+00 0.000000000000000E+00 0.000000000000000E+00 0.000000000000000E+00 2.598076211353316E+00 -2.598076211353316E+00 5.223899912370905E-17 -2.472355795623321E-15 5.625000000000003E+00 -5.625000000000004E+00 2.480299736380721E-15 -3.895253724284276E-15 0.000000000000000E+00 2.781074432660880E+00 -2.781074432660882E+00 5.409498554024919E-15 -1.494707710023239E-15 1.757193288246472E-15 0.000000000000000E+00 3.747002708109903E-15 1.346145417358002E-15 -1.568381359445376E-15 -3.116018524306410E-15 -7.612397303431377E-16 1.056162538047734E-15 0.000000000000000E+00 -2.220446049250313E-15 -2.747801985947262E-15 -1.816831872881876E-15 -2.261626690780292E-15 1.354473044050122E-14 1.777571310260809E-14 1.086550288746831E-14 0.000000000000000E+00 2.775557561562891E-15 -5.578870698741412E-15 -4.616928157513759E-16 2.465714114563731E-16 5.035367430020088E-16 2.215201267660490E-14 2.513788245190669E-14 -8.422923471181322E-15 0.000000000000000E+00 0.000000000000000E+00 0.000000000000000E+00 0.000000000000000E+00 -1.482163227938912E-14 0.000000000000000E+00 0.000000000000000E+00 0.000000000000000E+00 0.000000000000000E+00 0.000000000000000E+00 0.000000000000000E+00
0.000000000000000E+00 0.000000000000000E+00 0.000000000000000E+00 0.000000000000000E+00 0.000000000000000E+00 0.000000000000000E+00 0.000000000000000E+00 0.000000000000000E+00 -1.585734551887207E-15 1.392056750958765E-15 -5.625000000000005E+00 5.625000000000006E+00 -3.535011609774620E-15 -1.518561451696144E-16 0.000000000000000E+00 -2.781074432660882E+00 2.781074432660884E+00 -1.079628757986807E-15 -3.938446216736120E-15 1.301441079056504E-14 0.000000000000000E+00 -6.467049118441537E-15 1.373900992973631E-15 -8.741092947299668E-16 2.852340555957938E-15 1.160282777432919E-14 1.969454547147821E-14 0.000000000000000E+00 -7.216449660063518E-16 5.689893001203927E-15 -5.288595484719125E-15 6.980074545437208E-15 -7.313603714792531E-15 1.295968376387999E-14 2.641977868453804E-14 0.000000000000000E+00 -2.886579864025407E-15 5.911937606128959E-15 -4.201243887674282E-15 2.195919242718969E-15 -6.346085410091893E-15 -1.225931837397816E-14 1.875324729244301E-14 1.445536988408425E-14 0.000000000000000E+00 0.000000000000000E+00 0.000000000000000E+00 0.000000000000000E+00 9.048472551338295E-15 0.000000000000000E+00 0.000000000000000E+00 0.000000000000000E+00 0.000000000000000E+00 0.000000000000000E+00 0.000000000000000E+00
0.000000000000000E+00 0.000000000000000E+00 0.000000000000000E+00 0.000000000000000E+00 0.000000000000000E+00 0.000000000000000E+00 0.000000000000000E+00 0.000000000000000E+00 0.000000000000000E+00 0.000000000000000E+00 0.000000000000000E+00 0.000000000000000E+00 1.249999999999999E+01 4.011548038196366E-15 0.000000000000000E+00 0.000000000000000E+00 0.000000000000000E+00 6.755037451669021E+00 5.147791914961174E-15 0.000000000000000E+00 0.000000000000000E+00 0.000000000000000E+00 0.000000000000000E+00 -7.271960811294777E-15 7.691763892481161E-15 -3.263882220050363E-14 0.000000000000000E+00 0.000000000000000E+00 0.000000000000000E+00 0.000000000000000E+00 -7.438494264988549E-15 9.402201239794294E-15 -4.411401799409020E-14 6.472050000962125E-15 0.000000000000000E+00 0.000000000000000E+00 0.000000000000000E+00 0.000000000000000E+00 -6.494804694057166E-15 6.286637876939950E-15 -3.153900751673433E-14 2.562999725647109E-15 -3.554460430144329E-14 0.000000000000000E+00 0.000000000000000E+00 0.000000000000000E+00 0.000000000000000E+00 0.000000000000000E+00 0.000000000000000E+00 0.000000000000000E+00 0.000000000000000E+00 0.000000000000000E+00 0.000000000000000E+00 0.000000000000000E+00 0.000000000000000E+00
0.000000000000000E+00 0.000000000000000E+00 0.000000000000000E+00 0.000000000000000E+00 0.000000000000000E+00 0.000000000000000E+00 0.000000000000000E+00 0.000000000000000E+00 0.000000000000000E+00 0.000000000000000E+00 0.000000000000000E+00 0.000000000000000E+00 4.573594884069857E-15 2.249999999999997E+01 0.000000000000000E+00 0.000000000000000E+00 0.000000000000000E+00 -1.387881469168013E-16 1.436140661634504E+01 0.000000000000000E+00 0.000000000000000E+00 0.000000000000000E+00 0.000000000000000E+00 -6.356764904493863E-15 -1.395078890330901E-14 4.854194030310389E-15 0.000000000000000E+00 0.000000000000000E+00 0.000000000000000E+00 0.000000000000000E+00 -3.528255588431014E-15 -1.116408194768867E-14 3.205687904673125E-15 -2.879182508749736E-14 0.000000000000000E+00 0.000000000000000E+00 0.000000000000000E+00 0.000000000000000E+00 -8.926657912091572E-15 -4.841990288242838E-15 1.309291871009132E-14 -4.749010219059702E-14 -1.870382768047382E-14 0.000000000000000E+00 0.000000000000000E+00 0.000000000000000E+00 0.000000000000000E+00 0.000000000000000E+00 0.000000000000000E+00 0.000000000000000E+00 0.000000000000000E+00 0.000000000000000E+00 0.000000000000000E+00 0.000000000000000E+00 0.000000000000000E+00
0.000000000000000E+00 0.000000000000000E+00 0.000000000000000E+00 0.000000000000000E+00 0.000000000000000E+00 0.000000000000000E+00 0.000000000000000E+00 0.000000000000000E+00 0.000000000000000E+00 0.000000000000000E+00 0.000000000000000E+00 0.000000000000000E+00 0.000000000000000E+00 -5.078619816356600E-15 0.000000000000000E+00 0.000000000000000E+00 0.000000000000000E+00 5.336009412104659E-15 1.566455298807057E-15 0.000000000000000E+00 0.000000000000000E+00 0.000000000000000E+00 0.000000000000000E+00 1.831867990631508E-15 1.127570259384925E-14 0.000000000000000E+00 0.000000000000000E+00 0.000000000000000E+00 0.000000000000000E+00 0.000000000000000E+00 9.853229343548264E-15 1.103978020111640E-14 1.210728566014563E-14 0.000000000000000E+00 0.000000000000000E+00 0.000000000000000E+00 0.000000000000000E+00 0.000000000000000E+00 -8.160139230994901E-15 1.276756478318930E-15 7.975391180803371E-15 -1.070703855438060E-14 0.000000000000000E+00 0.000000000000000E+00 0.000000000000000E+00 0.000000000000000E+00 0.000000000000000E+00 0.000000000000000E+00 0.000000000000000E+00 0.000000000000000E+00 0.000000000000000E+00 0.000000000000000E+00 0.000000000000000E+00 0.000000000000000E+00 0.000000000000000E+00
0.000000000000000E+00 0.000000000000000E+00 0.000000000000000E+00 0.000000000000000E+00 0.000000000000000E+00 0.000000000000000E+00 0.000000000000000E+00 0.000000000000000E+00 0.000000000000000E+00 0.000000000000000E+00 0.000000000000000E+00 0.000000000000000E+00 0.000000000000000E+00 0.000000000000000E+00 0.000000000000000E+00 0.000000000000000E+00 0.000000000000000E+00 0.000000000000000E+00 -3.472046619030540E-15 0.000000000000000E+00 0.000000000000000E+00 0.000000000000000E+00 0.000000000000000E+00 0.000000000000000E+00 -1.184537675405883E-14 0.000000000000000E+00 0.000000000000000E+00 0.000000000000000E+00 0.000000000000000E+00 0.000000000000000E+00 0.000000000000000E+00 -4.941091071171667E-15 0.000000000000000E+00 0.000000000000000E+00 0.000000000000000E+00 0.000000000000000E+00 0.000000000000000E+00 0.000000000000000E+00 0.000000000000000E+00 3.434153703520325E-17 0.000000000000000E+00 0.000000000000000E+00 0.000000000000000E+00 0.000000000000000E+00 0.000000000000000E+00 0.000000000000000E+00 0.000000000000000E+00 0.000000000000000E+00 0.000000000000000E+00 0.000000000000000E+00 0.000000000000000E+00 0.000000000000000E+00 0.000000000000000E+00 0.000000000000000E+00 0.000000000000000E+00
0.000000000000000E+00 0.000000000000000E+00 0.000000000000000E+00 0.000000000000000E+00 0.000000000000000E+00 0.000000000000000E+00 0.000000000000000E+00 0.000000000000000E+00 0.000000000000000E+00 0.000000000000000E+00 0.000000000000000E+00 0.000000000000000E+00 0.000000000000000E+00 0.000000000000000E+00 0.000000000000000E+00 0.000000000000000E+00 0.000000000000000E+00 0.000000000000000E+00 -9.233068119023596E-15 0.000000000000000E+00 0.000000000000000E+00 0.000000000000000E+00 0.000000000000000E+00 0.000000000000000E+00 -8.624360262467493E-15 0.000000000000000E+00 0.000000000000000E+00 0.000000000000000E+00 0.000000000000000E+00 0.000000000000000E+00 0.000000000000000E+00 -7.104828746011282E-15 0.000000000000000E+00 0.000000000000000E+00 0.000000000000000E+00 0.000000000000000E+00 0.000000000000000E+00 0.000000000000000E+00 0.000000000000000E+00 -7.361813499561237E-15 0.000000000000000E+00 0.000000000000000E+00 0.000000000000000E+00 0.000000000000000E+00 0.000000000000000E+00 0.000000000000000E+00 0.000000000000000E+00 0.000000000000000E+00 0.000000000000000E+00 0.000000000000000E+00 0.000000000000000E+00 0.000000000000000E+00 0.000000000000000E+00 0.000000000000000E+00 0.000000000000000E+00
0.000000000000000E+00 0.000000000000000E+00 0.000000000000000E+00 0.000000000000000E+00 0.000000000000000E+00 0.000000000000000E+00 0.000000000000000E+00 0.000000000000000E+00 0.000000000000000E+00 0.000000000000000E+00 0.000000000000000E+00 0.000000000000000E+00 0.000000000000000E+00 0.000000000000000E+00 0.000000000000000E+00 0.000000000000000E+00 0.000000000000000E+00 0.000000000000000E+00 0.000000000000000E+00 0.000000000000000E+00 0.000000000000000E+00 0.000000000000000E+00 0.000000000000000E+00 0.000000000000000E+00 -1.451616604697392E-14 0.000000000000000E+00 0.000000000000000E+00 0.000000000000000E+00 0.000000000000000E+00 0.000000000000000E+00 0.000000000000000E+00 -4.440892098500619E-16 0.000000000000000E+00 0.000000000000000E+00 0.000000000000000E+00 0.000000000000000E+00 0.000000000000000E+00 0.000000000000000E+00 0.000000000000000E+00 -8.937295348232513E-15 0.000000000000000E+00 0.000000000000000E+00 0.000000000000000E+00 0.000000000000000E+00 0.000000000000000E+00 0.000000000000000E+00 0.000000000000000E+00 0.000000000000000E+00 0.000000000000000E+00 0.000000000000000E+00 0.000000000000000E+00 0.000000000000000E+00 0.000000000000000E+00 0.000000000000000E+00 0.000000000000000E+00
# non-zero value of Srs
2.999999999999998E+00 -1.500000000000000E+00 -1.500000000000000E+00 -3.872983346207417E+00 1.936491673103711E+00 1.936491673103709E+00 -4.841301122032804E-15 -4.812990284097651E-15 1.130180268225462E-15 -7.247771084639636E-15 2.453221339667311E-15 9.337149109445164E-16 2.850187684150795E-15 -2.535478994753059E-15 -2.494540492222227E-15 6.752580795130450E-15 2.359223927328458E-15 2.061522488931911E-16 1.518913161038671E-14 -2.531559870069319E-15 -5.955533596139951E-15 1.571201178510413E-15 -5.567594996147562E-15 -5.106418196453003E-15 8.998517424287126E-15 7.575550048551299E-15 -5.589230592770242E-15 3.076646471399427E-15 -4.981844656947421E-15 -1.026956297778270E-15 -6.156666615886376E-15 -1.784306909863686E-14 2.489967380474980E-16 9.960658345320754E-15 -2.796692243889760E-15 -6.063939234827924E-15 5.626803147737722E-15 1.368349877850505E-14 -7.095284440165237E-15 4.649631036878205E-15 -1.446891923307754E-14 -2.953490932699595E-15 5.639450094373460E-15 -7.195664017131965E-15 -1.593328942058487E-14 -1.414301043581253E-14 -1.890328171771927E-14 1.307015517051607E-14 -4.652592109310215E-15 4.843352722303314E-15 -3.680679600749261E-15 1.078620691650163E-15 -2.907064107141811E-15 -6.705804940260710E-15 -1.061970658531856E-14
-1.500000000000000E+00 3.634670294947037E-16 1.500000000000000E+00 1.936491673103708E+00 -9.503417391894311E-16 -1.936491673103709E+00 2.745579727536423E-15 3.034369425325704E-15 -1.334190929402510E-15 2.910102692389727E-15 -2.907771269594280E-15 -4.004882025723151E-15 6.271630162397099E-17 1.168336159432403E-15 2.880832957764756E-16 1.663171578361425E-15 3.562513228127975E-15 -5.351005924698654E-15 -4.205134555714161E-15 1.539409073893044E-15 -3.607387788513418E-15 -3.936724895635233E-15 -1.768756006996905E-15 5.775097548299303E-15 -5.894759468638013E-15 -3.263470887975861E-15 3.978766000034298E-15 -1.570117781941208E-15 7.567148449501178E-15 7.208077591073307E-15 -9.217349573372118E-15 8.094494042706745E-15 6.333898681720421E-15 -1.725128499059368E-15 1.046212888793556E-14 7.281857804641074E-15 -1.053471602149616E-14 -8.642879558834402E-15 1.216978031152652E-14 -2.320303368187342E-15 7.079444426851816E-15 4.307257341326965E-15 4.905108067493480E-15 1.261596240795875E-14 2.014016406277185E-14 1.251754526523288E-14 1.451446059708731E-14 -7.759903909088599E-15 2.131490352215416E-15 -2.436168282150785E-15 5.552573342433624E-15 2.347773722771793E-15 1.382524678435024E-15 1.578358733536086E-14 1.586854612486846E-14
-1.500000000000000E+00 1.500000000000000E+00 -4.793712060025765E-16 1.936491673103709E+00 -1.936491673103708E+00 3.422980648990753E-16 -1.806654376538143E-15 2.023149959428548E-15 3.824096783735191E-15 4.547349976354671E-15 -3.707149230062875E-16 -5.805897156083248E-16 3.770504099939808E-15 7.695495124534601E-15 3.325718191406453E-15 -2.066750553104410E-16 1.539190387068407E-16 8.688021297113738E-16 3.816848015093884E-15 3.072186690702134E-15 8.153967291966394E-17 2.379805592936705E-15 1.583674004992819E-15 4.454062515610461E-16 4.429387516273410E-15 2.107046881606483E-16 -3.463745605701303E-15 -7.933381958829976E-15 -3.807883568809596E-15 -1.540120259368266E-15 4.469513519346324E-15 2.008360681999021E-15 -4.282850252287975E-15 -6.406443374945425E-15 -6.132715329813232E-15 3.842203883442047E-15 4.975648100515324E-16 -6.005470039411606E-15 3.205440076741557E-15 9.987769101402448E-15 -5.060715551308187E-15 -6.968189110421524E-15 -3.342432085162888E-15 1.217678697163394E-15 -9.801716547568908E-16 -1.286590987533895E-15 5.485332620774404E-15 -2.585928495556810E-15 5.815718016189293E-16 5.841083256468611E-15 5.380759781067649E-15 -1.288310914685685E-14 -4.054544371470878E-15 -7.260236439772900E-15 -2.157884858024952E-15
-3.872983346207417E+00 1.936491673103708E+00 1.936491673103709E+00 3.750000000000001E+00 -3.750000000000001E+00 -3.750000000000000E+00 1.984313483298448E+00 1.984313483298445E+00 -3.968626966596883E+00 7.488963005276345E-15 -1.202547146880650E-16 -3.777475877270634E-15 1.542022577427710E-15 6.151602761962263E-15 2.912135962253589E-15 -2.179511930232736E-15 1.797545079670771E-15 -5.632745696177255E-15 -5.037588152218981E-15 4.671227655819625E-15 -2.690222034491821E-15 -6.662659412443980E-15 4.604791513253411E-16 2.419917202055621E-15 -1.424607462572009E-14 -8.565312261385440E-15 -5.193386503681034E-15 6.351594653290926E-16 1.397633679813792E-14 1.264295041412799E-14 -1.198826543768666E-14 3.247142275118418E-15 -2.610746862552475E-14 -1.753723713135098E-14 -5.533547440906143E-15 4.524945780903114E-15 -1.335298860713232E-14 -1.204046729255456E-15 2.019196612328978E-14 -6.030432607473430E-16 -2.173875090040550E-14 -2.614265907560027E-14 -2.548760582708952E-14 -5.713978588071658E-15 8.862891346584240E-15 -6.644694404167606E-15 -7.239277926332770E-15 1.110772863480648E-14 1.384498443752024E-14 1.646410470823408E-14 -1.040845761139512E-14 -2.591660056181112E-14 -2.607573627335941E-14 9.131714100660039E-15 5.216674753356136E-15
1.936491673103711E+00 -9.503417391894311E-16 -1.936491673103708E+00 -3.750000000000001E+00 3.750000000000003E+00 3.750000000000000E+00 -5.952940449895335E+00 1.984313483298442E+00 3.968626966596883E+00 -1.763221035839265E-15 -2.586668564817302E-16 2.321060010856968E-15 -1.367589856132796E-15 -5.994786799916596E-15 -4.090866158515155E-15 -1.521024802584593E-15 -6.227657278756737E-15 7.349341402931054E-15 -2.741439560302852E-15 -5.979938269503288E-15 4.188104068173540E-15 7.858841180676490E-15 1.037364638634131E-15 -4.547620596312326E-15 7.553976055639916E-15 -5.571611090110764E-15 -1.727348038537047E-15 -5.575769164033946E-15 -3.308073142089576E-15 -1.209449207451030E-14 -4.623676084643520E-16 2.832399271978887E-15 -3.940590498431921E-15 2.964919798913620E-15 -1.037699242126067E-14 8.281056087411659E-15 4.951871449904193E-15 1.301042606982605E-14 -2.129212922712691E-14 -1.069137944497431E-14 1.326466689953220E-14 2.818203602231898E-14 1.276027985182351E-14 5.808062246293563E-15 -6.805229376208599E-15 4.434843915740969E-17 4.878042414446782E-15 -5.457497324595508E-15 -4.613756353523260E-15 2.301717165760618E-15 1.131409014544148E-14 3.569688372975976E-14 8.815951415206251E-15 -1.178006100121949E-14 -2.202790945788237E-15
1.936491673103709E+00 -1.936491673103709E+00 3.422980648990753E-16 -3.750000000000000E+00 3.750000000000000E+00 3.749999999999997E+00 1.984313483298444E+00 -1.984313483298444E+00 3.968626966596879E+00 4.582575694955828E+00 -9.555226601638408E-16 1.201975007932160E-14 -3.362110936877550E-15 -1.093456565409683E-14 7.273773038285426E-15 -2.334987836306697E-15 -6.254210145920861E-15 8.756884106730922E-15 3.390804663027618E-15 7.829142472130443E-15 1.637686868201153E-15 -6.314480876301392E-15 3.031005369682577E-15 1.208234901017845E-15 -2.489316371606858E-15 5.166643480235267E-15 -3.857182725221512E-15 -1.700075081244571E-14 5.475824547639938E-15 -3.192959391901693E-15 3.946495907847238E-15 9.356427436445797E-15 1.588356182691264E-15 6.568478222463196E-15 -8.317143458152945E-15 -1.882795092650108E-14 -1.856110849164224E-15 6.738329539355665E-15 -2.386979502944091E-15 -1.338563159206035E-14 1.227880644383283E-14 8.400316597594491E-15 8.404519353585199E-15 -1.533669777915865E-14 3.913108750937878E-15 5.208034948693815E-15 6.668302613294063E-16 3.814656923672995E-15 1.743609928524856E-14 -8.446368604531074E-15 -1.658411736376693E-14 9.991074638351482E-15 5.888891539598303E-15 -1.535662950093621E-14 0.000000000000000E+00
0.000000000000000E+00 0.000000000000000E+00 0.000000000000000E+00 1.984313483298448E+00 -5.952940449895335E+00 1.984313483298444E+00 5.250000000000008E+00 -5.250000000000004E+00 -3.500000000000000E+00 -7.383969013064298E-15 2.598076211353315E+00 5.196152422706643E+00 -8.944271909999159E+00 4.147732189817819E-15 -1.239000936150243E-14 -1.990534989929515E-15 -3.320209055842211E-15 7.203539876341636E-15 2.123508853606736E-14 -5.975237276552863E-15 -1.823977293424649E-14 3.045495746337293E-15 -9.350071133488722E-15 2.539145087868346E-15 1.599280474093007E-14 1.452651465713615E-14 -1.679063038725161E-14 -2.784904079834506E-14 6.895579335736052E-15 2.299619377059128E-14 -4.022172158017754E-15 -5.347367278884312E-15 1.541625386650258E-14 9.003291590567868E-15 -1.909909556482774E-14 -2.632749129774454E-14 -1.401767382767564E-14 -1.245708876517876E-14 2.136706209539823E-14 7.340634543316079E-15 9.581877288721142E-16 1.580090187521302E-14 7.239745025677655E-15 -1.155777832265284E-14 -2.973242013218460E-14 -8.559780525467008E-15 -9.376577232724731E-15 8.649789852097209E-15 8.388916677333551E-15 -2.275663072166026E-15 1.148935482706349E-15 8.063271195990009E-15 1.181214477242024E-14 -2.556170767795477E-14 0.000000000000000E+00
0.000000000000000E+00 0.000000000000000E+00 0.000000000000000E+00 1.984313483298445E+00 1.984313483298442E+00 -1.984313483298444E+00 -5.250000000000004E+00 5.250000000000001E+00 3.500000000000001E+00 6.326164931243019E-15 -1.039230484541326E+01 2.598076211353310E+00 8.944271909999157E+00 1.173457589629004E-14 7.870296255953212E-15 2.896008967212010E-15 1.237898672457050E-14 -1.360933789770018E-14 -1.347389202440782E-15 -2.884036941329974E-15 -5.572003069649874E-16 1.815111031323452E-15 -5.002942504717112E-15 5.023242521609640E-15 2.441898113544798E-15 -1.601564864913813E-14 -1.031148414161296E-15 1.433939016852344E-14 -4.037454420368996E-15 -1.618150058391166E-14 5.478537426818375E-15 -8.955013623944589E-15 -1.558287871382261E-14 -1.522379251200809E-14 2.647755706928555E-15 -7.494798021321598E-15 1.659377767369050E-14 3.386180225106727E-15 -1.750444385635850E-14 -2.325419331159635E-14 -1.725069852984659E-14 -3.529057430772650E-14 -5.101526442779728E-14 -6.548199042093369E-15 2.156341881810395E-14 -2.130923411907970E-15 6.342149028171207E-15 -4.496312060468995E-15 -2.203037929356118E-14 -5.090471764867425E-15 -1.956421776040861E-14 -5.292956966622695E-14 -1.095708789727425E-14 0.000000000000000E+00 0.000000000000000E+00
0.000000000000000E+00 0.000000000000000E+00 0.000000000000000E+00 -3.968626966596883E+00 3.968626966596883E+00 3.968626966596879E+00 -3.500000000000000E+00 3.500000000000001E+00 6.999999999999986E+00 8.082903768654745E+00 3.464101615137754E+00 -3.464101615137749E+00 4.472135954999576E+00 7.745966692414816E+00 -3.371233481719473E-16 -1.043024617640634E-15 -8.043734918003018E-15 4.465178227164301E-15 -8.422292786772659E-15 -1.073800607893222E-15 -4.959895202008159E-15 -3.235329769991058E-15 1.011420691771715E-14 -9.343220641611083E-15 -1.693654546786966E-14 -7.979375623787255E-15 -1.580647916151281E-14 -1.631086493486071E-14 -8.057818015863684E-15 -6.964729966819229E-15 5.218048215738240E-15 -6.123354472880748E-15 -1.669064192411085E-14 -5.792039244189787E-15 -2.560838560786858E-14 2.187471458808537E-15 5.069855697521418E-15 1.474160322151241E-14 -2.477185123694890E-15 -1.047624041733855E-15 1.045821415579518E-14 6.016112460680441E-15 -3.037086247335179E-14 -2.042109472190363E-14 -3.587026392912658E-16 0.000000000000000E+00 0.000000000000000E+00 -2.504940699310517E-15 6.018172444724839E-15 1.445718544879071E-14 -7.942477844907273E-15 -1.798165735506386E-14 -3.089929723605397E-14 0.000000000000000E+00 0.000000000000000E+00
0.000000000000000E+00 0.000000000000000E+00 0.000000000000000E+00 7.488963005276345E-15 -1.763221035839265E-15 4.582575694955828E+00 -7.383969013064298E-15 6.326164931243019E-15 8.082903768654745E+00 1.399999999999998E+01 -4.178763396275912E-16 4.910275775360256E-15 -2.581988897471607E+00 1.341640786499872E+01 0.000000000000000E+00 -5.785844693193904E-15 -5.550119822613837E-16 3.664047980877440E-15 1.080844562986114E-14 -2.373700599023383E-14 0.000000000000000E+00 2.665740955678592E-15 -1.225528909772897E-15 2.318137707339290E-15 -3.836473471116491E-15 -2.468697185833008E-15 -3.830590025753608E-14 0.000000000000000E+00 -5.232969071851144E-15 9.524682489999070E-15 -2.216452974858932E-16 -1.181192900853289E-14 2.753875291495501E-15 -2.620898024949456E-14 -4.506345685414018E-14 0.000000000000000E+00 5.073939676037916E-16 4.253632914383859E-15 -4.988563165510899E-15 3.416958626228423E-15 8.375567975190684E-15 2.023083274799480E-14 -8.939934906017079E-17 -2.454088025505928E-14 0.000000000000000E+00 0.000000000000000E+00 0.000000000000000E+00 7.945511481835833E-15 -1.018708508653098E-14 -3.462822251325177E-14 2.018606848653142E-15 1.131871388889930E-14 0.000000000000000E+00 0.000000000000000E+00 0.000000000000000E+00
0.000000000000000E+00 0.000000000000000E+00 0.000000000000000E+00 0.000000000000000E+00 0.000000000000000E+00 0.000000000000000E+00 2.598076211353315E+00 -1.039230484541326E+01 3.464101615137754E+00 -4.178763396275912E-16 5.624999999999990E+00 -5.625000000000004E+00 -4.841229182759266E+00 -3.794186501200739E-15 0.000000000000000E+00 2.781074432660871E+00 8.343223297982620E+00 -1.308107377666078E+01 6.473631993707669E-15 -1.451041785911128E-14 0.000000000000000E+00 4.754852635048466E-15 1.556395861239956E-14 -1.181119871654534E-14 2.381309952486033E-14 4.600071754886791E-16 5.940029876967434E-15 0.000000000000000E+00 -1.380627331365823E-14 6.559664086496787E-15 -8.406351729016831E-15 -2.109567752093788E-15 3.960192672793380E-14 1.576913116757462E-14 1.421454680472115E-14 0.000000000000000E+00 -1.125890058624934E-14 -1.587396273959729E-14 5.771775841663958E-15 -1.439310956128015E-14 2.604541131334821E-14 5.289513791078762E-14 2.075327865117532E-14 1.444160412183232E-14 0.000000000000000E+00 0.000000000000000E+00 0.000000000000000E+00 0.000000000000000E+00 -1.849348034074066E-14 0.000000000000000E+00 0.000000000000000E+00 0.000000000000000E+00 0.000000000000000E+00 0.000000000000000E+00 0.000000000000000E+00
0.000000000000000E+00 0.000000000000000E+00 0.000000000000000E+00 0.000000000000000E+00 0.000000000000000E+00 0.000000000000000E+00 0.000000000000000E+00 0.000000000000000E+00 -3.464101615137749E+00 4.910275775360256E-15 -5.625000000000004E+00 5.625000000000017E+00 4.841229182759261E+00 2.643081099820582E-15 0.000000000000000E+00 -1.390537216330438E+01 2.781074432660891E+00 1.308107377666079E+01 9.700419147375292E-15 8.790229223426350E-15 0.000000000000000E+00 -5.108755810083383E-15 -2.411959520998153E-14 1.787888708161605E-14 1.852059081417888E-14 4.792971944094720E-15 2.967574591550900E-14 0.000000000000000E+00 -4.244199077708924E-15 1.382227665658320E-14 2.976415533357520E-15 -2.265990773701340E-14 -2.666439168295895E-14 1.029736954859235E-14 5.541832365938433E-14 0.000000000000000E+00 -6.215460776331523E-15 1.904032487232143E-14 -3.291171093040501E-15 -1.326175862664996E-14 -6.682554165796057E-15 -3.015467631356671E-14 5.830309777892178E-14 2.513674143282327E-14 0.000000000000000E+00 0.000000000000000E+00 0.000000000000000E+00 0.000000000000000E+00 -9.248968644047258E-15 0.000000000000000E+00 0.000000000000000E+00 0.000000000000000E+00 0.000000000000000E+00 0.000000000000000E+00 0.000000000000000E+00
0.000000000000000E+00 0.000000000000000E+00 0.000000000000000E+00 0.000000000000000E+00 0.000000000000000E+00 0.000000000000000E+00 0.000000000000000E+00 0.000000000000000E+00 0.000000000000000E+00 0.000000000000000E+00 0.000000000000000E+00 0.000000000000000E+00 1.250000000000000E+01 8.660254037844386E+00 0.000000000000000E+00 0.000000000000000E+00 0.000000000000000E+00 6.755037451669020E+00 1.658312395177698E+01 0.000000000000000E+00 0.000000000000000E+00 0.000000000000000E+00 0.000000000000000E+00 -1.476596622751458E-14 -3.456248477225098E-14 -1.417854549046194E-14 0.000000000000000E+00 0.000000000000000E+00 0.000000000000000E+00 0.000000000000000E+00 1.249000902703303E-15 -2.868855187642027E-14 -3.984182775362832E-14 -5.957379812325941E-15 0.000000000000000E+00 0.000000000000000E+00 0.000000000000000E+00 0.000000000000000E+00 -2.262079412673757E-14 -9.038208653648927E-15 -2.338754190311931E-14 -2.706956179352016E-14 -5.287818404306867E-14 0.000000000000000E+00 0.000000000000000E+00 0.000000000000000E+00 0.000000000000000E+00 0.000000000000000E+00 0.000000000000000E+00 0.000000000000000E+00 0.000000000000000E+00 0.000000000000000E+00 0.000000000000000E+00 0.000000000000000E+00 0.000000000000000E+00
0.000000000000000E+00 0.000000000000000E+00 0.000000000000000E+00 0.000000000000000E+00 0.000000000000000E+00 0.000000000000000E+00 0.000000000000000E+00 0.000000000000000E+00 0.000000000000000E+00 0.000000000000000E+00 0.000000000000000E+00 0.000000000000000E+00 8.660254037844386E+00 2.249999999999999E+01 0.000000000000000E+00 0.000000000000000E+00 0.000000000000000E+00 -4.680027229328545E+00 1.436140661634507E+01 0.000000000000000E+00 0.000000000000000E+00 0.000000000000000E+00 0.000000000000000E+00 6.307609814320244E-15 -2.705111380271244E-15 -1.302026476901084E-14 0.000000000000000E+00 0.000000000000000E+00 0.000000000000000E+00 0.000000000000000E+00 -1.085258934175927E-14 -1.874410039977828E-14 -1.509422100145924E-14 -4.577712756926264E-14 0.000000000000000E+00 0.000000000000000E+00 0.000000000000000E+00 0.000000000000000E+00 -2.340343217213055E-14 -4.142116995320368E-15 -8.383689236724160E-15 -4.096368142173645E-14 -6.582358314735079E-14 0.000000000000000E+00 0.000000000000000E+00 0.000000000000000E+00 0.000000000000000E+00 0.000000000000000E+00 0.000000000000000E+00 0.000000000000000E+00 0.000000000000000E+00 0.000000000000000E+00 0.000000000000000E+00 0.000000000000000E+00 0.000000000000000E+00
0.000000000000000E+00 0.000000000000000E+00 0.000000000000000E+00 0.000000000000000E+00 0.000000000000000E+00 0.000000000000000E+00 0.000000000000000E+00 0.000000000000000E+00 0.000000000000000E+00 0.000000000000000E+00 0.000000000000000E+00 0.000000000000000E+00 0.000000000000000E+00 1.948557158514984E+01 0.000000000000000E+00 0.000000000000000E+00 0.000000000000000E+00 9.838660376855490E-15 -4.145780987944249E+00 0.000000000000000E+00 0.000000000000000E+00 0.000000000000000E+00 0.000000000000000E+00 -1.639970304738794E-14 4.372978949463898E-15 0.000000000000000E+00 0.000000000000000E+00 0.000000000000000E+00 0.000000000000000E+00 0.000000000000000E+00 1.834883427923734E-14 1.750120709421823E-14 9.267001228885350E-15 0.000000000000000E+00 0.000000000000000E+00 0.000000000000000E+00 0.000000000000000E+00 0.000000000000000E+00 -4.155109958360602E-15 3.623234697122251E-14 3.105490108232419E-14 -1.044326052377937E-14 0.000000000000000E+00 0.000000000000000E+00 0.000000000000000E+00 0.000000000000000E+00 0.000000000000000E+00 0.000000000000000E+00 0.000000000000000E+00 0.000000000000000E+00 0.000000000000000E+00 0.000000000000000E+00 0.000000000000000E+00 0.000000000000000E+00 0.000000000000000E+00
0.000000000000000E+00 0.000000000000000E+00 0.000000000000000E+00 0.000000000000000E+00 0.000000000000000E+00 0.000000000000000E+00 0.000000000000000E+00 0.000000000000000E+00 0.000000000000000E+00 0.000000000000000E+00 0.000000000000000E+00 0.000000000000000E+00 0.000000000000000E+00 0.000000000000000E+00 0.000000000000000E+00 0.000000000000000E+00 0.000000000000000E+00 0.000000000000000E+00 -1.601045193555678E-14 0.000000000000000E+00 0.000000000000000E+00 0.000000000000000E+00 0.000000000000000E+00 0.000000000000000E+00 -3.237826116526443E-15 0.000000000000000E+00 0.000000000000000E+00 0.000000000000000E+00 0.000000000000000E+00 0.000000000000000E+00 0.000000000000000E+00 5.189083549085030E-14 0.000000000000000E+00 0.000000000000000E+00 0.000000000000000E+00 0.000000000000000E+00 0.000000000000000E+00 0.000000000000000E+00 0.000000000000000E+00 2.468959108048720E-14 0.000000000000000E+00 0.000000000000000E+00 0.000000000000000E+00 0.000000000000000E+00 0.000000000000000E+00 0.000000000000000E+00 0.000000000000000E+00 0.000000000000000E+00 0.000000000000000E+00 0.000000000000000E+00 0.000000000000000E+00 0.000000000000000E+00 0.000000000000000E+00 0.000000000000000E+00 0.000000000000000E+00
0.000000000000000E+00 0.000000000000000E+00 0.000000000000000E+00 0.000000000000000E+00 0.000000000000000E+00 0.000000000000000E+00 0.000000000000000E+00 0.000000000000000E+00 0.000000000000000E+00 0.000000000000000E+00 0.000000000000000E+00 0.000000000000000E+00 0.000000000000000E+00 0.000000000000000E+00 0.000000000000000E+00 0.000000000000000E+00 0.000000000000000E+00 0.000000000000000E+00 1.293776333073532E-15 0.000000000000000E+00 0.000000000000000E+00 0.000000000000000E+00 0.000000000000000E+00 0.000000000000000E+00 3.002407057850501E-14 0.000000000000000E+00 0.000000000000000E+00 0.000000000000000E+00 0.000000000000000E+00 0.000000000000000E+00 0.000000000000000E+00 4.897204848902115E-14 0.000000000000000E+00 0.000000000000000E+00 0.000000000000000E+00 0.000000000000000E+00 0.000000000000000E+00 0.000000000000000E+00 0.000000000000000E+00 2.461120954691819E-14 0.000000000000000E+00 0.000000000000000E+00 0.000000000000000E+00 0.000000000000000E+00 0.000000000000000E+00 0.000000000000000E+00 0.000000000000000E+00 0.000000000000000E+00 0.000000000000000E+00 0.000000000000000E+00 0.000000000000000E+00 0.000000000000000E+00 0.000000000000000E+00 0.000000000000000E+00 0.000000000000000E+00
0.000000000000000E+00 0.000000000000000E+00 0.000000000000000E+00 0.000000000000000E+00 0.000000000000000E+00 0.000000000000000E+00 0.000000000000000E+00 0.000000000000000E+00 0.000000000000000E+00 0.000000000000000E+00 0.000000000000000E+00 0.000000000000000E+00 0.000000000000000E+00 0.000000000000000E+00 0.000000000000000E+00 0.000000000000000E+00 0.000000000000000E+00 0.000000000000000E+00 0.000000000000000E+00 0.000000000000000E+00 0.000000000000000E+00 0.000000000000000E+00 0.000000000000000E+00 0.000000000000000E+00 2.481930311651164E+01 0.000000000000000E+00 0.000000000000000E+00 0.000000000000000E+00 0.000000000000000E+00 0.000000000000000E+00 0.000000000000000E+00 -7.590403228076374E-14 0.000000000000000E+00 0.000000000000000E+00 0.000000000000000E+00 0.000000000000000E+00 0.000000000000000E+00 0.000000000000000E+00 0.000000000000000E+00 -3.118608320475035E-14 0.000000000000000E+00 0.000000000000000E+00 0.000000000000000E+00 0.000000000000000E+00 0.000000000000000E+00 0.000000000000000E+00 0.000000000000000E+00 0.000000000000000E+00 0.000000000000000E+00 0.000000000000000E+00 0.000000000000000E+00 0.000000000000000E+00 0.000000000000000E+00 0.000000000000000E+00 0.000000000000000E+00
# non-zero value of Sss
1.499999999999999E+00 -1.817335147473552E-16 -1.499999999999999E+00 -1.936491673103706E+00 7.441963711940502E-16 1.936491673103707E+00 -3.601285936127852E-15 -2.650657471292561E-15 -4.683753385137379E-17 -5.131745722808390E-15 1.908195823574488E-15 8.913009219568835E-15 -2.810252031082427E-16 -2.785315381115261E-15 -3.493733080617289E-15 -4.503342143635791E-15 -6.883382752675971E-15 1.074834665715230E-14 7.661080970999823E-15 8.500145032286355E-17 -3.659643118061884E-15 7.979727989493313E-15 2.123301534595612E-15 -5.745404152435185E-15 1.270511473805414E-14 7.945033519973776E-15 -1.588627233234385E-15 1.148820621965640E-15 -8.992806499463768E-15 -5.800915303666443E-15 8.743006318923108E-15 -3.429981992875142E-15 -5.065392549852277E-16 2.709529649258524E-15 2.171331690836720E-15 6.017566002783359E-15 1.690314554991801E-14 7.355227538141662E-15 -1.515454428613339E-14 1.309542752014892E-14 8.229528170033973E-15 3.172592397127083E-15 -2.173174834529945E-15 -5.850771662941831E-15 -2.337214623227002E-15 -1.188805998086906E-14 -4.161601618868360E-15 -1.557239580340930E-15 -1.564720575331080E-14 1.473951169450594E-14 1.636711599584117E-15 1.332592890201933E-15 4.345373887104653E-15 -2.745443846222106E-15 -2.724325620781162E-15
-1.817335147473555E-16 8.611455984747931E-30 1.817335147473471E-16 1.721383618871575E-16 -8.589622622646140E-16 -1.721383618871525E-16 1.931635436345430E-15 -4.855386292773877E-16 -1.389235197342306E-15 -1.757654671593370E-16 4.970893893708943E-16 1.156223604578802E-15 -2.052581463803414E-15 -1.447939537992604E-15 3.472118484259900E-16 -2.927473359225780E-15 -9.839743047032648E-16 1.130250942564406E-15 -1.119262325226789E-15 -2.753734508281543E-16 -1.455644826548488E-15 3.528364791326199E-15 6.589636643003657E-16 -1.937806786947867E-15 -5.739093068634716E-16 1.776800446310660E-15 7.457321067750712E-16 -4.136039412717123E-15 3.287732456906796E-17 1.178115469372807E-15 -4.242845094739327E-16 -1.547121237983268E-15 -4.626858683166207E-15 3.668793248102608E-15 3.548372158415777E-15 -3.547172678911075E-15 -7.710636451487145E-15 -5.137415738958856E-15 5.851356674748155E-15 -7.185998916944839E-17 4.852909323978380E-15 -7.231030145489854E-15 -7.724287718358044E-16 8.414206161179296E-15 2.571943168800846E-15 7.720970989530500E-15 4.297947251870662E-15 -5.688187727470481E-15 -2.628248562956041E-16 -2.906054864059877E-15 1.197259956286351E-14 2.474609338494533E-15 -5.559303246186180E-15 6.143409773660278E-15 6.593229509807538E-15
-1.499999999999999E+00 1.817335147473469E-16 1.499999999999999E+00 1.936491673103707E+00 3.894454203567932E-16 -1.936491673103709E+00 -1.658395643033828E-15 2.282896094385478E-15 2.886579864025407E-15 3.540570614468663E-15 -1.429412144204889E-15 -8.933825901280557E-15 5.061923102900323E-15 6.786671918890264E-15 2.183149494516812E-15 4.322930902134203E-15 3.816391647148976E-15 -4.544975507059235E-15 3.999621814299026E-16 2.931682674400804E-16 1.957066236499272E-15 -5.689893001203927E-16 5.828670879282072E-16 -1.429412144204889E-15 -1.205632815803881E-15 1.353084311261910E-16 -1.763834304308043E-15 -2.708662287520536E-15 1.915134717478395E-15 4.052314039881821E-15 3.885780586188048E-16 9.974659986866641E-18 2.844946500601964E-16 -4.038653092508504E-16 -5.660619542546819E-16 -9.651567739465960E-16 -4.163336342344337E-16 -2.053912595556540E-15 3.580469254416130E-15 5.375040690314137E-15 1.054711873393899E-15 -5.597302135673665E-15 -6.331740687315346E-16 3.509227007288465E-15 4.397469801492582E-15 6.172146127525480E-15 6.573084090910619E-15 -5.187148453822399E-15 8.951173136040325E-15 6.711645128554267E-15 -4.466045588902290E-15 -7.084827516323777E-15 -6.248582380685708E-15 -4.501688735322751E-15 -1.576141967591857E-15
-1.936491673103706E+00 1.721383618871570E-16 1.936491673103707E+00 3.749999999999998E+00 8.503530582323753E-17 -3.749999999999999E+00 -1.984313483298441E+00 2.360861177562082E-15 1.230100816298358E-15 -2.291287847477915E+00 -1.145938449499428E-15 -1.150148574767412E-14 1.656481976388603E-15 6.521604651669689E-15 1.656784879759678E-15 5.773625281209541E-15 6.527734190080263E-15 -9.929104563819733E-15 -3.477733871150922E-15 -3.328043716054621E-15 1.059877494415494E-15 -6.585145689324437E-15 -3.531254941413769E-15 2.955923014406577E-15 -9.506160768450976E-15 -3.485934076749400E-15 -3.565327734753246E-16 2.438800095698026E-15 1.362824454806708E-14 1.313933824905064E-14 -1.332456645725482E-14 -9.815072284525730E-15 -2.596781502573753E-15 -1.303053282659000E-14 -4.319176343536929E-15 6.457624397341463E-15 -2.275053088934958E-14 -1.729670891780605E-14 1.855444857420344E-14 1.903499842356233E-16 -1.229774544089660E-14 -2.511088492614828E-14 -1.385718194935823E-14 2.506058989712905E-16 1.171893695872296E-14 1.256583776408925E-14 2.161951640499965E-14 -1.680862356738483E-14 -8.400912899485706E-16 1.732519007660605E-15 3.250057872035782E-15 -2.140610083975930E-14 -1.866647359488194E-14 6.295633285237538E-15 4.681051786913088E-15
7.736866702856560E-16 -8.589622622646139E-16 -4.163336342344337E-17 -3.816391647148976E-17 3.750000000000001E+00 -3.004541060391830E-15 -3.968626966596886E+00 -1.984313483298440E+00 3.968626966596880E+00 2.291287847477919E+00 -8.423817199343375E-15 -5.814793091474257E-15 4.329869796038111E-15 -2.295039158717316E-15 -1.949829186997931E-15 1.118549697309845E-14 1.015854067532018E-14 -9.769962616701378E-15 8.001412032943023E-16 1.366962099069724E-15 2.172090632357460E-15 -6.938893903907228E-15 -1.176836406102666E-14 1.582067810090848E-14 1.335737076502141E-15 -2.595146320061303E-15 -2.171440111053968E-15 6.162605148407607E-16 1.110223024625157E-14 7.216449660063518E-15 -8.659739592076221E-15 1.722580411644969E-15 1.204591981718295E-14 -4.744468706796567E-16 -1.258108200952179E-15 3.346715266028255E-15 -1.471045507628332E-14 -8.937295348232510E-15 2.220446049250313E-15 -6.382047668118673E-15 1.096345236817342E-14 1.436958191325388E-14 1.178050712535850E-14 8.283345255370722E-15 4.827518593208957E-15 3.028827189055505E-14 2.499996737403976E-14 -2.133579771190774E-14 1.984523656517467E-15 -1.245357983403750E-14 6.033368249447335E-15 7.570766930031780E-15 1.003103849983589E-14 -6.482336369073582E-15 -1.021887652621900E-14
1.936491673103707E+00 -1.721383618871517E-16 -1.936491673103709E+00 -3.750000000000000E+00 -3.249125077308329E-15 3.750000000000001E+00 1.984313483298447E+00 9.040841324192295E-16 -6.122448502260451E-15 2.291287847477911E+00 -3.612660997433318E-16 7.272074581193227E-15 3.861482247291479E-16 -4.986330743333844E-15 4.363012443761058E-18 -2.689019010730734E-15 -1.149401888159403E-15 2.510679481906774E-15 4.093759246201276E-16 8.276176426443029E-15 2.826626575644978E-15 5.935473226952536E-15 -3.352148839681474E-15 1.862283441297675E-15 9.346587576555718E-15 4.272066092833253E-16 -6.847052683594499E-16 -6.517933156561148E-15 -1.321014137009253E-14 -3.925203860645818E-15 1.779601253226791E-15 -7.088740879979530E-15 1.484775610836638E-15 1.203509149634512E-14 -2.858396305369138E-15 -1.294083869131477E-14 1.535900284674930E-14 1.364331805887728E-14 -5.643928026003149E-15 -2.565258125377863E-15 -1.471186112976843E-14 6.013987875784025E-15 5.060370601033977E-15 -9.089904484593735E-16 -5.487558959684328E-15 -1.800683771772862E-14 -2.955051648155873E-14 2.561661885960441E-14 1.000608182353706E-14 7.797290511209031E-15 -1.110217518769433E-14 3.993454707384653E-15 -4.967394845005151E-16 -3.647365471833958E-15 0.000000000000000E+00
0.000000000000000E+00 0.000000000000000E+00 0.000000000000000E+00 -1.984313483298441E+00 -3.968626966596887E+00 1.984313483298447E+00 1.225000000000000E+01 3.499999999999993E+00 -6.999999999999993E+00 2.020725942163687E+00 -6.928203230275496E+00 -8.660254037844248E-01 2.236067977499785E+00 -3.872983346207419E+00 3.552097230884228E-16 -3.226604504944455E-14 -2.251684743727749E-14 2.575596365036847E-14 5.518136398727458E-15 4.929029223978945E-15 -8.171845481885821E-15 2.814338745247314E-14 3.398949396854125E-14 -3.469872971687996E-14 9.080259773085259E-16 6.014747099523485E-15 8.898135353741316E-17 -1.873420817255289E-14 -2.266089264840424E-14 -3.553184146710943E-14 3.058986212627020E-14 2.452399285818406E-14 -1.237218826644285E-14 7.915557084898381E-15 -8.296537705456212E-15 -3.329899771019866E-14 4.284393893172030E-14 4.921553877479380E-14 -2.437891435325320E-14 -1.009569343001954E-14 -1.543582818462319E-15 2.140358746783969E-14 1.728756941525400E-14 -2.535779009217622E-14 -4.193350282431746E-14 -7.751478982582669E-14 -1.014630442567566E-13 8.508293978456552E-14 2.433490232042964E-14 1.095741495011638E-14 -1.534010546686364E-14 3.942149550809757E-14 7.424861579731025E-15 -2.688157750126095E-14 0.000000000000000E+00
0.000000000000000E+00 0.000000000000000E+00 0.000000000000000E+00 3.240463453124676E-15 -1.984313483298441E+00 -4.093947403305265E-16 3.499999999999996E+00 1.224999999999999E+01 -3.499999999999995E+00 -2.020725942163690E+00 -8.660254037844375E+00 -6.928203230275495E+00 1.118033988749893E+01 3.872983346207421E+00 7.591149930874508E-15 -2.076117056049043E-14 -1.454392162258955E-14 1.609823385706477E-14 -3.951700078275167E-15 -3.469446951953614E-16 -1.212571709707788E-15 2.786659791809143E-14 2.098321516541546E-14 -2.731148640577885E-14 -5.682954107300020E-15 -3.025357742103552E-15 -1.657961962164833E-15 -2.144985578045322E-15 -3.708144902248023E-14 -3.685940441755520E-14 2.309263891220326E-14 -1.051589371137140E-14 -8.826273045769994E-15 3.214442600985024E-15 2.291569711765362E-15 7.580741590018647E-16 6.683542608243442E-14 5.773159728050814E-14 -4.862776847858186E-14 3.816391647148976E-16 -1.726396803292118E-14 -1.664987592242539E-14 -1.990074771640593E-14 -1.332782625582118E-14 2.523155295808266E-15 -7.324696404964470E-14 -6.854586342974756E-14 6.482488157377730E-14 -2.825517597671023E-14 2.862293735361732E-15 2.081668171172169E-15 -4.478188653234128E-15 -2.854140535024641E-14 0.000000000000000E+00 0.000000000000000E+00
0.000000000000000E+00 0.000000000000000E+00 0.000000000000000E+00 1.674579344375344E-15 3.968626966596881E+00 -6.367873708630596E-15 -6.999999999999996E+00 -3.499999999999992E+00 6.999999999999986E+00 4.041451884327373E+00 4.330127018922182E+00 8.660254037844308E-01 -2.236067977499783E+00 3.872983346207413E+00 3.354101966249677E+00 1.784413860282916E-14 1.693906875694784E-14 -1.709724011318484E-14 1.112828374603739E-15 2.663127899693063E-16 7.049531377586749E-16 -1.309017429846717E-14 -2.661227330641207E-14 2.121360160576415E-14 3.889463628054949E-15 -4.351182921114581E-15 -9.661613063653497E-15 -8.329898924663104E-15 5.353143455567399E-15 3.413743756240197E-14 -2.014439036275088E-14 -3.229675513664300E-14 1.298944639256174E-14 -5.638703834974843E-15 -8.081569790236985E-15 8.356792260489832E-15 -3.208465941412658E-14 -3.735574303486129E-14 2.832681562736603E-14 1.064607244094773E-14 -1.161457727979042E-14 -1.025930542557416E-14 -6.140106293401647E-15 3.087555646000835E-15 1.442560651604943E-14 0.000000000000000E+00 0.000000000000000E+00 -4.948190547052609E-14 9.892468975038393E-15 9.364277189308570E-15 -1.588650438308117E-15 -3.673760413811377E-14 -1.330705299638190E-14 0.000000000000000E+00 0.000000000000000E+00
0.000000000000000E+00 0.000000000000000E+00 0.000000000000000E+00 -2.291287847477914E+00 2.291287847477918E+00 2.291287847477911E+00 2.020725942163686E+00 -2.020725942163691E+00 4.041451884327373E+00 9.333333333333318E+00 -4.999999999999976E-01 5.000000000000122E-01 -1.290994448735810E+00 2.236067977499780E+00 0.000000000000000E+00 -3.847216217844049E-15 -7.390668858235853E-15 8.819648835547349E-15 1.337608512208976E-14 -8.370846983109275E-15 0.000000000000000E+00 2.736155252417421E-16 6.282100350726628E-15 -4.363896107751747E-15 -2.677096505549837E-15 6.826944024147529E-15 -1.223418974821203E-14 0.000000000000000E+00 -3.307930987002374E-15 -5.074780442570839E-15 1.397432901160270E-14 8.725453370470563E-15 -8.521070707507543E-15 -4.750239849132908E-15 -7.026743744767495E-15 0.000000000000000E+00 -4.472372638590156E-15 7.076965114665911E-15 -4.308420298959139E-15 -1.604669043949086E-14 1.890980473140406E-14 1.972795496435603E-14 -1.545444737230472E-15 -1.317505098049410E-14 0.000000000000000E+00 0.000000000000000E+00 0.000000000000000E+00 6.357024857003680E-15 1.167298984689186E-14 -3.573684484262359E-14 -1.851307687899272E-14 2.187492974020193E-14 0.000000000000000E+00 0.000000000000000E+00 0.000000000000000E+00
0.000000000000000E+00 0.000000000000000E+00 0.000000000000000E+00 0.000000000000000E+00 0.000000000000000E+00 0.000000000000000E+00 -6.928203230275494E+00 -8.660254037844375E+00 4.330127018922182E+00 -5.000000000000012E-01 2.437499999999999E+01 9.374999999999996E+00 -1.694430213965743E+01 4.192627457812105E+00 0.000000000000000E+00 -1.390537216330433E+01 -2.781074432660851E+00 6.540536888330375E+00 -8.028270361665701E+00 -1.251647294347466E-14 0.000000000000000E+00 -3.431187201477803E-14 -3.655311515980441E-14 3.426541167544393E-14 2.164909829584115E-14 9.916708215648899E-15 -4.774952378198775E-15 0.000000000000000E+00 3.380158301806037E-14 8.149501016691920E-14 -4.442117859633427E-14 -2.798944277270296E-14 3.136621374769243E-14 1.236290464757528E-15 7.866761903221673E-15 0.000000000000000E+00 -8.113854933385550E-14 -1.170936710313603E-13 6.990037571237074E-14 3.102210665393931E-14 3.554832264632627E-14 1.395865506520236E-14 -1.190204766232901E-14 1.498442245621081E-14 0.000000000000000E+00 0.000000000000000E+00 0.000000000000000E+00 0.000000000000000E+00 -4.362520155234816E-14 0.000000000000000E+00 0.000000000000000E+00 0.000000000000000E+00 0.000000000000000E+00 0.000000000000000E+00 0.000000000000000E+00
0.000000000000000E+00 0.000000000000000E+00 0.000000000000000E+00 0.000000000000000E+00 0.000000000000000E+00 0.000000000000000E+00 0.000000000000000E+00 0.000000000000000E+00 8.660254037844317E-01 5.000000000000135E-01 9.374999999999991E+00 2.437500000000000E+01 -1.210307295689818E+01 -4.192627457812095E+00 0.000000000000000E+00 -1.390537216330435E+01 -1.390537216330436E+01 1.962161066499117E+01 8.028270361665712E+00 3.219646771412954E-15 0.000000000000000E+00 -4.796163466380676E-14 -2.975397705995420E-14 3.375077994860476E-14 -5.481726184086710E-15 7.660538869913580E-15 6.835677857086608E-15 0.000000000000000E+00 7.815970093361102E-14 8.704148513061227E-14 -5.906386491005833E-14 7.965850201685498E-15 -1.476596622751458E-14 2.921274333544943E-15 2.491583328545488E-14 0.000000000000000E+00 -1.185718190299667E-13 -1.074695887837152E-13 9.547918011776346E-14 3.885780586188048E-16 1.998401444325282E-14 -1.635150348455738E-14 2.606942439697946E-14 3.760907600972030E-14 0.000000000000000E+00 0.000000000000000E+00 0.000000000000000E+00 0.000000000000000E+00 5.495603971894525E-15 0.000000000000000E+00 0.000000000000000E+00 0.000000000000000E+00 0.000000000000000E+00 0.000000000000000E+00 0.000000000000000E+00
0.000000000000000E+00 0.000000000000000E+00 0.000000000000000E+00 0.000000000000000E+00 0.000000000000000E+00 0.000000000000000E+00 0.000000000000000E+00 0.000000000000000E+00 0.000000000000000E+00 0.000000000000000E+00 0.000000000000000E+00 0.000000000000000E+00 1.999999999999998E+01 4.330127018922192E+00 0.000000000000000E+00 0.000000000000000E+00 0.000000000000000E+00 -8.106044942002828E+00 8.291561975888490E+00 0.000000000000000E+00 0.000000000000000E+00 0.000000000000000E+00 0.000000000000000E+00 -4.461890443293748E-14 -1.030591928922275E-14 -5.152149399429341E-15 0.000000000000000E+00 0.000000000000000E+00 0.000000000000000E+00 0.000000000000000E+00 4.229928118567655E-14 -2.367361879201340E-14 -2.222269499941578E-14 1.488192551291210E-15 0.000000000000000E+00 0.000000000000000E+00 0.000000000000000E+00 0.000000000000000E+00 -7.173832393748080E-14 -1.314414944938115E-14 -3.872244581328836E-14 -1.721900829908307E-14 -9.252658447345113E-15 0.000000000000000E+00 0.000000000000000E+00 0.000000000000000E+00 0.000000000000000E+00 0.000000000000000E+00 0.000000000000000E+00 0.000000000000000E+00 0.000000000000000E+00 0.000000000000000E+00 0.000000000000000E+00 0.000000000000000E+00 0.000000000000000E+00
0.000000000000000E+00 0.000000000000000E+00 0.000000000000000E+00 0.000000000000000E+00 0.000000000000000E+00 0.000000000000000E+00 0.000000000000000E+00 0.000000000000000E+00 0.000000000000000E+00 0.000000000000000E+00 0.000000000000000E+00 0.000000000000000E+00 4.330127018922189E+00 1.500000000000001E+01 0.000000000000000E+00 0.000000000000000E+00 0.000000000000000E+00 -2.340013614664272E+00 6.340024845183311E-15 0.000000000000000E+00 0.000000000000000E+00 0.000000000000000E+00 0.000000000000000E+00 -4.716218451552268E-15 -5.636884198758294E-15 -1.889267503052121E-15 0.000000000000000E+00 0.000000000000000E+00 0.000000000000000E+00 0.000000000000000E+00 -2.702443887258023E-15 -3.743544518604978E-14 2.018224772987129E-15 -2.417584137379667E-15 0.000000000000000E+00 0.000000000000000E+00 0.000000000000000E+00 0.000000000000000E+00 -1.105390304155702E-14 1.816663258950602E-14 -2.203484531239261E-14 -1.451988633904937E-14 -3.524198662305862E-14 0.000000000000000E+00 0.000000000000000E+00 0.000000000000000E+00 0.000000000000000E+00 0.000000000000000E+00 0.000000000000000E+00 0.000000000000000E+00 0.000000000000000E+00 0.000000000000000E+00 0.000000000000000E+00 0.000000000000000E+00 0.000000000000000E+00
0.000000000000000E+00 0.000000000000000E+00 0.000000000000000E+00 0.000000000000000E+00 0.000000000000000E+00 0.000000000000000E+00 0.000000000000000E+00 0.000000000000000E+00 0.000000000000000E+00 0.000000000000000E+00 0.000000000000000E+00 0.000000000000000E+00 0.000000000000000E+00 9.742785792574928E+00 0.000000000000000E+00 0.000000000000000E+00 0.000000000000000E+00 3.377518725834499E-01 -2.072890493972105E+00 0.000000000000000E+00 0.000000000000000E+00 0.000000000000000E+00 0.000000000000000E+00 1.281723651116616E-14 -1.363928945858490E-14 0.000000000000000E+00 0.000000000000000E+00 0.000000000000000E+00 0.000000000000000E+00 0.000000000000000E+00 -1.959410795667604E-14 1.614791125855389E-14 1.433181768781681E-14 0.000000000000000E+00 0.000000000000000E+00 0.000000000000000E+00 0.000000000000000E+00 0.000000000000000E+00 1.067679829502897E-14 2.488486967129489E-14 2.445352333438235E-15 7.023529492179362E-15 0.000000000000000E+00 0.000000000000000E+00 0.000000000000000E+00 0.000000000000000E+00 0.000000000000000E+00 0.000000000000000E+00 0.000000000000000E+00 0.000000000000000E+00 0.000000000000000E+00 0.000000000000000E+00 0.000000000000000E+00 0.000000000000000E+00 0.000000000000000E+00
0.000000000000000E+00 0.000000000000000E+00 0.000000000000000E+00 0.000000000000000E+00 0.000000000000000E+00 0.000000000000000E+00 0.000000000000000E+00 0.000000000000000E+00 0.000000000000000E+00 0.000000000000000E+00 0.000000000000000E+00 0.000000000000000E+00 0.000000000000000E+00 0.000000000000000E+00 0.000000000000000E+00 0.000000000000000E+00 0.000000000000000E+00 0.000000000000000E+00 1.000259341371027E+01 0.000000000000000E+00 0.000000000000000E+00 0.000000000000000E+00 0.000000000000000E+00 0.000000000000000E+00 -1.319164055494892E+01 0.000000000000000E+00 0.000000000000000E+00 0.000000000000000E+00 0.000000000000000E+00 0.000000000000000E+00 0.000000000000000E+00 5.615602946065918E-14 0.000000000000000E+00 0.000000000000000E+00 0.000000000000000E+00 0.000000000000000E+00 0.000000000000000E+00 0.000000000000000E+00 0.000000000000000E+00 -2.728028166313900E-14 0.000000000000000E+00 0.000000000000000E+00 0.000000000000000E+00 0.000000000000000E+00 0.000000000000000E+00 0.000000000000000E+00 0.000000000000000E+00 0.000000000000000E+00 0.000000000000000E+00 0.000000000000000E+00 0.000000000000000E+00 0.000000000000000E+00 0.000000000000000E+00 0.000000000000000E+00 0.000000000000000E+00
0.000000000000000E+00 0.000000000000000E+00 0.000000000000000E+00 0.000000000000000E+00 0.000000000000000E+00 0.000000000000000E+00 0.000000000000000E+00 0.000000000000000E+00 0.000000000000000E+00 0.000000000000000E+00 0.000000000000000E+00 0.000000000000000E+00 0.000000000000000E+00 0.000000000000000E+00 0.000000000000000E+00 0.000000000000000E+00 0.000000000000000E+00 0.000000000000000E+00 -1.000259341371028E+01 0.000000000000000E+00 0.000000000000000E+00 0.000000000000000E+00 0.000000000000000E+00 0.000000000000000E+00 1.319164055494896E+01 0.000000000000000E+00 0.000000000000000E+00 0.000000000000000E+00 0.000000000000000E+00 0.000000000000000E+00 0.000000000000000E+00 1.303124275153777E-14 0.000000000000000E+00 0.000000000000000E+00 0.000000000000000E+00 0.000000000000000E+00 0.000000000000000E+00 0.000000000000000E+00 0.000000000000000E+00 7.327471962526033E-15 0.000000000000000E+00 0.000000000000000E+00 0.000000000000000E+00 0.000000000000000E+00 0.000000000000000E+00 0.000000000000000E+00 0.000000000000000E+00 0.000000000000000E+00 0.000000000000000E+00 0.000000000000000E+00 0.000000000000000E+00 0.000000000000000E+00 0.000000000000000E+00 0.000000000000000E+00 0.000000000000000E+00
0.000000000000000E+00 0.000000000000000E+00 0.000000000000000E+00 0.000000000000000E+00 0.000000000000000E+00 0.000000000000000E+00 0.000000000000000E+00 0.000000000000000E+00 0.000000000000000E+00 0.000000000000000E+00 0.000000000000000E+00 0.000000000000000E+00 0.000000000000000E+00 0.000000000000000E+00 0.000000000000000E+00 0.000000000000000E+00 0.000000000000000E+00 0.000000000000000E+00 0.000000000000000E+00 0.000000000000000E+00 0.000000000000000E+00 0.000000000000000E+00 0.000000000000000E+00 0.000000000000000E+00 1.240965155825580E+01 0.000000000000000E+00 0.000000000000000E+00 0.000000000000000E+00 0.000000000000000E+00 0.000000000000000E+00 0.000000000000000E+00 -3.500298623122129E-14 0.000000000000000E+00 0.000000000000000E+00 0.000000000000000E+00 0.000000000000000E+00 0.000000000000000E+00 0.000000000000000E+00 0.000000000000000E+00 8.512675819798540E-15 0.000000000000000E+00 0.000000000000000E+00 0.000000000000000E+00 0.000000000000000E+00 0.000000000000000E+00 0.000000000000000E+00 0.000000000000000E+00 0.000000000000000E+00 0.000000000000000E+00 0.000000000000000E+00 0.000000000000000E+00 0.000000000000000E+00 0.000000000000000E+00 0.000000000000000E+00 0.000000000000000E+00
