# max number of non-zeros per row
18
# column index of non-zeros (each row is Np column offsets, 1-indexed)
1 1 1 1 1 1 4 4 4 4 7 7 7 7 9 11 11 11 11 13 14 16 16 16 16 18 19 20 22 22 22 22 24 25 26 27 29 29 29 29 31 32 33 34 35 37 37 37 37 39 40 41 42 43 44 46 46 46 46 48 49 50 51 52 53 54 56 56 56 56 58 59 60 61 62 63 64 65 
2 2 2 2 2 2 5 5 5 5 8 8 8 8 10 12 12 12 12 14 15 17 17 17 17 19 20 21 23 23 23 23 25 26 27 28 30 30 30 30 32 33 34 35 36 38 38 38 38 40 41 42 43 44 45 47 47 47 47 49 50 51 52 53 54 55 57 57 57 57 59 60 61 62 63 64 65 66 
3 3 3 3 3 3 6 6 6 6 9 9 9 9 13 13 13 13 13 15 19 18 18 18 18 20 21 26 24 24 24 24 26 27 28 34 31 31 31 31 33 34 35 36 43 39 39 39 39 41 42 43 44 45 53 48 48 48 48 50 51 52 53 54 55 64 58 58 58 58 60 61 62 63 64 65 66 76 
4 4 4 4 4 4 7 7 7 7 10 10 10 10 14 14 14 14 14 18 20 19 19 19 19 21 25 27 25 25 25 25 27 28 33 35 32 32 32 32 34 35 36 42 44 40 40 40 40 42 43 44 45 52 54 49 49 49 49 51 52 53 54 55 63 65 59 59 59 59 61 62 63 64 65 66 75 77 
5 5 5 5 5 5 8 8 8 8 11 11 11 11 15 16 16 15 15 19 21 22 22 20 20 24 26 28 29 29 26 26 28 32 34 36 37 37 33 33 35 36 41 43 45 46 46 41 41 43 44 45 51 53 55 56 56 50 50 52 53 54 55 62 64 66 67 67 60 60 62 63 64 65 66 74 76 78 
6 6 6 6 6 6 9 9 9 9 12 12 12 12 18 17 17 16 16 20 25 23 23 22 21 25 27 33 30 30 29 27 31 33 35 42 38 38 37 34 39 40 42 44 52 47 47 46 42 48 49 50 52 54 63 57 57 56 51 58 59 60 61 63 65 75 68 68 67 61 69 70 71 72 73 75 77 0 
0 0 0 7 7 7 10 10 10 10 13 13 13 13 19 18 18 17 17 21 26 24 24 23 22 26 28 34 31 31 30 29 32 34 36 43 39 39 38 37 40 41 43 45 53 48 48 47 46 49 50 51 53 55 64 58 58 57 56 59 60 61 62 64 66 76 69 69 68 67 70 71 72 73 74 76 78 0 
0 0 0 8 8 8 11 11 11 11 14 14 14 14 20 19 19 18 18 24 27 25 25 24 23 27 32 35 32 32 31 30 33 35 41 44 40 40 39 38 41 42 44 51 54 49 49 48 47 50 51 52 54 62 65 59 59 58 57 60 61 62 63 65 74 77 70 70 69 68 71 72 73 74 75 77 0 0 
0 0 0 9 9 9 12 12 12 12 16 16 15 15 21 22 22 19 19 25 28 29 29 25 24 28 33 36 37 37 32 31 34 36 42 45 46 46 40 39 42 43 45 52 55 56 56 49 48 51 52 53 55 63 66 67 67 59 58 61 62 63 64 66 75 78 0 0 70 69 72 73 74 75 76 78 0 0 
0 0 0 10 10 10 13 13 13 13 17 17 16 16 0 23 23 20 20 26 0 30 30 26 25 31 34 0 38 38 33 32 35 40 43 0 47 47 41 40 43 44 50 53 0 57 57 50 49 52 53 54 61 64 0 68 68 60 59 62 63 64 65 73 76 0 0 0 71 70 73 74 75 76 77 0 0 0 
0 0 0 0 0 0 14 14 14 14 18 18 17 17 0 24 24 22 21 27 0 31 31 29 26 32 35 0 39 39 37 33 39 41 44 0 48 48 46 41 48 49 51 54 0 58 58 56 50 58 59 60 62 65 0 69 69 67 60 69 70 71 72 74 77 0 0 0 0 71 0 0 0 0 0 0 0 0 
0 0 0 0 0 0 0 0 15 15 19 19 18 18 0 25 25 23 22 28 0 32 32 30 27 33 36 0 40 40 38 34 40 42 45 0 49 49 47 42 49 50 52 55 0 59 59 57 51 59 60 61 63 66 0 70 70 68 61 70 71 72 73 75 78 0 0 0 0 72 0 0 0 0 0 0 0 0 
0 0 0 0 0 0 0 0 0 0 0 0 19 19 0 0 0 24 23 0 0 0 0 31 29 34 0 0 0 0 39 37 41 43 0 0 0 0 48 46 50 51 53 0 0 0 0 58 56 60 61 62 64 0 0 0 0 69 67 71 72 73 74 76 0 0 0 0 0 0 0 0 0 0 0 0 0 0 
0 0 0 0 0 0 0 0 0 0 0 0 20 20 0 0 0 25 24 0 0 0 0 32 30 35 0 0 0 0 40 38 42 44 0 0 0 0 49 47 51 52 54 0 0 0 0 59 57 61 62 63 65 0 0 0 0 70 68 72 73 74 75 77 0 0 0 0 0 0 0 0 0 0 0 0 0 0 
0 0 0 0 0 0 0 0 0 0 0 0 0 21 0 0 0 26 25 0 0 0 0 33 31 0 0 0 0 0 41 39 43 0 0 0 0 0 50 48 52 53 0 0 0 0 0 60 58 62 63 64 0 0 0 0 0 71 69 73 74 75 76 0 0 0 0 0 0 0 0 0 0 0 0 0 0 0 
0 0 0 0 0 0 0 0 0 0 0 0 0 0 0 0 0 0 26 0 0 0 0 0 32 0 0 0 0 0 0 40 0 0 0 0 0 0 0 49 0 0 0 0 0 0 0 0 59 0 0 0 0 0 0 0 0 0 70 0 0 0 0 0 0 0 0 0 0 0 0 0 0 0 0 0 0 0 
0 0 0 0 0 0 0 0 0 0 0 0 0 0 0 0 0 0 27 0 0 0 0 0 33 0 0 0 0 0 0 41 0 0 0 0 0 0 0 50 0 0 0 0 0 0 0 0 60 0 0 0 0 0 0 0 0 0 71 0 0 0 0 0 0 0 0 0 0 0 0 0 0 0 0 0 0 0 
0 0 0 0 0 0 0 0 0 0 0 0 0 0 0 0 0 0 0 0 0 0 0 0 34 0 0 0 0 0 0 42 0 0 0 0 0 0 0 51 0 0 0 0 0 0 0 0 61 0 0 0 0 0 0 0 0 0 72 0 0 0 0 0 0 0 0 0 0 0 0 0 0 0 0 0 0 0 
# non-zero value of Srr
1.500000000000001E+00 -1.500000000000002E+00 1.978397670729338E-16 -1.936491673103709E+00 1.936491673103709E+00 1.608891100222508E-15 3.431283035482124E-15 -1.987993103469421E-15 3.639946908632735E-15 1.905542060496246E-15 2.838007606698056E-15 -3.039235529911366E-15 6.224234618420011E-15 1.702433049090093E-15 5.560717891714398E-16 -1.096345236817342E-15 5.828670879282072E-16 -8.105377335036551E-16 -1.355712242744906E-14 3.982990342472986E-17 2.622649347869375E-15 -3.441691376337985E-15 4.912736883966318E-15 -7.817815885284321E-15 -8.778230479714711E-15 -1.883062663046117E-15 8.017919822107085E-15 -5.505444060960713E-15 -5.273559366969494E-16 7.355227538141662E-16 -5.085799796244009E-15 4.248708825026994E-15 8.715854444902927E-15 8.079913302259714E-15 8.498336116130936E-16 7.647377531586131E-15 3.844147222764605E-15 -1.595945597898663E-15 1.075694826091210E-15 -8.392108391107332E-15 2.251020897427349E-15 -5.741678746783870E-15 1.143619485891818E-14 2.690169267793287E-14 -1.305879908099037E-14 2.831068712794149E-15 5.551115123125783E-17 -3.404301137128112E-15 -1.664016220994877E-14 -1.396057550796319E-14 4.285227134600708E-15 -1.125476127491588E-14 2.668832942329207E-14 8.062767538516912E-16 7.952680632079165E-15 -5.606626274357041E-15 -3.774758283725532E-15 -6.402580539318649E-15 7.144140483898012E-15 -2.238816014793728E-14 1.591473153762017E-14 4.076923905568729E-15 -5.171049958961371E-15 1.393773943667874E-14 3.554789305338064E-14 -1.730733087634196E-14 1.582067810090848E-15 -1.831867990631508E-15 -5.223288274505976E-16 3.786666890400285E-14 -1.810537718322632E-14 -4.610948202300742E-15 2.393853984695360E-14 1.649505153679844E-17 -4.140077759819603E-14 7.421050013004140E-14 -1.025724565943118E-14 -1.675484292571112E-16 
-1.500000000000002E+00 1.500000000000002E+00 -1.978397670729323E-16 1.936491673103711E+00 -1.936491673103711E+00 1.750551543851397E-16 -1.162264728904461E-15 3.677613769070831E-16 -3.454100424944085E-17 -3.583809096472659E-15 -2.768618667658984E-15 2.629840789580840E-15 -3.426559332538420E-15 -5.538394545452434E-15 4.995920436571223E-15 8.187894806610529E-16 -2.844946500601964E-16 -1.056024726647390E-15 9.712699283683131E-16 8.278897612218697E-15 -3.529938802858140E-15 1.956768080901838E-15 -3.330669073875470E-15 1.100966586302127E-15 -4.897895724017453E-15 8.606640791761311E-15 -1.039697093784619E-14 8.170191706541579E-15 -3.330669073875470E-16 3.608224830031759E-16 9.224634538996704E-16 -1.016845268679784E-14 -2.783994623854539E-15 -1.706379969775594E-14 7.874344782857834E-15 5.366466540923195E-15 -3.053113317719180E-15 9.020562075079397E-16 -1.075694826091211E-15 1.512872561533440E-17 -1.092751141306848E-14 -9.276781226043638E-15 -2.548475316767058E-15 -1.238974840529546E-14 6.813518610085459E-15 -2.248201624865942E-15 -8.049116928532385E-16 -1.189246627258464E-15 2.266243488004952E-15 -1.387197846191221E-14 -2.126624550555749E-14 6.803565550007496E-15 -3.182851315762647E-14 3.534240299140485E-15 -3.253729950150608E-15 3.608224830031759E-15 5.800915303666443E-15 -1.563269662366851E-15 -3.414485010547858E-15 9.708304326586322E-16 -2.024048136540284E-14 -3.582545079090751E-15 -1.779642793050171E-14 4.164450705383538E-15 -1.538913618981954E-14 1.950287189837803E-14 -1.110223024625157E-15 1.332267629550188E-15 -2.475273339037340E-15 -1.043722130185758E-14 1.945585940927428E-14 8.367817150180267E-15 -1.517130838573901E-14 1.170996893656714E-14 2.870726042532953E-14 -2.854031797276436E-14 1.316181171305315E-14 3.287073181376638E-16 
1.978397670729312E-16 -1.978397670729294E-16 1.287585103414734E-29 -3.462944187993666E-16 3.462944187993698E-16 4.468757048661887E-16 1.779851121007741E-17 -1.779851121008037E-17 1.210557444070647E-15 -1.237032144276495E-15 5.102564521732415E-16 -5.102564521732479E-16 1.295810751320708E-15 -2.841926138137439E-15 3.938895647198265E-16 -7.946618000040539E-16 7.946618000040575E-16 9.130822632900215E-16 -3.209742007309509E-15 1.085721608643918E-15 -6.109624770635992E-16 -1.905492695111033E-15 1.905492695111021E-15 2.017881853527064E-15 -2.048487240935046E-15 3.457422975158014E-15 4.259397250518663E-16 -8.420642191643621E-16 -9.757156744230421E-16 9.757156744230543E-16 3.732219535396212E-15 -4.237804569937760E-15 1.984718622760667E-15 2.292088677256475E-15 -8.849678362633727E-16 -2.488850446240959E-15 6.448790026700454E-16 -6.448790026700497E-16 1.183019589548261E-15 -4.901859322366865E-15 -1.871541235716951E-15 4.419121619284034E-15 2.401411088031788E-15 -4.411736579244345E-15 1.384561554550672E-15 8.002293000186157E-16 -8.002293000186306E-16 -2.774465298206679E-15 9.939441589003991E-16 7.382536388640862E-16 7.720621830072287E-15 5.904303692350459E-15 -4.675920052278716E-15 1.679909603280209E-15 -4.225402047153587E-16 2.801628314148450E-16 -2.801628314148422E-16 -1.336157587417593E-15 5.273716274914932E-15 1.090897280296684E-14 1.120714432009191E-14 3.393424022626782E-16 -7.578888005671541E-15 1.356377800248350E-15 -3.407483020030169E-15 -8.099520152527398E-16 1.524116174591415E-15 -1.524116174591424E-15 7.738618968852165E-16 4.260041392957751E-15 1.536210909411872E-14 7.616694283633864E-15 -1.186602437536494E-14 -1.173596363124326E-14 6.599417777684054E-15 -6.903124849585406E-15 -8.941414508816451E-16 1.234031711180171E-16 
-1.936491673103710E+00 1.936491673103712E+00 -3.462944187993730E-16 3.750000000000004E+00 -3.750000000000003E+00 2.082011030704756E-17 1.984313483298439E+00 -1.984313483298441E+00 8.528305675765267E-18 -1.721583916936942E-15 -6.928485563051368E-15 6.897260540483785E-15 -2.053318878004698E-15 -2.851032362184351E-15 8.337357845064512E-15 -5.169475958410885E-16 1.488392742388100E-15 2.751389627486312E-15 1.274464246649791E-14 1.362540638491497E-14 -7.242441964813820E-15 5.904998712225051E-15 -6.744604874597826E-15 4.635634658152739E-16 5.995772795722907E-15 1.805708732639796E-14 -1.277576114701283E-14 4.958604223027100E-15 2.768618667658984E-15 -5.030698080332741E-16 -1.104104413263757E-15 -4.804340654034363E-15 1.519422830317051E-15 -1.866474471667737E-14 1.042276499761088E-15 4.176852342889346E-15 -5.620504062164855E-15 3.382710778154774E-15 6.121380162439425E-16 -4.246404000094141E-16 -8.567899781687193E-15 -8.234930113768583E-15 -2.314261669874540E-15 -1.503471410502763E-14 -4.323317413033094E-15 -7.112366251504909E-15 -2.081668171172169E-17 -3.225098026956442E-15 -3.514469402216706E-16 -1.662743213412946E-14 -7.910539953165442E-15 1.560695273805487E-14 -3.967325694558495E-14 -5.280510867565890E-15 -6.154294773634385E-15 8.083811398051921E-15 1.221245327087672E-15 -1.004020723687183E-14 7.461864728809058E-15 4.446845767063702E-15 -1.584389769476788E-14 5.048297005055032E-15 -4.184588908392251E-14 1.977071978652560E-14 -1.715763110900321E-14 4.537398893557247E-15 -3.087807787238717E-15 4.857225732735060E-15 -7.056870387574278E-15 -1.554163105579742E-14 3.365894548621758E-14 -6.355089997873868E-15 8.863036164217880E-15 -1.601061422755396E-14 6.047417973076412E-14 -4.340055438832045E-14 -7.968904021181018E-15 -2.135773928287531E-15 
1.936491673103709E+00 -1.936491673103711E+00 3.462944187993763E-16 -3.750000000000003E+00 3.750000000000002E+00 1.695363508520257E-15 -1.984313483298440E+00 1.984313483298443E+00 2.915781793952137E-15 3.131588842254340E-15 2.522287934070278E-15 -2.697495005143935E-15 5.746545158359320E-15 6.809779754580673E-15 -7.523254574184144E-15 -9.298117831235686E-16 2.220446049250313E-16 4.000154141015421E-15 -6.024540560998257E-15 -1.340637721728217E-14 6.997252793409995E-15 -4.343747583845925E-15 5.072331443756184E-15 5.351229625658984E-15 -1.374469455720693E-15 -1.814195325144926E-14 1.525627765128926E-14 -3.085503934109590E-15 -1.450228825916611E-15 -3.677613769070831E-16 6.600152034136946E-16 1.173629566403769E-14 3.189267204787495E-15 1.620098675926237E-14 3.125667761373317E-15 -5.550570959495111E-15 4.326400349086157E-15 -2.092076512028029E-15 -2.999117519188029E-15 1.383752231626209E-14 1.681304046300496E-14 -1.388809324305373E-14 3.971410903926483E-15 1.701822216407826E-14 7.167259411976223E-15 7.195632978351796E-15 -1.457167719820518E-16 1.393230036324934E-15 1.152306612551231E-14 3.370318266990716E-14 -2.246135102994255E-14 -2.191201951082823E-14 5.133424429094067E-14 1.043804800255482E-14 2.103806600123880E-15 -5.183353746218700E-15 -3.962108419131027E-15 1.103940795903447E-14 -4.714062742861795E-15 2.592989702076617E-14 -1.166424863912323E-16 -1.716792901743984E-14 5.063069113189714E-14 -7.631873677938093E-15 2.293606762383703E-15 -6.753860498686292E-15 4.843347944927245E-15 -6.508682481864980E-15 6.779314631417988E-15 1.345996288462525E-14 -2.252895966435038E-14 -3.445880800960595E-15 -2.621023026640448E-14 1.543706979600147E-14 -3.848649190267769E-14 2.112639261328847E-14 6.975649486851840E-15 2.521248287180928E-15 
1.681050735198833E-15 6.538212424081787E-17 4.468757048661887E-16 -6.121525889883930E-16 2.212434995576998E-15 3.750000000000000E+00 -1.430255787465641E-15 6.010579659487276E-16 3.968626966596881E+00 -4.012677980148004E-15 -1.303880409014752E-15 2.861662090441924E-15 1.868730864496015E-15 -1.463157936823501E-15 -6.703509800612363E-15 5.806545045348403E-16 -6.370690869375281E-17 2.315855840429037E-15 -1.813382343590632E-15 -1.204765454065893E-15 3.042559419545288E-16 -3.041210508454655E-16 -4.566982469697408E-15 2.848415947553918E-15 2.855788522326804E-16 1.929317437147222E-15 -4.474513906671583E-15 -1.596237670389192E-14 -6.740450587593986E-17 3.342562428520153E-15 -3.982925100842749E-15 6.343016389909197E-15 3.928958937707284E-15 3.761293847995979E-15 -2.757088722170316E-14 -4.844321368584093E-15 4.143930347713205E-15 7.896232179648351E-16 -7.355227538141662E-15 9.728329253277934E-15 4.198030811863872E-15 8.124409687213820E-15 -7.689331107977530E-15 3.599393768438251E-15 -1.197855987629265E-14 -1.699551209473173E-15 -2.519296284102423E-15 -3.816391647148963E-16 9.828943214884589E-15 1.098231748597467E-14 -6.915481913245120E-15 1.439049420380952E-14 9.688450843686707E-15 -4.675360274842637E-15 -6.826901435673193E-16 -2.254911138433909E-16 6.508659543831385E-15 4.232725281383409E-15 -5.266620473065584E-15 1.672967320232033E-14 -3.325058327632857E-15 1.368241118820078E-14 9.165278236452942E-15 1.965458214571164E-14 -4.223051783010126E-15 -6.923099080919929E-15 -1.380086004202526E-15 -6.011570726934649E-15 4.052314039881820E-15 8.278100427361322E-15 1.359329315775426E-14 1.091900007910152E-15 1.191142623175202E-14 -1.294682493338535E-14 3.384496108375191E-14 1.580172081850121E-14 -2.437826281464510E-15 0.000000000000000E+00 
0.000000000000000E+00 0.000000000000000E+00 0.000000000000000E+00 1.984313483298439E+00 -1.984313483298440E+00 -7.181341159467705E-16 5.249999999999994E+00 -5.249999999999994E+00 -1.917872794744313E-15 3.763287235024764E-16 2.598076211353312E+00 -2.598076211353310E+00 4.696594888301878E-16 -1.819649709613789E-15 5.176794167985884E-15 -6.813993813636898E-15 6.002143226879753E-15 2.292864788986669E-15 2.135270610578415E-15 1.308109911424835E-15 -4.554169071534107E-15 -3.358424649491099E-15 6.536438057480609E-15 -2.481518283720945E-15 6.746110711265349E-15 -7.099874308709644E-15 -5.651785880731759E-15 3.902213277576981E-15 1.318389841742373E-15 2.553512956637860E-15 -8.353348468173421E-15 8.770825358443827E-15 -9.166873543896823E-15 6.239103637527757E-15 -1.829894568799707E-15 1.995038081613187E-15 -1.665334536937735E-16 5.689893001203927E-15 -1.115059994825647E-14 1.007281419874742E-14 -1.650603639855778E-14 4.492593534262539E-14 -1.777482935541166E-14 1.819705068453860E-15 7.224291637614501E-15 -1.171285290979540E-14 8.687495167691850E-15 4.506441850000219E-15 6.112764342594890E-15 -2.787697076244520E-14 5.464528237876238E-14 -1.644876606413999E-14 -1.190747051538203E-14 5.890392296225672E-15 1.222481067863244E-14 -1.440514374451141E-14 -6.744604874597826E-15 1.002646263680876E-14 1.331795709268572E-14 -5.757465598474308E-15 3.757122954511089E-14 -3.514459721797179E-14 1.929822496855455E-15 -1.371060746064589E-14 2.516759383770150E-14 -8.841455634558286E-16 -8.881784197001252E-15 1.523781101298027E-14 -4.545123081415160E-15 -1.471990788486705E-15 -1.864746311952654E-14 2.058708244512693E-14 -2.085834180432136E-14 3.916884411229174E-14 -1.761123115631514E-14 3.174777191282751E-14 -1.183748081766575E-14 0.000000000000000E+00 
0.000000000000000E+00 0.000000000000000E+00 0.000000000000000E+00 -1.984313483298441E+00 1.984313483298442E+00 -6.747877823622531E-17 -5.249999999999993E+00 5.249999999999993E+00 -7.223763356923861E-16 -3.371396567412215E-15 -2.598076211353313E+00 2.598076211353312E+00 -4.341562287210418E-15 2.177409997664579E-16 -3.982591214772252E-15 6.050715484207103E-15 -5.287437154777308E-15 -4.860255533432342E-15 4.464484853775356E-15 1.272359021726448E-15 -3.493390057529158E-15 6.203371150093062E-15 -9.270362255620057E-15 -2.403463024629745E-15 -4.209944989387249E-15 5.996969648748759E-15 -5.811319364565714E-15 -9.272486851574719E-15 1.110223024625157E-15 -4.649058915617843E-15 6.188413570154368E-15 -1.071371565153786E-14 -1.184004596822293E-15 -6.998912520005602E-15 -9.136620485222531E-15 -5.596398123714747E-15 8.049116928532385E-16 -6.328271240363392E-15 1.442575787090068E-14 -1.091935925502410E-14 -3.777217844301027E-15 -2.730938476321193E-14 9.198140920297249E-15 -3.972351100804771E-15 -9.934000884308237E-15 1.165734175856414E-14 -8.520961713998076E-15 4.547255096291679E-17 -9.943033777551681E-15 -1.373904542623839E-14 -2.826219829328286E-14 2.095732000150024E-14 1.171082443160845E-14 -5.386726812013746E-15 -1.924930161943537E-14 1.207367539279858E-14 8.881784197001252E-15 -5.696592840770648E-15 -1.537186968824227E-14 -2.839923964350903E-14 -6.819786486470036E-15 3.799998932887929E-14 -3.064324609182895E-15 1.874130046167608E-14 -2.164810587311390E-14 5.932255675948444E-15 4.024558464266192E-15 -1.057487430955462E-14 5.877390710965357E-15 -3.468501671095236E-15 1.805765713769441E-14 1.145716328398564E-14 9.187257783220955E-15 -2.784713682973650E-14 2.135645850652866E-14 -1.067578722568750E-15 0.000000000000000E+00 0.000000000000000E+00 
0.000000000000000E+00 0.000000000000000E+00 0.000000000000000E+00 -1.218294308377604E-15 3.929667101329352E-15 3.968626966596882E+00 -2.930353618901155E-15 5.329657751012072E-16 6.999999999999985E+00 3.319183307110700E-16 -8.728639269547066E-16 5.338042154119009E-15 4.472135954999569E+00 -2.820294453705074E-15 -4.757329419792966E-15 3.269894233946749E-15 6.077483992872239E-17 3.968179951296946E-15 -1.614154773385556E-14 -1.255264711348246E-15 -1.304988920248937E-17 -2.261442825019105E-15 -1.343433518561904E-14 1.384829750872285E-14 -6.701019947263906E-15 -2.002816180046372E-14 -1.455262631549069E-14 -1.175927251208985E-14 -2.818123810934503E-16 1.107873129557310E-14 -1.083161338399918E-14 7.174382615771078E-15 -1.732922345117766E-14 -1.350568199892092E-15 -3.691662601616581E-14 -1.290321683015027E-14 1.106287972059800E-14 1.361209814347891E-15 -1.589700593385146E-14 1.241194647061405E-14 -4.620002297395230E-15 2.096952033672424E-15 -3.460745926440442E-14 -6.003342011403160E-15 -5.429212014179885E-16 -1.826476532142808E-16 -1.319207034656690E-14 4.773959005888171E-15 7.436759541512572E-15 -1.099988156116893E-14 -3.947648550281860E-14 -3.356022749926305E-14 -9.718643821128148E-15 2.977409571455267E-15 1.187121245490295E-14 5.254989432091080E-16 1.875768721574908E-14 7.056855100273652E-15 -1.547720285266508E-14 2.686652983419079E-15 -3.108456417613703E-14 -6.219477058068631E-15 -1.148531980930484E-14 3.879915243110373E-15 -1.400395703664574E-14 -1.628620222468860E-14 0.000000000000000E+00 0.000000000000000E+00 1.025568518997489E-14 1.129651927556097E-14 4.317986940227669E-14 -1.355035875172383E-14 5.442246486634956E-14 -2.037957480621408E-14 3.059306442850205E-14 -3.083063053222689E-14 0.000000000000000E+00 0.000000000000000E+00 
0.000000000000000E+00 0.000000000000000E+00 0.000000000000000E+00 -2.175343238874916E-15 3.757411048965764E-15 -3.071244738964570E-15 -3.816391647148976E-16 -2.359223927328458E-15 7.942527781286775E-16 1.399999999999999E+01 3.191891195797325E-16 3.955169525227120E-15 2.041542183351758E-16 1.341640786499872E+01 0.000000000000000E+00 -1.332267629550188E-15 1.637578961322106E-15 -5.327103089810234E-15 8.662456039147856E-15 -4.482833131105888E-16 0.000000000000000E+00 1.804112415015879E-15 -3.413935800722356E-15 9.978411304993054E-16 -1.171275585802252E-14 2.623927155702755E-16 -4.113292668322418E-14 0.000000000000000E+00 1.748601263784622E-15 -1.415534356397075E-15 9.110843380381589E-15 -1.751621531535388E-14 -1.834362191582864E-14 -1.817805483921838E-14 -6.275491679860220E-15 0.000000000000000E+00 2.220446049250313E-16 1.609823385706477E-15 1.031280385352777E-14 -6.345287861996286E-15 -2.038266796437611E-14 -1.197085096675804E-14 4.549778859651614E-15 -6.871209956937130E-14 0.000000000000000E+00 -2.442490654175344E-15 9.270362255620057E-15 -5.834942626724114E-15 -4.139955580466775E-15 -2.652373828829902E-14 -1.610635144403039E-14 3.551318830402339E-15 -3.871111589799133E-14 6.538625109409655E-15 0.000000000000000E+00 -1.054711873393899E-15 -1.321165399303936E-14 -3.811068517492800E-15 1.358569479146951E-15 -3.725165563318105E-14 -2.518008065450515E-14 -1.501762453703837E-14 -1.158840522495348E-14 3.235176077628495E-14 -9.026396553592945E-14 0.000000000000000E+00 0.000000000000000E+00 0.000000000000000E+00 -1.724245228024233E-15 -3.419491825526300E-17 -1.217576352090436E-14 2.030951518896321E-14 -4.631802615487550E-14 3.913568648204947E-14 4.465003396726069E-14 0.000000000000000E+00 0.000000000000000E+00 0.000000000000000E+00 
0.000000000000000E+00 0.000000000000000E+00 0.000000000000000E+00 0.000000000000000E+00 0.000000000000000E+00 0.000000000000000E+00 2.598076211353311E+00 -2.598076211353313E+00 -5.004170868603639E-16 -1.628601051069629E-16 5.624999999999997E+00 -5.624999999999996E+00 4.765504579409679E-15 -1.141921891767680E-14 0.000000000000000E+00 2.781074432660863E+00 -2.781074432660863E+00 2.231243520925995E-15 -3.114180192621194E-14 -3.994168081592550E-15 0.000000000000000E+00 -7.986666883397220E-15 6.626643678231403E-15 -1.395822266265138E-14 -1.281666911773548E-14 5.852172192405985E-15 -8.670456066829656E-15 0.000000000000000E+00 4.884981308350689E-15 -1.387778780781446E-17 -2.657142668675157E-14 1.409509767425960E-14 3.148956877876896E-14 -2.429815259149845E-14 1.734313467733564E-14 0.000000000000000E+00 6.744604874597826E-15 5.648259637780484E-15 -1.598265090447041E-14 2.629415747269182E-14 1.243271114953745E-14 -1.677625273706567E-14 4.935205223951107E-14 -3.125315282291497E-14 0.000000000000000E+00 -1.454392162258955E-14 1.063038546078587E-14 1.721953892675017E-14 8.746283304229703E-16 -2.861671363147727E-14 -3.210032124860255E-14 7.330986267655578E-14 -4.893923678341900E-14 -1.972581033313061E-14 0.000000000000000E+00 -2.618738559334588E-14 8.465450562766819E-16 1.556512615501722E-14 -1.006125047704285E-14 -5.551074717424321E-14 -3.787982338167207E-14 5.771602574262444E-14 -4.780659547191507E-14 3.430088511089528E-15 -2.447835690549830E-14 0.000000000000000E+00 0.000000000000000E+00 0.000000000000000E+00 0.000000000000000E+00 2.129328199562811E-14 0.000000000000000E+00 0.000000000000000E+00 0.000000000000000E+00 0.000000000000000E+00 0.000000000000000E+00 0.000000000000000E+00 0.000000000000000E+00 0.000000000000000E+00 
0.000000000000000E+00 0.000000000000000E+00 0.000000000000000E+00 0.000000000000000E+00 0.000000000000000E+00 0.000000000000000E+00 0.000000000000000E+00 0.000000000000000E+00 5.244885793656933E-15 3.867578928489932E-15 -5.624999999999995E+00 5.624999999999993E+00 2.527272913596822E-15 9.513408338881781E-15 0.000000000000000E+00 -2.781074432660867E+00 2.781074432660865E+00 -4.645978599485709E-15 2.405979333553663E-14 1.020472207107833E-14 0.000000000000000E+00 -3.247402347028583E-15 4.045375145977914E-15 1.745769391774657E-15 2.598668974735141E-14 1.110930343439174E-14 1.532917434167474E-14 0.000000000000000E+00 -1.097733015598124E-14 6.092348847630547E-15 1.324875039124970E-14 2.128036273075492E-15 -1.338295881739205E-14 8.143370814874983E-15 1.197175249357208E-14 0.000000000000000E+00 -3.261280134836397E-15 -8.895661984809067E-15 6.878822102544129E-15 -3.634167584554949E-14 -2.625672252959662E-14 3.675648151543134E-15 -1.213488910165356E-15 1.770631452044529E-14 0.000000000000000E+00 1.680600103526331E-14 -1.278144257099711E-14 -2.299269865480099E-14 -1.874921902688799E-14 -9.120460864922185E-15 3.309214939599229E-14 -1.203690365280625E-14 1.073530144624283E-14 3.463557289448925E-14 0.000000000000000E+00 2.593758541280522E-14 -4.163336342344337E-16 -1.778557220426753E-14 1.050533968689289E-14 3.850682059653890E-15 2.917931778791040E-14 8.241291447786820E-15 1.326576872928582E-14 2.610947398860436E-14 3.074185850128158E-14 0.000000000000000E+00 0.000000000000000E+00 0.000000000000000E+00 0.000000000000000E+00 -2.295861653256584E-14 0.000000000000000E+00 0.000000000000000E+00 0.000000000000000E+00 0.000000000000000E+00 0.000000000000000E+00 0.000000000000000E+00 0.000000000000000E+00 0.000000000000000E+00 
0.000000000000000E+00 0.000000000000000E+00 0.000000000000000E+00 0.000000000000000E+00 0.000000000000000E+00 0.000000000000000E+00 0.000000000000000E+00 0.000000000000000E+00 0.000000000000000E+00 0.000000000000000E+00 0.000000000000000E+00 0.000000000000000E+00 1.249999999999997E+01 -2.964235844629680E-15 0.000000000000000E+00 0.000000000000000E+00 0.000000000000000E+00 6.755037451669033E+00 -2.671886149829826E-14 0.000000000000000E+00 0.000000000000000E+00 0.000000000000000E+00 0.000000000000000E+00 1.388472670171836E-14 -2.040381752443920E-14 -3.579543616811371E-14 0.000000000000000E+00 0.000000000000000E+00 0.000000000000000E+00 0.000000000000000E+00 -2.342570581959080E-14 -1.663599813461765E-15 -5.222797021253723E-14 2.718029286071042E-14 0.000000000000000E+00 0.000000000000000E+00 0.000000000000000E+00 0.000000000000000E+00 -1.661171200595390E-14 1.050548537051554E-14 -4.465199911207751E-14 2.781676866387035E-14 -3.880497795220745E-14 0.000000000000000E+00 0.000000000000000E+00 0.000000000000000E+00 0.000000000000000E+00 8.187894806610523E-15 1.883909694910813E-14 -3.598467010479388E-14 7.800007926876686E-15 -9.417664334466190E-14 4.327156448248877E-14 0.000000000000000E+00 0.000000000000000E+00 0.000000000000000E+00 0.000000000000000E+00 1.257327575387990E-14 -6.744604874597838E-15 -1.689620665601410E-14 2.410165166402689E-14 -4.676901566220450E-14 4.086955714102455E-14 2.577943768517133E-14 0.000000000000000E+00 0.000000000000000E+00 0.000000000000000E+00 0.000000000000000E+00 0.000000000000000E+00 0.000000000000000E+00 0.000000000000000E+00 0.000000000000000E+00 0.000000000000000E+00 0.000000000000000E+00 0.000000000000000E+00 0.000000000000000E+00 0.000000000000000E+00 0.000000000000000E+00 
0.000000000000000E+00 0.000000000000000E+00 0.000000000000000E+00 0.000000000000000E+00 0.000000000000000E+00 0.000000000000000E+00 0.000000000000000E+00 0.000000000000000E+00 0.000000000000000E+00 0.000000000000000E+00 0.000000000000000E+00 0.000000000000000E+00 -2.084323573616314E-15 2.249999999999999E+01 0.000000000000000E+00 0.000000000000000E+00 0.000000000000000E+00 -7.615445129079438E-15 1.436140661634509E+01 0.000000000000000E+00 0.000000000000000E+00 0.000000000000000E+00 0.000000000000000E+00 6.400889909376273E-15 1.270618864614795E-14 -1.466452525784834E-14 0.000000000000000E+00 0.000000000000000E+00 0.000000000000000E+00 0.000000000000000E+00 1.705191243331250E-14 -2.191612009250216E-16 -3.457500014475211E-14 -5.230480302609507E-14 0.000000000000000E+00 0.000000000000000E+00 0.000000000000000E+00 0.000000000000000E+00 1.269377572479561E-14 -1.470781972112910E-14 -1.951381698267605E-14 9.621309126046763E-15 -2.148982973375801E-14 0.000000000000000E+00 0.000000000000000E+00 0.000000000000000E+00 0.000000000000000E+00 -4.302836284727289E-15 1.270431008858440E-14 -1.145038945687706E-14 3.120668966389945E-14 -6.750858313012690E-14 -1.281981341978187E-13 0.000000000000000E+00 0.000000000000000E+00 0.000000000000000E+00 0.000000000000000E+00 -1.532842924798011E-14 5.254869155928412E-14 -2.535806409700515E-14 -1.461939960259171E-14 -7.568021210614458E-14 -8.139955306986461E-14 -2.022780887222812E-14 0.000000000000000E+00 0.000000000000000E+00 0.000000000000000E+00 0.000000000000000E+00 0.000000000000000E+00 0.000000000000000E+00 0.000000000000000E+00 0.000000000000000E+00 0.000000000000000E+00 0.000000000000000E+00 0.000000000000000E+00 0.000000000000000E+00 0.000000000000000E+00 0.000000000000000E+00 
0.000000000000000E+00 0.000000000000000E+00 0.000000000000000E+00 0.000000000000000E+00 0.000000000000000E+00 0.000000000000000E+00 0.000000000000000E+00 0.000000000000000E+00 0.000000000000000E+00 0.000000000000000E+00 0.000000000000000E+00 0.000000000000000E+00 0.000000000000000E+00 -1.552577510999266E-16 0.000000000000000E+00 0.000000000000000E+00 0.000000000000000E+00 -7.140121827120540E-15 -1.676176558662721E-16 0.000000000000000E+00 0.000000000000000E+00 0.000000000000000E+00 0.000000000000000E+00 8.326672684688700E-16 -1.422213041779587E-14 0.000000000000000E+00 0.000000000000000E+00 0.000000000000000E+00 0.000000000000000E+00 0.000000000000000E+00 -6.716849298982199E-15 -3.063001241532247E-14 -2.055267848272146E-14 0.000000000000000E+00 0.000000000000000E+00 0.000000000000000E+00 0.000000000000000E+00 0.000000000000000E+00 -3.996802888650564E-15 -2.311692504086693E-14 2.895687162274277E-15 -1.387369494461332E-14 0.000000000000000E+00 0.000000000000000E+00 0.000000000000000E+00 0.000000000000000E+00 0.000000000000000E+00 -1.021405182655143E-14 7.445433158892458E-15 5.965714033884225E-15 -2.644783806023121E-14 -9.156347809271366E-14 0.000000000000000E+00 0.000000000000000E+00 0.000000000000000E+00 0.000000000000000E+00 0.000000000000000E+00 -1.579292252529285E-14 2.123301534595614E-14 -3.379761748245613E-14 -3.161739533380503E-14 -9.115375385656665E-14 -4.473295939467909E-15 0.000000000000000E+00 0.000000000000000E+00 0.000000000000000E+00 0.000000000000000E+00 0.000000000000000E+00 0.000000000000000E+00 0.000000000000000E+00 0.000000000000000E+00 0.000000000000000E+00 0.000000000000000E+00 0.000000000000000E+00 0.000000000000000E+00 0.000000000000000E+00 0.000000000000000E+00 0.000000000000000E+00 
0.000000000000000E+00 0.000000000000000E+00 0.000000000000000E+00 0.000000000000000E+00 0.000000000000000E+00 0.000000000000000E+00 0.000000000000000E+00 0.000000000000000E+00 0.000000000000000E+00 0.000000000000000E+00 0.000000000000000E+00 0.000000000000000E+00 0.000000000000000E+00 0.000000000000000E+00 0.000000000000000E+00 0.000000000000000E+00 0.000000000000000E+00 0.000000000000000E+00 2.241679385939060E-15 0.000000000000000E+00 0.000000000000000E+00 0.000000000000000E+00 0.000000000000000E+00 0.000000000000000E+00 2.183686548568405E-15 0.000000000000000E+00 0.000000000000000E+00 0.000000000000000E+00 0.000000000000000E+00 0.000000000000000E+00 0.000000000000000E+00 -3.261665671931736E-15 0.000000000000000E+00 0.000000000000000E+00 0.000000000000000E+00 0.000000000000000E+00 0.000000000000000E+00 0.000000000000000E+00 0.000000000000000E+00 -7.530406704149189E-15 0.000000000000000E+00 0.000000000000000E+00 0.000000000000000E+00 0.000000000000000E+00 0.000000000000000E+00 0.000000000000000E+00 0.000000000000000E+00 0.000000000000000E+00 2.224224474874257E-15 0.000000000000000E+00 0.000000000000000E+00 0.000000000000000E+00 0.000000000000000E+00 0.000000000000000E+00 0.000000000000000E+00 0.000000000000000E+00 0.000000000000000E+00 0.000000000000000E+00 8.970706572641014E-15 0.000000000000000E+00 0.000000000000000E+00 0.000000000000000E+00 0.000000000000000E+00 0.000000000000000E+00 0.000000000000000E+00 0.000000000000000E+00 0.000000000000000E+00 0.000000000000000E+00 0.000000000000000E+00 0.000000000000000E+00 0.000000000000000E+00 0.000000000000000E+00 0.000000000000000E+00 0.000000000000000E+00 0.000000000000000E+00 0.000000000000000E+00 0.000000000000000E+00 0.000000000000000E+00 
0.000000000000000E+00 0.000000000000000E+00 0.000000000000000E+00 0.000000000000000E+00 0.000000000000000E+00 0.000000000000000E+00 0.000000000000000E+00 0.000000000000000E+00 0.000000000000000E+00 0.000000000000000E+00 0.000000000000000E+00 0.000000000000000E+00 0.000000000000000E+00 0.000000000000000E+00 0.000000000000000E+00 0.000000000000000E+00 0.000000000000000E+00 0.000000000000000E+00 -1.073141607736957E-14 0.000000000000000E+00 0.000000000000000E+00 0.000000000000000E+00 0.000000000000000E+00 0.000000000000000E+00 -9.763190092885597E-16 0.000000000000000E+00 0.000000000000000E+00 0.000000000000000E+00 0.000000000000000E+00 0.000000000000000E+00 0.000000000000000E+00 -4.981740285910040E-15 0.000000000000000E+00 0.000000000000000E+00 0.000000000000000E+00 0.000000000000000E+00 0.000000000000000E+00 0.000000000000000E+00 0.000000000000000E+00 -8.845382909071865E-15 0.000000000000000E+00 0.000000000000000E+00 0.000000000000000E+00 0.000000000000000E+00 0.000000000000000E+00 0.000000000000000E+00 0.000000000000000E+00 0.000000000000000E+00 -1.199418709157563E-14 0.000000000000000E+00 0.000000000000000E+00 0.000000000000000E+00 0.000000000000000E+00 0.000000000000000E+00 0.000000000000000E+00 0.000000000000000E+00 0.000000000000000E+00 0.000000000000000E+00 -1.185728643666640E-14 0.000000000000000E+00 0.000000000000000E+00 0.000000000000000E+00 0.000000000000000E+00 0.000000000000000E+00 0.000000000000000E+00 0.000000000000000E+00 0.000000000000000E+00 0.000000000000000E+00 0.000000000000000E+00 0.000000000000000E+00 0.000000000000000E+00 0.000000000000000E+00 0.000000000000000E+00 0.000000000000000E+00 0.000000000000000E+00 0.000000000000000E+00 0.000000000000000E+00 0.000000000000000E+00 
0.000000000000000E+00 0.000000000000000E+00 0.000000000000000E+00 0.000000000000000E+00 0.000000000000000E+00 0.000000000000000E+00 0.000000000000000E+00 0.000000000000000E+00 0.000000000000000E+00 0.000000000000000E+00 0.000000000000000E+00 0.000000000000000E+00 0.000000000000000E+00 0.000000000000000E+00 0.000000000000000E+00 0.000000000000000E+00 0.000000000000000E+00 0.000000000000000E+00 0.000000000000000E+00 0.000000000000000E+00 0.000000000000000E+00 0.000000000000000E+00 0.000000000000000E+00 0.000000000000000E+00 6.564193633096239E-15 0.000000000000000E+00 0.000000000000000E+00 0.000000000000000E+00 0.000000000000000E+00 0.000000000000000E+00 0.000000000000000E+00 -2.883110417073455E-15 0.000000000000000E+00 0.000000000000000E+00 0.000000000000000E+00 0.000000000000000E+00 0.000000000000000E+00 0.000000000000000E+00 0.000000000000000E+00 -4.420075416788905E-15 0.000000000000000E+00 0.000000000000000E+00 0.000000000000000E+00 0.000000000000000E+00 0.000000000000000E+00 0.000000000000000E+00 0.000000000000000E+00 0.000000000000000E+00 2.135791543622645E-14 0.000000000000000E+00 0.000000000000000E+00 0.000000000000000E+00 0.000000000000000E+00 0.000000000000000E+00 0.000000000000000E+00 0.000000000000000E+00 0.000000000000000E+00 0.000000000000000E+00 2.617350780553806E-14 0.000000000000000E+00 0.000000000000000E+00 0.000000000000000E+00 0.000000000000000E+00 0.000000000000000E+00 0.000000000000000E+00 0.000000000000000E+00 0.000000000000000E+00 0.000000000000000E+00 0.000000000000000E+00 0.000000000000000E+00 0.000000000000000E+00 0.000000000000000E+00 0.000000000000000E+00 0.000000000000000E+00 0.000000000000000E+00 0.000000000000000E+00 0.000000000000000E+00 0.000000000000000E+00 
# non-zero value of Srs
3.000000000000000E+00 -1.500000000000001E+00 -1.500000000000000E+00 -3.872983346207419E+00 1.936491673103708E+00 1.936491673103712E+00 1.946917780829500E-15 -9.896597430447684E-16 4.544611746511784E-16 1.830249649334680E-15 1.845086347350708E-15 2.157562323246154E-15 -3.670313764950108E-15 4.827400573026874E-15 -6.436805041581376E-15 1.068480419745234E-14 -1.482321210222182E-15 -1.548959759336232E-14 2.836749402641359E-15 -3.752569670965669E-16 -1.561653849162192E-15 -2.204525243493070E-15 -4.816893411918599E-15 1.069852062051629E-14 -4.381264257686146E-15 -1.255872472332266E-14 3.748696368787680E-15 3.203055243678412E-15 -7.735429136703467E-17 7.405534518944989E-15 -5.230147845096353E-15 1.410224800654617E-15 2.942755319675106E-15 3.622447797618832E-15 2.329884135616143E-14 5.223311885305275E-15 -9.013486442421801E-15 -2.193037418329880E-14 1.791075251127985E-14 3.368633298195225E-15 -1.623476462900473E-15 1.524737984462607E-14 2.611780378174508E-14 1.192077303113913E-14 3.331167660858806E-15 2.835950780397002E-14 8.019626629440779E-15 -2.669504134116701E-14 -3.708893186887366E-15 -1.789860725173282E-14 3.407689923366325E-14 -2.164620225446113E-14 2.691364682940770E-14 3.314287173248432E-14 5.965940830826873E-15 5.894217976825354E-15 -3.722716579446228E-15 2.431478522901034E-14 -5.768482915749922E-15 -7.131993672676776E-14 2.949450873136574E-14 -2.226939958551963E-14 -5.333906854414749E-15 7.626924009318258E-14 3.083329184291100E-14 -2.233732765462442E-14 -5.204688986599369E-14 -2.988234659717648E-14 5.141863849615614E-14 3.789114894847977E-15 -1.063016742784394E-14 -3.606539384041604E-14 1.959730124833172E-14 -2.256617973417617E-14 1.909049281709415E-14 5.267330503002275E-14 4.225433543654490E-15 -4.379904541992025E-14 
-1.500000000000001E+00 8.143641503235762E-16 1.500000000000001E+00 1.936491673103712E+00 -1.879676228128584E-15 -1.936491673103711E+00 3.915000339498322E-15 5.298873673432231E-16 -1.105231678146641E-15 -1.752880729062398E-15 -2.342623850187183E-15 -5.224881563542032E-15 2.750247182483553E-15 -1.369564170508581E-15 2.555945537624698E-15 -4.920806967512169E-15 2.530583070442954E-15 1.361664873592264E-15 1.889075965368105E-16 1.277725149508302E-15 -1.202045744283904E-15 1.863196749346255E-15 2.715080730586558E-15 -7.513260635343186E-15 -6.102030590218732E-15 1.187138223712523E-14 -1.665073103382012E-15 -3.432256715869137E-15 -5.107917914199820E-15 -9.001377481597933E-16 9.318205959829225E-15 -2.111266286686954E-14 4.969965843645629E-15 -1.039829142299513E-14 -6.094299503510170E-15 9.123491491399091E-15 7.262540846975509E-15 8.557133153441302E-15 -4.012636194643061E-15 -8.451610487506144E-15 -5.792766918147296E-16 -2.194291275450988E-14 -1.481443326022395E-14 -9.032535883647169E-15 7.583328808134609E-16 -1.224548252058172E-14 -5.843470455749724E-16 9.868096142812567E-15 -3.215995563974859E-15 -1.423754821389630E-16 -3.373626288957677E-14 1.595409326722230E-14 -2.883717058596334E-14 -3.114574248525847E-14 -4.685569133355494E-15 -3.188496416947400E-15 -5.495156909248660E-15 -3.413969489025256E-15 5.314608604626254E-15 3.760644878568192E-14 -4.693515257184489E-14 7.608281681828250E-15 1.149074189816274E-14 -4.293615394347710E-14 -9.289206052422789E-15 8.477396763452155E-15 2.662652197305891E-14 2.484790914586236E-14 -2.777552334383262E-14 -4.094422151850935E-15 1.318958989056847E-14 2.051693184845549E-14 -2.051895385866857E-14 2.775661106946453E-14 3.553156191479262E-15 -1.151510114445763E-14 -3.054400940718330E-16 1.755245641810672E-14 
-1.500000000000000E+00 1.500000000000001E+00 -3.956795341458593E-16 1.936491673103709E+00 -1.936491673103707E+00 8.990752709013861E-16 -2.903474895081487E-15 1.314254304567022E-15 1.406440926710355E-15 -1.682661560163095E-16 -1.310245245598535E-15 7.513089246148191E-16 -2.106954424228608E-17 7.933108087390434E-16 -2.670005503825326E-15 3.861472756019426E-15 4.267152158281198E-15 8.008763772716405E-17 4.237209248091090E-16 1.619945961955004E-15 4.169826897017721E-16 -1.031503848933647E-15 -3.166252427969850E-15 2.535338482731840E-15 4.108279927620660E-15 9.308861714206011E-15 4.105311938599143E-15 4.815715603947695E-15 -3.617075965095974E-15 1.712881633942646E-15 1.529912911820200E-16 -6.652896101771982E-16 -2.840878490922256E-15 1.438579674599021E-14 1.219293499932909E-15 1.302309743551580E-14 -9.522638066505277E-16 -1.103353604818895E-14 3.756416575512601E-15 7.951023753856823E-15 1.982185194117885E-15 1.314801949931990E-14 -4.632491018739457E-15 4.046769422324470E-15 -8.114611285558244E-16 4.654165639678910E-15 2.234344799802778E-15 -6.138303581108445E-15 3.260979362390351E-15 6.288514614855925E-15 9.782743402690956E-15 4.477748350694374E-15 -7.274656429943380E-15 1.964161958347923E-15 -4.228647201725350E-15 -3.157949549830935E-15 4.967853925566101E-15 -1.447606170691068E-15 1.256863972050773E-14 1.818484344403594E-14 1.421285931915179E-14 1.579182156617656E-15 -3.281754368458515E-15 -1.368075122281267E-15 -5.627020281099554E-16 -1.197435592420273E-15 -2.572195636590517E-15 -2.229044835985504E-15 -4.873657133142858E-15 1.020443145237404E-14 2.612555268851393E-14 1.187647189344145E-14 2.098126199153305E-15 -1.303473872685778E-14 -7.400343464275557E-15 2.978930334441936E-15 -5.831520718956188E-15 1.192040653071357E-15 
-3.872983346207419E+00 1.936491673103712E+00 1.936491673103709E+00 3.750000000000009E+00 -3.750000000000006E+00 -3.750000000000003E+00 1.984313483298447E+00 1.984313483298443E+00 -3.968626966596884E+00 -1.262607781804339E-15 -2.506894610258706E-15 5.725403673609878E-15 2.332059022162184E-16 -4.734589275112320E-16 3.553744536505751E-15 -2.205868235697161E-14 -9.714965499557837E-15 2.271020931035664E-14 1.207072270680354E-14 -1.068379738670260E-15 2.550678417885229E-15 1.782573546914191E-14 9.437402192131292E-15 -2.979730524550916E-14 1.519484345845492E-14 2.953616482146330E-14 -1.408290927384010E-16 1.372182986418590E-14 -2.396831121958675E-14 -1.474978841592321E-14 2.329092387005738E-14 -2.209199719534829E-14 3.811061231938944E-15 -1.353881607712628E-14 7.124654607903273E-15 2.348986838842663E-14 3.369846318203655E-14 4.722480842413669E-14 -4.350597733913633E-14 -6.838784109425705E-15 1.676600188718400E-14 -1.679903697768026E-14 -2.062937616495372E-14 -8.864997236860061E-15 -3.264923239851950E-15 -4.622393216496548E-14 -6.278590378343957E-14 6.308636375654125E-14 8.040547916457332E-15 -1.528518406939087E-14 -2.107815587321763E-14 5.291892238032437E-15 -3.881717818804665E-14 -2.839714291365534E-14 -6.091134022180716E-15 2.323418874513998E-14 2.250811978872589E-14 -4.404344388057122E-14 8.290437582241370E-15 2.962786123977750E-14 -4.249179371744883E-14 1.488905588610537E-14 -1.312702104671398E-14 -3.636301860471084E-14 -1.673832599483435E-14 1.775888979472893E-14 4.938304841895674E-14 6.406437140725353E-14 -6.949466445939829E-14 -4.977920491768238E-15 2.650263176902459E-14 1.718958684455563E-14 -1.177351166451388E-14 2.612063777201667E-14 -5.135150015337575E-15 -1.350801243673043E-14 9.153363371665883E-15 7.612742780012313E-15 
1.936491673103708E+00 -1.879676228128584E-15 -1.936491673103707E+00 -3.750000000000006E+00 3.750000000000003E+00 3.750000000000004E+00 -5.952940449895328E+00 1.984313483298445E+00 3.968626966596885E+00 4.740427917067683E-15 -1.049237356642175E-15 -1.899522206194604E-15 1.200169581341398E-15 7.283076255590616E-15 -7.282743548178264E-15 1.119202117580262E-14 1.004925309633364E-14 -1.648583323960545E-14 -1.684295574183524E-15 -2.176239462602251E-15 5.483159107733516E-15 -2.018720060276381E-14 -1.609649913358879E-14 3.354953346746893E-14 1.153129919278634E-15 -2.653718013629371E-14 1.666452763169086E-14 -3.721061415692473E-15 3.045864748551539E-14 1.872807464664561E-14 -2.437775633569245E-14 2.436468486810021E-14 -7.960984649458226E-16 3.032763151707642E-14 7.146442580341963E-15 8.634728979247473E-15 -3.200233486015131E-14 -5.350928033998059E-14 4.738842951118187E-14 5.595127848921410E-15 -1.436084452662882E-14 2.563192518237462E-15 1.751471568968959E-14 4.962616136935697E-14 1.108686892947999E-14 4.238734717264677E-14 5.507920508573960E-14 -5.692591421207280E-14 2.315732908916569E-15 1.343583447881572E-14 -6.817136438345709E-15 -1.803022989780822E-14 6.113667389075376E-14 2.377379622194320E-14 2.820847825184630E-14 -2.532005957249442E-14 -1.182387521225792E-14 4.238268731805379E-14 -1.045097100075125E-14 -2.605117765830185E-14 4.535420830900509E-14 -1.733310912705721E-14 8.703172890420075E-15 2.747157592422940E-14 3.132253663668992E-14 -2.853743876743916E-14 -3.207154156813826E-14 -6.188799472894857E-14 5.836912598660510E-14 8.055053445317886E-15 -2.027821426444558E-14 -1.229016643879200E-14 1.554332993893381E-14 -2.965666672652057E-14 -2.711848999931724E-15 -1.506188551139687E-14 -1.258825125026251E-14 -2.992031973121903E-14 
1.936491673103712E+00 -1.936491673103711E+00 8.990752709013861E-16 -3.750000000000003E+00 3.750000000000004E+00 3.749999999999999E+00 1.984313483298445E+00 -1.984313483298448E+00 3.968626966596880E+00 4.582575694955832E+00 1.527109205943654E-15 7.330624579212105E-15 2.023175463966575E-15 -8.344663150238880E-15 -7.203020905596866E-15 4.956992469651529E-15 -8.520937671997485E-15 1.440471006364241E-15 1.386767702635166E-15 3.179755754762013E-15 -4.993267447094898E-15 -8.614521195374291E-15 5.867653911031489E-16 1.229550315728911E-14 -6.678801024860971E-15 1.064530679318471E-15 -5.873244412612907E-15 -2.485482050633870E-14 1.301764912456812E-14 1.975749849481264E-15 -1.959803846984799E-15 7.695012900561797E-15 1.106623473412505E-14 -1.139087750073144E-15 -1.641809927951333E-14 -1.430405918608569E-14 -1.254138465579189E-16 4.198001242808857E-15 -1.797173521111970E-15 4.231096354354731E-15 2.270406085358445E-14 -6.657835432337523E-15 1.045138257037777E-14 -1.301077211071837E-14 -2.993569289251896E-15 -8.548106505200199E-15 -3.544694961949237E-15 1.115947612095880E-14 1.253213270944816E-14 2.251465073405123E-14 -9.301919089329413E-15 3.019773380937246E-14 1.264826956631967E-14 -1.383175050459507E-14 -8.930059873148061E-15 -9.935743178019028E-15 5.988140129965714E-15 1.737325561190771E-15 -1.850792426429861E-14 2.426813090761204E-14 -6.068644921421341E-15 1.783271719920103E-14 2.200972245278149E-14 2.017783845302514E-14 1.855828778688775E-14 -3.331519787171186E-14 1.949318002573887E-14 -1.184727282630813E-14 5.269656239148550E-15 2.774875509729715E-14 -1.423904397168663E-14 1.111024885555012E-14 -3.059958868592300E-14 9.288050982080196E-15 3.879457812345368E-14 5.196227823246118E-14 -9.216733485647402E-15 0.000000000000000E+00 
0.000000000000000E+00 0.000000000000000E+00 0.000000000000000E+00 1.984313483298447E+00 -5.952940449895328E+00 1.984313483298445E+00 5.249999999999991E+00 -5.249999999999992E+00 -3.499999999999995E+00 -9.814470516559160E-15 2.598076211353306E+00 5.196152422706641E+00 -8.944271909999149E+00 -3.844384744266393E-15 -8.236446609002096E-15 2.150468005667816E-15 -9.089880363052725E-15 1.544194361506263E-14 1.584297649872569E-14 2.847929999512795E-15 -9.751195875122387E-15 1.792349087642117E-14 9.952159172364736E-15 -1.707280277895899E-14 3.113081801107014E-15 3.646133935175271E-14 -8.549456968869512E-15 -1.232775792887614E-14 -1.393023406623656E-14 -1.430385054096331E-14 2.214179183211892E-14 -2.972009812136352E-15 1.842669594664569E-14 -1.121298788751016E-14 -8.684472763645976E-15 -9.582563982844214E-16 5.821876339941979E-15 1.287710988291163E-14 -4.706115762821560E-15 -2.826532419807097E-15 4.433414750157469E-14 1.119687629513901E-14 -1.534645362017993E-14 -1.535447696733587E-14 -1.185686821133165E-14 -1.676013916940224E-14 -1.533568948263380E-14 4.130138494703122E-15 -1.954612713548024E-14 2.643574999909281E-14 4.041853816505410E-14 -1.008491741376814E-14 -1.227305829482058E-14 6.361444280363608E-15 -5.520194906737217E-15 1.564465130665804E-14 2.612965165114527E-14 -2.419175053512728E-14 -2.574582911624093E-15 1.231083887952044E-14 -7.409072843318313E-15 8.413195964721110E-15 5.933959863937568E-16 2.041673622343223E-14 2.351865260407261E-14 -1.146598141350162E-15 1.347355391514722E-14 9.612755622086033E-15 -5.364842354551387E-15 -8.181020466659373E-15 -2.172708812090510E-14 3.464323851268916E-14 -1.619870780596863E-15 9.902284429536224E-15 3.129277953422375E-14 3.039998317795897E-14 -2.467461647966479E-14 0.000000000000000E+00 
0.000000000000000E+00 0.000000000000000E+00 0.000000000000000E+00 1.984313483298443E+00 1.984313483298445E+00 -1.984313483298448E+00 -5.249999999999992E+00 5.249999999999988E+00 3.499999999999991E+00 1.763077030815517E-15 -1.039230484541325E+01 2.598076211353309E+00 8.944271909999141E+00 -3.116264997024031E-15 4.386685888146539E-15 -1.810532855442107E-15 -2.303712776097200E-15 -6.400631442250771E-15 -1.084413911836592E-14 3.985512247761415E-15 -9.385160698226710E-15 -1.071750014789930E-14 -2.029973411588060E-14 6.337113738155305E-15 -1.701187521477875E-14 -1.837744585589801E-15 -5.567402852798389E-15 9.303862833479087E-16 7.851083764472379E-15 2.960132139406824E-14 -1.746051244552487E-14 -1.295685264045045E-14 -6.182939508772040E-15 3.636405630120036E-14 -1.072227526384557E-14 -2.729974492565183E-14 -1.235683719468239E-14 -8.562595077421520E-15 1.336318056026586E-14 1.227519105419472E-14 -3.591555745764981E-15 3.329971819319031E-14 -1.757121066514481E-15 -9.016790274863625E-15 -1.156018838761570E-14 1.792313785330554E-14 -7.695233339433116E-15 -1.027902147555242E-14 8.966187421852298E-15 -1.602828183784663E-14 -2.077363234717222E-14 -1.978774277236550E-14 5.853040604201860E-14 -8.352686297671146E-15 -3.329518664981442E-14 1.402134292351471E-14 8.854028621385623E-15 1.047392259115455E-14 2.467466468755845E-15 -1.825240109432318E-14 -2.277617288073329E-14 -3.615747286169364E-14 3.855420926522066E-14 3.222693946491496E-15 -1.317708645166650E-14 -1.099341915609266E-15 -7.362775950979437E-15 -2.250977182427505E-14 3.201066337377406E-14 1.203433251926144E-14 4.196084558826269E-14 -1.102858484900071E-14 -2.542685613105837E-14 -1.646304445589896E-14 2.041705970557000E-14 3.839371517091058E-15 0.000000000000000E+00 0.000000000000000E+00 
0.000000000000000E+00 0.000000000000000E+00 0.000000000000000E+00 -3.968626966596884E+00 3.968626966596885E+00 3.968626966596880E+00 -3.499999999999995E+00 3.499999999999991E+00 6.999999999999991E+00 8.082903768654747E+00 3.464101615137755E+00 -3.464101615137746E+00 4.472135954999578E+00 7.745966692414823E+00 -8.656030328921078E-15 -6.687746660034413E-15 -6.373794234063422E-15 1.569057384021022E-15 -1.487323933847109E-14 -2.236886958756521E-15 -1.077381695768214E-14 5.154557839960663E-15 -2.065651916900616E-15 8.758618830206897E-15 -8.302451346010649E-15 -2.925471551205178E-14 -2.842405418647500E-14 -6.005999703988899E-15 2.295607678394002E-15 8.165562059731346E-15 3.504141421473156E-16 -1.709440669841217E-14 -3.347522996646758E-14 -2.058954704718527E-14 -2.425859997708425E-14 -7.717932032072785E-15 7.787974277586366E-15 -1.173154885277554E-14 -2.622901895676937E-15 6.976203893421511E-15 -2.673637136338393E-14 -3.650675394881353E-14 -8.144574034442144E-15 -2.042152588640314E-14 -5.701230861163887E-15 -1.064297572387393E-14 1.653286361305193E-14 1.750335987260598E-14 -3.140497591370346E-15 -2.904599304132118E-14 -7.069706686483572E-14 4.152147778264949E-15 -3.290094927832427E-14 -2.905142700919240E-14 2.307285954621367E-14 7.579819137111648E-16 3.510427468941637E-15 -1.804112415015895E-16 3.873615901288588E-15 1.164736709857727E-14 -2.739627635445105E-14 -1.336995132187049E-14 -2.202569888722942E-14 -3.172016681553321E-14 -2.532714220411031E-14 -4.344359433843952E-14 0.000000000000000E+00 0.000000000000000E+00 6.359496262930965E-15 2.907116798022427E-14 1.195571419643216E-14 1.078848423392865E-14 1.849294846488340E-15 2.846257289578990E-14 -6.424620256870572E-15 -3.173017214206033E-14 0.000000000000000E+00 0.000000000000000E+00 
0.000000000000000E+00 0.000000000000000E+00 0.000000000000000E+00 -1.262607781804339E-15 4.740427917067683E-15 4.582575694955832E+00 -9.814470516559160E-15 1.763077030815517E-15 8.082903768654747E+00 1.399999999999997E+01 9.000705609361777E-15 5.000872214682792E-15 -2.581988897471609E+00 1.341640786499872E+01 0.000000000000000E+00 -1.690228446140569E-15 -9.198269793683867E-15 1.218683692157344E-15 -2.524862342135837E-14 -1.449947764010348E-14 0.000000000000000E+00 -7.602390867697840E-15 3.557436336535809E-15 5.771449137463989E-15 -3.207679439418723E-14 -7.462495788339698E-15 -5.451965845520085E-14 0.000000000000000E+00 4.674404691622582E-15 1.083996649186445E-14 2.702350935614295E-15 -1.039153697101756E-14 8.626941749888804E-15 1.702923389716905E-14 -7.422698425374385E-14 0.000000000000000E+00 1.471124522248918E-14 -5.045006286961637E-15 -3.541786523813196E-15 3.753005642764160E-15 -5.733950121842991E-14 1.099447691012412E-14 3.649614701089333E-14 -4.953707136738402E-14 0.000000000000000E+00 -1.433039651615096E-15 2.351538932787398E-14 -4.685833261808036E-15 1.692519800114630E-15 -4.176980882755047E-14 -8.552824291965247E-14 7.120093903046962E-15 -5.155380778455341E-15 -4.638504260232980E-14 0.000000000000000E+00 -4.103624153375550E-14 -3.347827908185018E-14 2.774782497497969E-14 -2.703511847830472E-14 2.489878215353673E-15 -4.298730784336194E-14 -1.287697438182623E-14 2.281752219756935E-14 -6.535415244036465E-14 -1.056759732614891E-13 0.000000000000000E+00 0.000000000000000E+00 0.000000000000000E+00 -3.312270882442202E-14 3.544106732418613E-14 3.896499821805513E-14 4.910180600378149E-15 -4.431464410230054E-15 7.386699820760693E-14 6.126912717912632E-15 0.000000000000000E+00 0.000000000000000E+00 0.000000000000000E+00 
0.000000000000000E+00 0.000000000000000E+00 0.000000000000000E+00 0.000000000000000E+00 0.000000000000000E+00 0.000000000000000E+00 2.598076211353306E+00 -1.039230484541325E+01 3.464101615137755E+00 9.000705609361777E-15 5.624999999999985E+00 -5.624999999999984E+00 -4.841229182759253E+00 6.094224842377311E-15 0.000000000000000E+00 2.781074432660900E+00 8.343223297982620E+00 -1.308107377666079E+01 2.030187655462241E-14 -2.048726580051608E-15 0.000000000000000E+00 2.869774959308141E-15 -2.308609457799716E-14 1.590125402512684E-14 3.187685947769437E-14 -6.423664325920575E-14 -2.779847942010457E-14 0.000000000000000E+00 4.414713593370846E-15 -1.706497875858745E-15 -1.466744954519897E-14 2.980828360782472E-15 -1.435504727011348E-14 -3.849655612396137E-14 -1.499213171075267E-14 0.000000000000000E+00 -3.145955535455429E-14 -3.136765077917577E-15 1.427798469807027E-14 -5.863537771078118E-14 -4.680171377748845E-14 2.633192061306673E-14 -1.218526873875465E-14 -1.311956329353580E-14 0.000000000000000E+00 3.171212250086126E-14 6.403889441327371E-14 -5.615778026488277E-14 -1.424758695509821E-14 -5.610145822558941E-14 -3.181966789651251E-14 3.173955317847246E-14 -5.866607325066132E-14 -3.681947318053558E-14 0.000000000000000E+00 -4.654379979998743E-14 -1.272819124965694E-14 2.768919528328551E-14 -4.606515236846021E-14 -6.754709791293745E-14 2.530314884851217E-14 -7.320500476946736E-15 2.091579491354889E-14 -6.297558022120680E-14 -5.707902033536972E-14 0.000000000000000E+00 0.000000000000000E+00 0.000000000000000E+00 0.000000000000000E+00 2.397387969787953E-14 0.000000000000000E+00 0.000000000000000E+00 0.000000000000000E+00 0.000000000000000E+00 0.000000000000000E+00 0.000000000000000E+00 0.000000000000000E+00 0.000000000000000E+00 
0.000000000000000E+00 0.000000000000000E+00 0.000000000000000E+00 0.000000000000000E+00 0.000000000000000E+00 0.000000000000000E+00 0.000000000000000E+00 0.000000000000000E+00 -3.464101615137746E+00 5.000872214682792E-15 -5.624999999999984E+00 5.624999999999981E+00 4.841229182759271E+00 1.208062351368420E-14 0.000000000000000E+00 -1.390537216330439E+01 2.781074432660877E+00 1.308107377666079E+01 2.033712973224800E-14 1.328537341715723E-14 0.000000000000000E+00 1.285068373969150E-14 5.098699240591031E-14 -3.104169194941892E-14 4.455668577726093E-14 1.830329559783688E-14 1.676214934166648E-14 0.000000000000000E+00 -3.940108668137353E-14 -4.161948563563556E-14 3.937982388768560E-14 3.314369509074770E-14 -3.368647822816971E-14 -1.453013198592031E-15 3.718359673958284E-14 0.000000000000000E+00 1.878952011937122E-14 1.021405182655144E-14 -3.751955981296998E-14 -3.731007678048364E-14 -3.744708118319017E-14 -2.695818007338602E-14 5.241741421396863E-14 1.353739982475058E-15 0.000000000000000E+00 -2.226813047175741E-14 -3.826799988004836E-14 6.339502671556409E-14 1.080533948473656E-14 -6.553222650729708E-14 1.806857675468216E-14 7.057704827117706E-14 -3.396690772794207E-14 7.804107334958629E-14 0.000000000000000E+00 2.772084046857819E-14 1.050548537051554E-14 -2.622246575177081E-14 1.322293274487554E-14 1.310594708818106E-14 3.335134436886929E-14 7.463070866898366E-14 4.940496742349485E-14 6.639728990632350E-14 1.286792674235804E-14 0.000000000000000E+00 0.000000000000000E+00 0.000000000000000E+00 0.000000000000000E+00 -5.055332659838708E-14 0.000000000000000E+00 0.000000000000000E+00 0.000000000000000E+00 0.000000000000000E+00 0.000000000000000E+00 0.000000000000000E+00 0.000000000000000E+00 0.000000000000000E+00 
0.000000000000000E+00 0.000000000000000E+00 0.000000000000000E+00 0.000000000000000E+00 0.000000000000000E+00 0.000000000000000E+00 0.000000000000000E+00 0.000000000000000E+00 0.000000000000000E+00 0.000000000000000E+00 0.000000000000000E+00 0.000000000000000E+00 1.249999999999998E+01 8.660254037844389E+00 0.000000000000000E+00 0.000000000000000E+00 0.000000000000000E+00 6.755037451669038E+00 1.658312395177697E+01 0.000000000000000E+00 0.000000000000000E+00 0.000000000000000E+00 0.000000000000000E+00 -1.408595462493171E-15 -5.907457908919132E-14 -1.629759153153083E-15 0.000000000000000E+00 0.000000000000000E+00 0.000000000000000E+00 0.000000000000000E+00 1.216388101354937E-14 -4.346731009725281E-14 -3.109930932568288E-14 2.417794824797460E-14 0.000000000000000E+00 0.000000000000000E+00 0.000000000000000E+00 0.000000000000000E+00 3.017031069418861E-14 4.781451720954067E-14 -2.007226850009321E-14 -5.757087317285677E-14 -6.548879330349430E-15 0.000000000000000E+00 0.000000000000000E+00 0.000000000000000E+00 0.000000000000000E+00 -5.495603971894533E-15 5.389681160438843E-15 -1.548587647004503E-14 -6.205543363740169E-14 -8.451907289445695E-14 2.440436910143905E-14 0.000000000000000E+00 0.000000000000000E+00 0.000000000000000E+00 0.000000000000000E+00 -5.079270337660096E-15 2.588796413422419E-14 2.130674109368513E-14 -3.658394826770733E-14 -8.720320997826443E-14 -2.751812759846052E-14 6.058963042246420E-14 0.000000000000000E+00 0.000000000000000E+00 0.000000000000000E+00 0.000000000000000E+00 0.000000000000000E+00 0.000000000000000E+00 0.000000000000000E+00 0.000000000000000E+00 0.000000000000000E+00 0.000000000000000E+00 0.000000000000000E+00 0.000000000000000E+00 0.000000000000000E+00 0.000000000000000E+00 
0.000000000000000E+00 0.000000000000000E+00 0.000000000000000E+00 0.000000000000000E+00 0.000000000000000E+00 0.000000000000000E+00 0.000000000000000E+00 0.000000000000000E+00 0.000000000000000E+00 0.000000000000000E+00 0.000000000000000E+00 0.000000000000000E+00 8.660254037844389E+00 2.249999999999998E+01 0.000000000000000E+00 0.000000000000000E+00 0.000000000000000E+00 -4.680027229328521E+00 1.436140661634503E+01 0.000000000000000E+00 0.000000000000000E+00 0.000000000000000E+00 0.000000000000000E+00 -1.802218638955491E-14 -3.848648269906887E-14 3.202131980810721E-16 0.000000000000000E+00 0.000000000000000E+00 0.000000000000000E+00 0.000000000000000E+00 4.140311323940104E-14 -1.694158304033906E-14 -2.223779079731740E-15 -3.227579205796248E-14 0.000000000000000E+00 0.000000000000000E+00 0.000000000000000E+00 0.000000000000000E+00 -8.174629262220846E-14 4.367376503426274E-14 3.017487454515063E-15 -1.462749532826787E-14 -6.592707461117459E-14 0.000000000000000E+00 0.000000000000000E+00 0.000000000000000E+00 0.000000000000000E+00 1.233004457104261E-13 3.084052392341258E-14 -4.355871320809227E-14 -9.521310640050530E-14 -5.388483484805017E-14 -2.007707982800184E-13 0.000000000000000E+00 0.000000000000000E+00 0.000000000000000E+00 0.000000000000000E+00 -3.158836412369268E-14 -6.009160234025579E-15 5.219315590706595E-14 -4.082520154711787E-14 -3.203768430593972E-14 -1.392475905309179E-13 -2.324021549760888E-13 0.000000000000000E+00 0.000000000000000E+00 0.000000000000000E+00 0.000000000000000E+00 0.000000000000000E+00 0.000000000000000E+00 0.000000000000000E+00 0.000000000000000E+00 0.000000000000000E+00 0.000000000000000E+00 0.000000000000000E+00 0.000000000000000E+00 0.000000000000000E+00 0.000000000000000E+00 
0.000000000000000E+00 0.000000000000000E+00 0.000000000000000E+00 0.000000000000000E+00 0.000000000000000E+00 0.000000000000000E+00 0.000000000000000E+00 0.000000000000000E+00 0.000000000000000E+00 0.000000000000000E+00 0.000000000000000E+00 0.000000000000000E+00 0.000000000000000E+00 1.948557158514987E+01 0.000000000000000E+00 0.000000000000000E+00 0.000000000000000E+00 -1.021344704502710E-15 -4.145780987944265E+00 0.000000000000000E+00 0.000000000000000E+00 0.000000000000000E+00 0.000000000000000E+00 -4.076482430965822E-15 -1.000900333732738E-15 0.000000000000000E+00 0.000000000000000E+00 0.000000000000000E+00 0.000000000000000E+00 0.000000000000000E+00 -7.337704120528871E-15 -2.614498002375121E-14 -2.471483517286805E-14 0.000000000000000E+00 0.000000000000000E+00 0.000000000000000E+00 0.000000000000000E+00 0.000000000000000E+00 1.583379525312968E-14 -2.732276924124964E-14 -7.921778738626676E-14 1.583297095962314E-14 0.000000000000000E+00 0.000000000000000E+00 0.000000000000000E+00 0.000000000000000E+00 0.000000000000000E+00 -3.834912530760458E-14 5.896822263171193E-14 -6.994705582428168E-14 -7.006328545308427E-14 -1.583260911054197E-13 0.000000000000000E+00 0.000000000000000E+00 0.000000000000000E+00 0.000000000000000E+00 0.000000000000000E+00 3.351986860278786E-14 -1.065602657615298E-14 -2.545423283771813E-14 2.336809547982108E-14 -1.192162312142051E-13 -5.957894780728171E-14 0.000000000000000E+00 0.000000000000000E+00 0.000000000000000E+00 0.000000000000000E+00 0.000000000000000E+00 0.000000000000000E+00 0.000000000000000E+00 0.000000000000000E+00 0.000000000000000E+00 0.000000000000000E+00 0.000000000000000E+00 0.000000000000000E+00 0.000000000000000E+00 0.000000000000000E+00 0.000000000000000E+00 
0.000000000000000E+00 0.000000000000000E+00 0.000000000000000E+00 0.000000000000000E+00 0.000000000000000E+00 0.000000000000000E+00 0.000000000000000E+00 0.000000000000000E+00 0.000000000000000E+00 0.000000000000000E+00 0.000000000000000E+00 0.000000000000000E+00 0.000000000000000E+00 0.000000000000000E+00 0.000000000000000E+00 0.000000000000000E+00 0.000000000000000E+00 0.000000000000000E+00 -7.337335660308288E-14 0.000000000000000E+00 0.000000000000000E+00 0.000000000000000E+00 0.000000000000000E+00 0.000000000000000E+00 -6.820841122843052E-14 0.000000000000000E+00 0.000000000000000E+00 0.000000000000000E+00 0.000000000000000E+00 0.000000000000000E+00 0.000000000000000E+00 2.232948258521246E-14 0.000000000000000E+00 0.000000000000000E+00 0.000000000000000E+00 0.000000000000000E+00 0.000000000000000E+00 0.000000000000000E+00 0.000000000000000E+00 9.429656972933090E-14 0.000000000000000E+00 0.000000000000000E+00 0.000000000000000E+00 0.000000000000000E+00 0.000000000000000E+00 0.000000000000000E+00 0.000000000000000E+00 0.000000000000000E+00 -5.953805877214337E-15 0.000000000000000E+00 0.000000000000000E+00 0.000000000000000E+00 0.000000000000000E+00 0.000000000000000E+00 0.000000000000000E+00 0.000000000000000E+00 0.000000000000000E+00 0.000000000000000E+00 3.087448083096467E-14 0.000000000000000E+00 0.000000000000000E+00 0.000000000000000E+00 0.000000000000000E+00 0.000000000000000E+00 0.000000000000000E+00 0.000000000000000E+00 0.000000000000000E+00 0.000000000000000E+00 0.000000000000000E+00 0.000000000000000E+00 0.000000000000000E+00 0.000000000000000E+00 0.000000000000000E+00 0.000000000000000E+00 0.000000000000000E+00 0.000000000000000E+00 0.000000000000000E+00 0.000000000000000E+00 
0.000000000000000E+00 0.000000000000000E+00 0.000000000000000E+00 0.000000000000000E+00 0.000000000000000E+00 0.000000000000000E+00 0.000000000000000E+00 0.000000000000000E+00 0.000000000000000E+00 0.000000000000000E+00 0.000000000000000E+00 0.000000000000000E+00 0.000000000000000E+00 0.000000000000000E+00 0.000000000000000E+00 0.000000000000000E+00 0.000000000000000E+00 0.000000000000000E+00 -1.614894681247045E-14 0.000000000000000E+00 0.000000000000000E+00 0.000000000000000E+00 0.000000000000000E+00 0.000000000000000E+00 1.179550044466294E-15 0.000000000000000E+00 0.000000000000000E+00 0.000000000000000E+00 0.000000000000000E+00 0.000000000000000E+00 0.000000000000000E+00 1.470627085782286E-14 0.000000000000000E+00 0.000000000000000E+00 0.000000000000000E+00 0.000000000000000E+00 0.000000000000000E+00 0.000000000000000E+00 0.000000000000000E+00 3.321593660812171E-14 0.000000000000000E+00 0.000000000000000E+00 0.000000000000000E+00 0.000000000000000E+00 0.000000000000000E+00 0.000000000000000E+00 0.000000000000000E+00 0.000000000000000E+00 -1.701482925095252E-14 0.000000000000000E+00 0.000000000000000E+00 0.000000000000000E+00 0.000000000000000E+00 0.000000000000000E+00 0.000000000000000E+00 0.000000000000000E+00 0.000000000000000E+00 0.000000000000000E+00 -3.572633885391057E-14 0.000000000000000E+00 0.000000000000000E+00 0.000000000000000E+00 0.000000000000000E+00 0.000000000000000E+00 0.000000000000000E+00 0.000000000000000E+00 0.000000000000000E+00 0.000000000000000E+00 0.000000000000000E+00 0.000000000000000E+00 0.000000000000000E+00 0.000000000000000E+00 0.000000000000000E+00 0.000000000000000E+00 0.000000000000000E+00 0.000000000000000E+00 0.000000000000000E+00 0.000000000000000E+00 
0.000000000000000E+00 0.000000000000000E+00 0.000000000000000E+00 0.000000000000000E+00 0.000000000000000E+00 0.000000000000000E+00 0.000000000000000E+00 0.000000000000000E+00 0.000000000000000E+00 0.000000000000000E+00 0.000000000000000E+00 0.000000000000000E+00 0.000000000000000E+00 0.000000000000000E+00 0.000000000000000E+00 0.000000000000000E+00 0.000000000000000E+00 0.000000000000000E+00 0.000000000000000E+00 0.000000000000000E+00 0.000000000000000E+00 0.000000000000000E+00 0.000000000000000E+00 0.000000000000000E+00 2.481930311651172E+01 0.000000000000000E+00 0.000000000000000E+00 0.000000000000000E+00 0.000000000000000E+00 0.000000000000000E+00 0.000000000000000E+00 -2.555897695864038E-14 0.000000000000000E+00 0.000000000000000E+00 0.000000000000000E+00 0.000000000000000E+00 0.000000000000000E+00 0.000000000000000E+00 0.000000000000000E+00 -8.272964472972949E-14 0.000000000000000E+00 0.000000000000000E+00 0.000000000000000E+00 0.000000000000000E+00 0.000000000000000E+00 0.000000000000000E+00 0.000000000000000E+00 0.000000000000000E+00 2.808557825448012E-14 0.000000000000000E+00 0.000000000000000E+00 0.000000000000000E+00 0.000000000000000E+00 0.000000000000000E+00 0.000000000000000E+00 0.000000000000000E+00 0.000000000000000E+00 0.000000000000000E+00 3.889312260661542E-14 0.000000000000000E+00 0.000000000000000E+00 0.000000000000000E+00 0.000000000000000E+00 0.000000000000000E+00 0.000000000000000E+00 0.000000000000000E+00 0.000000000000000E+00 0.000000000000000E+00 0.000000000000000E+00 0.000000000000000E+00 0.000000000000000E+00 0.000000000000000E+00 0.000000000000000E+00 0.000000000000000E+00 0.000000000000000E+00 0.000000000000000E+00 0.000000000000000E+00 0.000000000000000E+00 
# non-zero value of Sss
1.499999999999998E+00 -4.071820751618166E-16 -1.499999999999998E+00 -1.936491673103709E+00 -2.129806747630525E-15 1.936491673103709E+00 3.386180225106727E-15 1.285430095698814E-15 -2.638514406960724E-15 -7.810592450585574E-16 5.030698080332741E-15 1.491862189340054E-16 -2.858824288409778E-15 -1.039749883413599E-15 -5.741934705483231E-15 -1.010996841799283E-14 -1.015160178141628E-14 9.783840404509192E-15 -3.595864925265424E-15 -1.767683222020366E-15 -4.549393630912113E-15 1.089406342913435E-14 2.044198144091069E-14 -2.066402604583573E-14 -7.984498479052249E-15 1.209449207451030E-14 2.198816215909227E-15 2.069145636079961E-15 -1.428024365424108E-14 -2.015054789694659E-14 2.683964162031316E-14 1.443593508620999E-14 -2.407102295265418E-14 3.404828502473478E-15 1.611598766763922E-14 -1.292423199711346E-15 6.300515664747763E-15 4.024558464266192E-15 -7.410738689372920E-15 7.144458635810480E-15 2.523675712851059E-14 6.483637411680565E-15 -8.279401469968306E-15 1.001209206687170E-14 1.755540157688529E-15 1.065814103640150E-14 -1.998401444325282E-15 -4.191091917959966E-15 -5.717648576819556E-15 -5.564992910933597E-15 2.246022378499246E-14 1.086110368309079E-14 5.296625768189123E-15 7.502679033599691E-15 1.128125235371966E-14 -1.838806884535416E-14 5.731526364627371E-15 9.908740494779522E-15 -1.366615154374529E-14 -2.110811525568579E-14 -1.971079549578647E-14 5.885049392251318E-15 1.331308788253896E-14 3.309684340827013E-14 7.617851797503752E-15 -1.257078208888318E-15 5.467848396278896E-15 -2.581268532253489E-15 -3.663735981263017E-15 1.245184511056152E-14 -2.886579864025407E-15 -5.705505512487719E-15 -1.732988752500830E-14 -1.877577954223497E-14 1.740231223013033E-14 2.557792844713747E-14 -1.517282664526692E-14 -3.072263123294000E-14 
-4.071820751618218E-16 6.560761874631769E-29 4.071820751617646E-16 -1.052744233984701E-16 -8.176593933238017E-16 1.052744233985437E-16 7.066350618879934E-16 -1.309569660970025E-15 -2.193987604940661E-16 4.359420861063378E-16 3.543596429595879E-15 2.420948661133130E-15 -3.493395958731249E-15 -3.423592440873337E-16 1.711776145949199E-16 -1.941602990077526E-15 -8.646959996035461E-16 8.201936334484477E-16 -1.500289470688050E-15 -6.524342762126269E-17 2.333111527751705E-16 3.011332468845790E-15 1.455629423994953E-15 -4.603901678208327E-15 3.373653976466452E-15 6.231833147614891E-15 1.773567327447250E-15 1.457314424665085E-15 -1.106067164462990E-14 9.826586533084915E-17 6.505202441211019E-15 -1.284361778307396E-14 -1.339085698817599E-15 4.284727487103996E-15 1.799977442438827E-15 3.141461993444563E-15 1.828281233041398E-14 5.678288473561266E-15 -1.007581238553332E-14 1.376970317267273E-14 -1.956742326873206E-15 -6.753099656418089E-15 -1.418892013592614E-14 -1.340332692420118E-14 -4.987628818648219E-15 -2.427163627538933E-14 -1.150071241721638E-14 1.724872436445086E-14 -6.457711554318266E-15 -1.254130130014737E-15 7.006417746851847E-15 1.138853218334614E-14 -2.372406646304439E-14 -2.759552232502977E-14 -1.057050059312784E-14 1.813737127879035E-14 4.431114070686652E-15 -1.320150807353211E-14 9.114285633249883E-15 7.828191665250979E-15 -8.612403584094649E-15 1.644162925777682E-15 1.874603698880935E-14 -1.286590885698414E-14 -1.640442536659356E-14 -3.250338022264280E-15 4.820748794113418E-16 4.843127802268867E-15 -1.861868824402343E-15 -1.052595635741113E-14 1.085983551853042E-14 2.076505712562263E-15 -5.053312104137188E-15 7.332594548527798E-15 -2.510960946662931E-15 1.493917103989349E-16 -7.132131060831221E-16 3.062627848528341E-15 
-1.500000000000000E+00 4.071820751617595E-16 1.499999999999999E+00 1.936491673103707E+00 1.934216675714140E-16 -1.936491673103708E+00 7.337880303381894E-16 3.068725829002972E-15 3.295974604355933E-17 9.601694439531627E-16 -8.337081025544535E-15 -5.342948306008566E-15 8.302386556024999E-15 5.972869768222644E-16 1.157927920214519E-15 5.100087019371813E-15 5.238864897449957E-15 -3.635980405647388E-15 1.095044194210359E-14 1.596812959636651E-15 -4.380068356624189E-15 -3.386180225106727E-15 -7.410738689372920E-15 8.354428260304303E-15 3.999404973864529E-15 3.955169525227120E-16 4.761219630361468E-15 -5.282937715761493E-15 5.564992910933597E-15 7.577272143066693E-15 -8.548717289613705E-15 -4.305149986505441E-15 1.156019724390944E-14 5.854691731421724E-17 1.579221779388074E-15 1.160773950917293E-14 -1.118549697309845E-14 -7.105427357601002E-15 1.038058528024521E-14 6.071532165918825E-17 -1.242062008799394E-15 -2.179896887999355E-15 4.787836793695988E-15 7.584075511699040E-15 1.697589551569179E-14 1.559863349598345E-14 1.396105453466134E-14 -1.529332216421153E-14 7.605027718682322E-15 1.448841047135829E-14 3.709272472507408E-15 -1.413799632921098E-16 6.867675373702087E-15 6.121188625418661E-15 -1.941867077293741E-15 -1.477984401532240E-14 -1.365574320288943E-14 1.484923295436147E-14 7.964115478209521E-15 1.149774719877428E-14 1.288465861781773E-14 3.704501982948472E-15 1.163396364921992E-15 -9.405453846311751E-17 3.042826949607724E-15 -5.211339714795982E-15 1.981748098955904E-14 4.829470157119431E-15 -1.251776460264864E-14 1.625088952295073E-14 6.605826996519681E-15 2.371366991660295E-15 -1.362625290379782E-15 -8.599891632155021E-16 5.809561815992015E-15 6.481360587118346E-16 5.055905780843029E-15 4.649209687482454E-15 
-1.936491673103709E+00 -1.052744233984739E-16 1.936491673103708E+00 3.749999999999998E+00 -2.823275352207520E-15 -3.750000000000002E+00 -1.984313483298442E+00 4.838430614206391E-15 -3.153473982802051E-15 -2.291287847477918E+00 -2.447969844043764E-15 -8.055514638990366E-15 3.287928258908593E-15 1.984734211045335E-15 4.331520409324885E-15 6.362005411616051E-15 1.449777816072855E-14 -8.687317467729525E-15 -3.229902468617378E-16 -3.580465877921684E-15 5.134262082784880E-16 -7.509886048842355E-15 -1.508318226213963E-14 1.165404762435904E-14 1.118541243305390E-14 -7.419582917822505E-15 4.496714908507512E-16 -8.167275394832701E-16 6.929659816483397E-16 1.687459818499858E-14 -1.623568418587082E-14 -2.235408885291222E-14 2.303406569866321E-14 -2.727561158838294E-16 -8.705271669420840E-16 2.000133898126447E-14 -9.845452482716883E-15 -1.620625223150377E-14 2.404237624369118E-14 -2.329248109815923E-16 -1.600595516618490E-14 -6.790208570560490E-15 -2.269255844673249E-15 4.774859752149824E-15 2.102001022093772E-14 1.744482991951873E-14 2.652721870319130E-14 -2.701170987698493E-14 9.608108021528398E-16 4.160310272223781E-15 -7.810275812938664E-15 2.822721518480402E-16 -7.064223602100040E-15 -3.355743553605550E-15 1.453741985040900E-15 -2.800507878185964E-14 -4.491237003232350E-14 3.875362378527990E-14 2.847118138487894E-14 1.761072613328868E-16 -5.421384115199244E-15 -1.685134981765170E-14 1.986177924189153E-15 -2.109269602174379E-14 -3.803856371969833E-15 5.168604783826439E-15 6.017791183525334E-14 6.192407709151606E-14 -6.343587549010893E-14 -1.156543283589651E-15 3.096701540687615E-14 3.575762579225249E-15 2.215625178024741E-14 2.197243544476963E-14 -9.551801452590136E-16 1.735386439228622E-15 1.279868777912712E-14 1.899265280336459E-14 
-2.388714226420063E-15 -8.176593933237957E-16 6.973588373426765E-16 -2.301978052621223E-15 3.750000000000001E+00 -1.805847138491856E-15 -3.968626966596884E+00 -1.984313483298443E+00 3.968626966596881E+00 2.291287847477923E+00 -4.579669976578771E-15 -4.163336342344337E-15 1.512678871051776E-15 7.025630077706069E-17 4.655997809521750E-15 1.287858708565182E-14 5.440092820663267E-15 -8.965050923848139E-15 6.114900252818245E-15 -9.679756995950584E-16 -3.991273457570887E-15 -1.998401444325282E-14 -1.332267629550188E-15 1.881828026739640E-14 -1.399748372765686E-14 -4.163336342344337E-17 3.042921817297817E-15 -1.773277705230392E-14 2.103872631664672E-14 -1.665334536937735E-15 -7.549516567451064E-15 1.707835262099167E-14 7.660538869913580E-15 5.759281940243000E-15 1.048304238554509E-14 6.147209477558313E-15 -2.930988785010413E-14 -2.042810365310288E-14 1.654232306691483E-14 -2.827599265842196E-14 -2.081668171172169E-15 -2.463307335887066E-15 3.305515583473806E-14 3.188568116138657E-14 2.864115195011507E-14 5.917488721252084E-14 5.440092820663267E-14 -5.173639294753229E-14 1.231306723248338E-14 -2.775557561562891E-16 -2.252408329295186E-14 -3.365363543395006E-15 2.826390380419874E-14 3.596797339133762E-14 1.148541439906225E-14 -6.872280522429719E-14 -3.325117958752344E-14 5.423439475293890E-14 -2.994132719535969E-14 -9.436895709313831E-16 1.731254029024853E-14 8.125444761475364E-15 1.994606736721583E-15 1.517557780827961E-14 7.900635441010495E-15 -1.606950249949390E-15 3.497202527569243E-14 -3.663735981263017E-15 -1.265654248072678E-14 5.820344206597383E-14 -3.635980405647388E-14 -3.372302437298913E-14 8.451572774959004E-15 -2.137179322403426E-15 -2.622793475459684E-14 -6.724655554624093E-15 -1.304728894369056E-15 -2.315315772221868E-14 
1.936491673103709E+00 1.052744233985476E-16 -1.936491673103709E+00 -3.750000000000002E+00 -1.590242004681787E-15 3.750000000000004E+00 1.984313483298448E+00 -2.538803508971069E-15 -3.507739205277287E-15 2.291287847477916E+00 -4.642843088527068E-16 4.490400753190979E-15 -1.487338443296817E-15 -4.850886281033072E-15 -8.558067772060021E-15 8.595617534569142E-15 -4.085231211869121E-15 -5.004290760698457E-15 6.226396595629041E-16 5.244547009166889E-15 9.005030348594127E-16 -9.203747177452891E-15 1.809896585197322E-15 4.609024686558154E-15 -1.291962774894690E-14 8.263050664224826E-15 4.724931594366395E-15 6.119988308671746E-15 2.832154639545577E-15 -4.025925102697894E-15 2.943095040974984E-15 2.044908116592206E-14 -1.302819747391882E-14 1.984643743343776E-15 9.177328912542945E-15 -1.150196031752652E-14 1.002282949890295E-14 1.550767152449121E-14 -1.286082074180234E-14 6.279318200390696E-15 1.080194883703921E-14 8.476768310579818E-15 -1.104144572990647E-14 -1.013614137702291E-14 -1.726651235960776E-14 -2.458591230738044E-14 -3.335685130546369E-14 3.191711220204531E-14 3.834851403142586E-15 9.438266999370532E-16 1.180082247645222E-14 9.532260468402927E-15 -1.749470536633675E-14 -2.017742275995690E-14 -3.025632915291703E-15 3.647443686319992E-14 3.856771204676231E-14 -3.739036505858539E-14 -1.579170123223690E-14 2.425724310889898E-15 -7.228951588258371E-15 8.581368215815711E-16 8.005472902336355E-15 1.934393713245981E-14 -7.970307539324164E-15 -9.142880560682174E-15 -3.056853994942713E-14 -3.723517459379349E-14 3.460958128712166E-14 1.118837508653299E-14 -1.901414165658131E-15 -9.979486929923117E-15 -3.273312554900939E-15 -3.058473498491219E-15 -4.262286583103348E-15 3.503596947286544E-14 -5.126871994738943E-15 0.000000000000000E+00 
0.000000000000000E+00 0.000000000000000E+00 0.000000000000000E+00 -1.984313483298440E+00 -3.968626966596884E+00 1.984313483298447E+00 1.225000000000000E+01 3.499999999999995E+00 -6.999999999999998E+00 2.020725942163684E+00 -6.928203230275515E+00 -8.660254037844307E-01 2.236067977499785E+00 -3.872983346207431E+00 -1.153526383667262E-14 -9.169170506550128E-15 -2.064603037254694E-14 1.719747175991852E-14 1.691562129685064E-14 8.367261843771893E-15 -2.595004879982600E-15 2.667912668773780E-14 3.046954807343292E-14 -3.466846575484177E-14 9.729102152943146E-15 2.890615960696944E-14 -1.890053189430363E-15 5.579114865583542E-15 -3.502232289683534E-14 -4.195012921794526E-14 3.193692875617171E-14 2.671919627151789E-14 -8.689324741331673E-15 6.707935387373117E-15 1.585796572052645E-15 -2.713589471276479E-14 2.949033416029832E-14 4.490014031813608E-14 -4.448052078467403E-14 1.513267017305466E-14 3.300695535285742E-14 2.119246728728038E-14 -1.365999796839086E-14 -9.986459987065280E-15 -4.823320374320347E-14 -5.893873768089496E-14 -1.043718794717264E-13 5.999138010545170E-14 -6.998672480651124E-15 7.946008274970563E-15 6.640625955954731E-14 3.188255133649459E-14 -5.607617108319243E-15 -2.252780189596564E-14 -1.501684114311106E-14 8.149299887875858E-14 1.148625189568930E-13 -1.042813775639285E-13 -5.336508008515336E-14 -6.307564911179265E-15 -1.097741219582902E-15 3.089879624276741E-14 1.501020406708118E-14 2.065687839487784E-14 1.428656393648472E-14 1.380140529178375E-14 -2.437532090542305E-14 -5.923393631347844E-14 3.815351405355762E-14 1.302155574949378E-15 -2.577961656181096E-14 -9.295150572544645E-15 -3.935935558361317E-14 -1.957811628146677E-14 3.439664850136578E-16 7.572129912120260E-15 -3.969674610923248E-15 0.000000000000000E+00 
0.000000000000000E+00 0.000000000000000E+00 0.000000000000000E+00 1.915134717478395E-15 -1.984313483298442E+00 2.081668171172169E-17 3.499999999999995E+00 1.224999999999998E+01 -3.499999999999992E+00 -2.020725942163693E+00 -8.660254037844366E+00 -6.928203230275506E+00 1.118033988749893E+01 3.872983346207418E+00 -8.396061623727746E-16 -1.043609643147647E-14 -3.774758283725532E-15 2.331468351712829E-15 -1.335043187111751E-14 9.256484467812243E-15 4.263082942213003E-16 1.354472090042691E-14 1.265654248072678E-14 -2.553512956637860E-14 6.605826996519681E-15 7.382983113757291E-15 6.070664804180836E-15 2.082015115867364E-14 -5.639932965095795E-14 -7.993605777301127E-15 2.864375403532904E-14 -1.793010184769628E-14 -1.892930256985892E-14 1.549108064047289E-14 -4.083105381580410E-15 -4.033232081646076E-16 8.015810237793630E-14 5.462297281155770E-14 -5.773159728050814E-14 3.468059173172833E-14 7.438494264988549E-15 3.069419718393362E-14 -7.684824998577255E-15 -1.021470234785493E-14 -3.428420741746763E-14 -9.658940314238862E-14 -8.149037000748649E-14 8.437694987151190E-14 -1.970645868709653E-15 1.132427485117660E-14 1.531413884592325E-14 4.149458554536523E-15 1.144809073927444E-14 -1.215347267269351E-14 -5.221517662690189E-16 1.314504061156185E-13 9.958700530887654E-14 -1.150191053511662E-13 1.082467449009528E-14 3.996802888650564E-15 1.120631365481017E-14 -3.901046152776644E-14 -3.196119584270019E-15 1.292455725776520E-14 -1.278941145696488E-14 -5.528238457286339E-15 -1.343369859796439E-13 -1.032507412901396E-13 1.361133428190442E-13 -4.374278717023117E-14 -2.886579864025407E-15 -1.831867990631508E-15 -3.579081475635348E-14 -3.478814458723889E-14 1.140363845020254E-15 -1.460008329512430E-14 0.000000000000000E+00 0.000000000000000E+00 
0.000000000000000E+00 0.000000000000000E+00 0.000000000000000E+00 -2.193104604343424E-15 3.968626966596881E+00 -4.164656935111573E-15 -6.999999999999999E+00 -3.499999999999992E+00 6.999999999999989E+00 4.041451884327373E+00 4.330127018922187E+00 8.660254037844285E-01 -2.236067977499780E+00 3.872983346207415E+00 3.354101966249682E+00 3.195067120698867E-14 2.346739370786791E-14 -3.097037912065972E-14 -7.815873589170975E-15 -3.930154683890380E-15 -1.027785445258562E-14 -5.621787829733823E-14 -3.790683167776062E-14 6.412696659039810E-14 -3.006007972823969E-14 -2.805838325877589E-14 -4.680290415073698E-15 -3.247899595036352E-14 5.797637066087152E-14 4.714592348067163E-14 -5.463258183575439E-14 -8.151071359084667E-16 2.295870545117641E-14 -8.387706053783010E-15 -1.107207296849276E-14 1.038782569821581E-14 -4.332474414271854E-14 -4.720612115240512E-14 5.661366887979233E-14 -2.462352566236240E-14 -5.013440076846139E-14 -4.741692052988676E-15 2.818676800537985E-14 -5.711160579507524E-15 2.223862820469202E-14 5.869256254150152E-14 8.801851010164568E-14 -6.519097588283879E-14 1.939475177323253E-14 -6.291735204508948E-15 -7.725517340156800E-14 6.059312528842736E-16 5.190495297140321E-15 -1.416237507628965E-15 -6.639275841253317E-15 -7.399711317578118E-14 -8.466643766948584E-14 8.941218013432748E-14 1.137717310691010E-14 1.334035926386356E-14 1.169790488347738E-15 -2.827054577419854E-14 -1.913939686267930E-15 -2.649389594054435E-14 -3.048013453735490E-14 -1.339203141250893E-14 0.000000000000000E+00 0.000000000000000E+00 -5.201056114548087E-14 4.760114816570605E-14 9.451004643955712E-15 -1.378564668001030E-14 3.924413263732671E-14 3.017091588698053E-14 -1.581739497896658E-14 -4.270103543109018E-15 0.000000000000000E+00 0.000000000000000E+00 
0.000000000000000E+00 0.000000000000000E+00 0.000000000000000E+00 -2.291287847477919E+00 2.291287847477920E+00 2.291287847477916E+00 2.020725942163684E+00 -2.020725942163693E+00 4.041451884327372E+00 9.333333333333318E+00 -4.999999999999990E-01 5.000000000000085E-01 -1.290994448735808E+00 2.236067977499775E+00 0.000000000000000E+00 2.072360432924841E-14 -4.232541154502714E-15 -1.004820543044798E-14 -2.696962870629228E-15 -1.193752784053671E-14 0.000000000000000E+00 -2.991571100335037E-14 -3.694275083503448E-15 3.033271745475111E-14 -1.922666173203901E-14 -3.687095174621489E-15 -2.827161396702017E-14 0.000000000000000E+00 1.781443988712072E-14 5.505280533595415E-15 -1.458940994475076E-14 4.287583171393628E-15 2.897631735964263E-14 2.042892587518775E-14 -2.624009395060410E-14 0.000000000000000E+00 1.974489160993068E-15 4.760349905242479E-15 -1.821295320828811E-16 -8.034986844519952E-15 -4.272191739647408E-14 -1.342963868525295E-16 3.554678024693701E-14 -2.106124440366221E-14 0.000000000000000E+00 -6.212965257472687E-16 2.456068699145589E-15 -9.323688952412187E-15 2.320379264892511E-14 4.983465970139753E-16 -5.530996913892020E-14 2.311302141997276E-14 -1.439769605065310E-15 -2.527486131557751E-14 0.000000000000000E+00 -3.290395526558014E-14 -9.500678675205111E-15 2.627461632079856E-14 -3.650263859122183E-14 1.131801138087664E-14 -1.665589434678125E-14 3.083839978109576E-15 1.446219667784854E-14 -3.886199574968192E-14 -3.805231989735393E-14 0.000000000000000E+00 0.000000000000000E+00 0.000000000000000E+00 -1.010650762952956E-14 4.481447149747030E-14 -4.284410670141065E-15 5.985608976745327E-15 -1.130572695696392E-14 4.073853325904524E-14 6.367960682942634E-15 0.000000000000000E+00 0.000000000000000E+00 0.000000000000000E+00 
0.000000000000000E+00 0.000000000000000E+00 0.000000000000000E+00 0.000000000000000E+00 0.000000000000000E+00 0.000000000000000E+00 -6.928203230275510E+00 -8.660254037844364E+00 4.330127018922181E+00 -4.999999999999989E-01 2.437499999999997E+01 9.375000000000004E+00 -1.694430213965743E+01 4.192627457812113E+00 0.000000000000000E+00 -1.390537216330437E+01 -2.781074432660869E+00 6.540536888330400E+00 -8.028270361665710E+00 -7.426754095142701E-15 0.000000000000000E+00 -2.853145737271098E-15 -4.663796083062352E-14 4.201451774478340E-14 9.933841075151795E-15 -3.033713404071861E-14 -1.509591301029885E-14 0.000000000000000E+00 7.624956507628208E-14 6.312164783459204E-14 -6.428090626391519E-14 -1.815702972915466E-14 3.093965909754794E-14 -2.184969886628767E-14 -2.929510998149278E-14 0.000000000000000E+00 -6.274516205651740E-14 -8.446428500909855E-14 5.570947242451993E-14 -1.863508381991263E-14 -3.727961504752143E-14 -2.891484469074568E-15 -1.319129339504399E-15 -1.637504103948493E-14 0.000000000000000E+00 5.496315498275472E-14 1.322553367524912E-13 -6.616718428642094E-14 -4.647351996843049E-14 -5.005478376120960E-14 -3.116162002448185E-14 -2.321083345779012E-14 -4.989244703010754E-14 1.140426334299432E-14 0.000000000000000E+00 -1.101631614621665E-13 -1.291051322027724E-13 1.060349718410255E-13 5.498010845941302E-14 4.718384844195547E-14 -3.089172729593364E-14 3.833353979948795E-14 -6.195861979579219E-15 -4.762937565840816E-14 -3.672393914558165E-14 0.000000000000000E+00 0.000000000000000E+00 0.000000000000000E+00 0.000000000000000E+00 -1.605834211791278E-14 0.000000000000000E+00 0.000000000000000E+00 0.000000000000000E+00 0.000000000000000E+00 0.000000000000000E+00 0.000000000000000E+00 0.000000000000000E+00 0.000000000000000E+00 
0.000000000000000E+00 0.000000000000000E+00 0.000000000000000E+00 0.000000000000000E+00 0.000000000000000E+00 0.000000000000000E+00 0.000000000000000E+00 0.000000000000000E+00 8.660254037844244E-01 5.000000000000100E-01 9.374999999999998E+00 2.437499999999999E+01 -1.210307295689817E+01 -4.192627457812097E+00 0.000000000000000E+00 -1.390537216330435E+01 -1.390537216330434E+01 1.962161066499117E+01 8.028270361665713E+00 -1.754152378907747E-14 0.000000000000000E+00 -5.995204332975845E-14 -2.975397705995420E-14 7.172040739078511E-14 4.177214130152151E-15 1.060262988517024E-14 1.318216369394776E-14 0.000000000000000E+00 8.126832540256146E-14 5.417888360170764E-14 -6.350475700855895E-14 4.334727021770846E-14 3.352873534367973E-14 -8.021361352916756E-15 2.189654707551725E-14 0.000000000000000E+00 -1.105782132526656E-13 -8.437694987151190E-14 7.771561172376096E-14 -2.280120536823915E-14 -2.886579864025407E-14 -5.402449321234570E-14 1.818684092214085E-14 -5.351621923388450E-15 0.000000000000000E+00 1.136868377216160E-13 1.403321903126198E-13 -1.092459456231154E-13 -9.686695889854491E-15 -4.196643033083092E-14 -3.587755093015232E-14 1.366962099069724E-14 1.106536737238706E-15 1.012905037622858E-14 0.000000000000000E+00 -1.241229341530925E-13 -1.325606291402437E-13 1.230127111284673E-13 6.561418075534675E-14 4.574118861455645E-14 -8.057443601217074E-14 6.170064459354307E-14 4.439460951632945E-14 6.604092273043705E-15 2.126272248548222E-14 0.000000000000000E+00 0.000000000000000E+00 0.000000000000000E+00 0.000000000000000E+00 2.076117056049043E-14 0.000000000000000E+00 0.000000000000000E+00 0.000000000000000E+00 0.000000000000000E+00 0.000000000000000E+00 0.000000000000000E+00 0.000000000000000E+00 0.000000000000000E+00 
0.000000000000000E+00 0.000000000000000E+00 0.000000000000000E+00 0.000000000000000E+00 0.000000000000000E+00 0.000000000000000E+00 0.000000000000000E+00 0.000000000000000E+00 0.000000000000000E+00 0.000000000000000E+00 0.000000000000000E+00 0.000000000000000E+00 2.000000000000001E+01 4.330127018922198E+00 0.000000000000000E+00 0.000000000000000E+00 0.000000000000000E+00 -8.106044942002871E+00 8.291561975888508E+00 0.000000000000000E+00 0.000000000000000E+00 0.000000000000000E+00 0.000000000000000E+00 -1.943815661526583E-14 -4.238270004376945E-14 1.779146344742855E-14 0.000000000000000E+00 0.000000000000000E+00 0.000000000000000E+00 0.000000000000000E+00 3.962888120018665E-14 4.014165048376351E-16 -6.995848136736348E-14 8.402865885004915E-15 0.000000000000000E+00 0.000000000000000E+00 0.000000000000000E+00 0.000000000000000E+00 -5.978383649666942E-14 1.228287659224974E-14 3.878584390282101E-15 3.044460094128817E-14 -3.791128859571601E-14 0.000000000000000E+00 0.000000000000000E+00 0.000000000000000E+00 0.000000000000000E+00 8.651231627745266E-14 4.169836321408194E-14 1.055118837578624E-14 -1.506059688560746E-14 1.037459742847686E-14 1.841350529610128E-14 0.000000000000000E+00 0.000000000000000E+00 0.000000000000000E+00 0.000000000000000E+00 -1.258404651868705E-13 -3.138861108495113E-14 -2.442955111694808E-14 1.337087637603280E-14 -8.736837414248128E-14 -7.101457116162090E-15 4.701981493864490E-14 0.000000000000000E+00 0.000000000000000E+00 0.000000000000000E+00 0.000000000000000E+00 0.000000000000000E+00 0.000000000000000E+00 0.000000000000000E+00 0.000000000000000E+00 0.000000000000000E+00 0.000000000000000E+00 0.000000000000000E+00 0.000000000000000E+00 0.000000000000000E+00 0.000000000000000E+00 
0.000000000000000E+00 0.000000000000000E+00 0.000000000000000E+00 0.000000000000000E+00 0.000000000000000E+00 0.000000000000000E+00 0.000000000000000E+00 0.000000000000000E+00 0.000000000000000E+00 0.000000000000000E+00 0.000000000000000E+00 0.000000000000000E+00 4.330127018922203E+00 1.499999999999999E+01 0.000000000000000E+00 0.000000000000000E+00 0.000000000000000E+00 -2.340013614664284E+00 -2.557097837362767E-14 0.000000000000000E+00 0.000000000000000E+00 0.000000000000000E+00 0.000000000000000E+00 2.828403344435895E-14 -1.364511143845091E-14 -2.355572458484977E-14 0.000000000000000E+00 0.000000000000000E+00 0.000000000000000E+00 0.000000000000000E+00 -2.887883421034303E-14 -1.200669700464014E-14 2.583989041465247E-14 1.074920893353263E-14 0.000000000000000E+00 0.000000000000000E+00 0.000000000000000E+00 0.000000000000000E+00 9.780652796583459E-15 1.231778279205298E-14 -5.747588778852050E-14 1.935299225390572E-14 -4.716243307536134E-14 0.000000000000000E+00 0.000000000000000E+00 0.000000000000000E+00 0.000000000000000E+00 1.040340435328954E-14 4.499524150890075E-14 2.686698540881833E-14 -5.461218899137935E-14 -5.203984986536491E-14 -8.416206471247442E-14 0.000000000000000E+00 0.000000000000000E+00 0.000000000000000E+00 0.000000000000000E+00 3.612428901578053E-14 1.033390804472351E-14 2.252718969599362E-14 3.741260461963862E-14 -5.969848397723333E-14 -6.813028870782863E-14 -1.283316626420765E-13 0.000000000000000E+00 0.000000000000000E+00 0.000000000000000E+00 0.000000000000000E+00 0.000000000000000E+00 0.000000000000000E+00 0.000000000000000E+00 0.000000000000000E+00 0.000000000000000E+00 0.000000000000000E+00 0.000000000000000E+00 0.000000000000000E+00 0.000000000000000E+00 0.000000000000000E+00 
0.000000000000000E+00 0.000000000000000E+00 0.000000000000000E+00 0.000000000000000E+00 0.000000000000000E+00 0.000000000000000E+00 0.000000000000000E+00 0.000000000000000E+00 0.000000000000000E+00 0.000000000000000E+00 0.000000000000000E+00 0.000000000000000E+00 0.000000000000000E+00 9.742785792574924E+00 0.000000000000000E+00 0.000000000000000E+00 0.000000000000000E+00 3.377518725834331E-01 -2.072890493972150E+00 0.000000000000000E+00 0.000000000000000E+00 0.000000000000000E+00 0.000000000000000E+00 5.120224980388793E-14 -2.983847560444533E-14 0.000000000000000E+00 0.000000000000000E+00 0.000000000000000E+00 0.000000000000000E+00 0.000000000000000E+00 -5.794943740853546E-14 -1.182756270237388E-14 4.964579947414289E-14 0.000000000000000E+00 0.000000000000000E+00 0.000000000000000E+00 0.000000000000000E+00 0.000000000000000E+00 5.910889486562704E-14 -2.829434964545576E-15 -8.704891067185038E-14 3.587028824093494E-15 0.000000000000000E+00 0.000000000000000E+00 0.000000000000000E+00 0.000000000000000E+00 0.000000000000000E+00 -4.843348187646102E-14 1.889362195391872E-14 -1.317978216900327E-14 -7.419838363302201E-14 -5.192135353223809E-14 0.000000000000000E+00 0.000000000000000E+00 0.000000000000000E+00 0.000000000000000E+00 0.000000000000000E+00 3.474995455673605E-14 -6.112750350192055E-15 4.723804614991445E-14 3.485323979582075E-14 -3.780538486312882E-14 -5.475204368779838E-14 0.000000000000000E+00 0.000000000000000E+00 0.000000000000000E+00 0.000000000000000E+00 0.000000000000000E+00 0.000000000000000E+00 0.000000000000000E+00 0.000000000000000E+00 0.000000000000000E+00 0.000000000000000E+00 0.000000000000000E+00 0.000000000000000E+00 0.000000000000000E+00 0.000000000000000E+00 0.000000000000000E+00 
0.000000000000000E+00 0.000000000000000E+00 0.000000000000000E+00 0.000000000000000E+00 0.000000000000000E+00 0.000000000000000E+00 0.000000000000000E+00 0.000000000000000E+00 0.000000000000000E+00 0.000000000000000E+00 0.000000000000000E+00 0.000000000000000E+00 0.000000000000000E+00 0.000000000000000E+00 0.000000000000000E+00 0.000000000000000E+00 0.000000000000000E+00 0.000000000000000E+00 1.000259341371030E+01 0.000000000000000E+00 0.000000000000000E+00 0.000000000000000E+00 0.000000000000000E+00 0.000000000000000E+00 -1.319164055494894E+01 0.000000000000000E+00 0.000000000000000E+00 0.000000000000000E+00 0.000000000000000E+00 0.000000000000000E+00 0.000000000000000E+00 1.872257409168292E-14 0.000000000000000E+00 0.000000000000000E+00 0.000000000000000E+00 0.000000000000000E+00 0.000000000000000E+00 0.000000000000000E+00 0.000000000000000E+00 -1.995456288801050E-14 0.000000000000000E+00 0.000000000000000E+00 0.000000000000000E+00 0.000000000000000E+00 0.000000000000000E+00 0.000000000000000E+00 0.000000000000000E+00 0.000000000000000E+00 9.963512941308693E-14 0.000000000000000E+00 0.000000000000000E+00 0.000000000000000E+00 0.000000000000000E+00 0.000000000000000E+00 0.000000000000000E+00 0.000000000000000E+00 0.000000000000000E+00 0.000000000000000E+00 -9.657284149968626E-14 0.000000000000000E+00 0.000000000000000E+00 0.000000000000000E+00 0.000000000000000E+00 0.000000000000000E+00 0.000000000000000E+00 0.000000000000000E+00 0.000000000000000E+00 0.000000000000000E+00 0.000000000000000E+00 0.000000000000000E+00 0.000000000000000E+00 0.000000000000000E+00 0.000000000000000E+00 0.000000000000000E+00 0.000000000000000E+00 0.000000000000000E+00 0.000000000000000E+00 0.000000000000000E+00 
0.000000000000000E+00 0.000000000000000E+00 0.000000000000000E+00 0.000000000000000E+00 0.000000000000000E+00 0.000000000000000E+00 0.000000000000000E+00 0.000000000000000E+00 0.000000000000000E+00 0.000000000000000E+00 0.000000000000000E+00 0.000000000000000E+00 0.000000000000000E+00 0.000000000000000E+00 0.000000000000000E+00 0.000000000000000E+00 0.000000000000000E+00 0.000000000000000E+00 -1.000259341371026E+01 0.000000000000000E+00 0.000000000000000E+00 0.000000000000000E+00 0.000000000000000E+00 0.000000000000000E+00 1.319164055494895E+01 0.000000000000000E+00 0.000000000000000E+00 0.000000000000000E+00 0.000000000000000E+00 0.000000000000000E+00 0.000000000000000E+00 -5.183353746218700E-14 0.000000000000000E+00 0.000000000000000E+00 0.000000000000000E+00 0.000000000000000E+00 0.000000000000000E+00 0.000000000000000E+00 0.000000000000000E+00 6.154798892765712E-14 0.000000000000000E+00 0.000000000000000E+00 0.000000000000000E+00 0.000000000000000E+00 0.000000000000000E+00 0.000000000000000E+00 0.000000000000000E+00 0.000000000000000E+00 1.856848008685574E-14 0.000000000000000E+00 0.000000000000000E+00 0.000000000000000E+00 0.000000000000000E+00 0.000000000000000E+00 0.000000000000000E+00 0.000000000000000E+00 0.000000000000000E+00 0.000000000000000E+00 -9.875433804040767E-14 0.000000000000000E+00 0.000000000000000E+00 0.000000000000000E+00 0.000000000000000E+00 0.000000000000000E+00 0.000000000000000E+00 0.000000000000000E+00 0.000000000000000E+00 0.000000000000000E+00 0.000000000000000E+00 0.000000000000000E+00 0.000000000000000E+00 0.000000000000000E+00 0.000000000000000E+00 0.000000000000000E+00 0.000000000000000E+00 0.000000000000000E+00 0.000000000000000E+00 0.000000000000000E+00 
0.000000000000000E+00 0.000000000000000E+00 0.000000000000000E+00 0.000000000000000E+00 0.000000000000000E+00 0.000000000000000E+00 0.000000000000000E+00 0.000000000000000E+00 0.000000000000000E+00 0.000000000000000E+00 0.000000000000000E+00 0.000000000000000E+00 0.000000000000000E+00 0.000000000000000E+00 0.000000000000000E+00 0.000000000000000E+00 0.000000000000000E+00 0.000000000000000E+00 0.000000000000000E+00 0.000000000000000E+00 0.000000000000000E+00 0.000000000000000E+00 0.000000000000000E+00 0.000000000000000E+00 1.240965155825583E+01 0.000000000000000E+00 0.000000000000000E+00 0.000000000000000E+00 0.000000000000000E+00 0.000000000000000E+00 0.000000000000000E+00 -4.723432656883897E-15 0.000000000000000E+00 0.000000000000000E+00 0.000000000000000E+00 0.000000000000000E+00 0.000000000000000E+00 0.000000000000000E+00 0.000000000000000E+00 -3.923458193636522E-14 0.000000000000000E+00 0.000000000000000E+00 0.000000000000000E+00 0.000000000000000E+00 0.000000000000000E+00 0.000000000000000E+00 0.000000000000000E+00 0.000000000000000E+00 -3.484171842578637E-14 0.000000000000000E+00 0.000000000000000E+00 0.000000000000000E+00 0.000000000000000E+00 0.000000000000000E+00 0.000000000000000E+00 0.000000000000000E+00 0.000000000000000E+00 0.000000000000000E+00 9.677359496844986E-14 0.000000000000000E+00 0.000000000000000E+00 0.000000000000000E+00 0.000000000000000E+00 0.000000000000000E+00 0.000000000000000E+00 0.000000000000000E+00 0.000000000000000E+00 0.000000000000000E+00 0.000000000000000E+00 0.000000000000000E+00 0.000000000000000E+00 0.000000000000000E+00 0.000000000000000E+00 0.000000000000000E+00 0.000000000000000E+00 0.000000000000000E+00 0.000000000000000E+00 0.000000000000000E+00 
