# max number of non-zeros per row
18
# column index of non-zeros (each row is Np column offsets, 1-indexed)
1 1 1 1 1 1 4 4 4 4 7 7 7 7 9 11 11 11 11 13 14 16 16 16 16 18 19 20 22 22 22 22 24 25 26 27 29 29 29 29 31 32 33 34 35 
2 2 2 2 2 2 5 5 5 5 8 8 8 8 10 12 12 12 12 14 15 17 17 17 17 19 20 21 23 23 23 23 25 26 27 28 30 30 30 30 32 33 34 35 36 
3 3 3 3 3 3 6 6 6 6 9 9 9 9 13 13 13 13 13 15 19 18 18 18 18 20 21 26 24 24 24 24 26 27 28 34 31 31 31 31 33 34 35 36 43 
4 4 4 4 4 4 7 7 7 7 10 10 10 10 14 14 14 14 14 18 20 19 19 19 19 21 25 27 25 25 25 25 27 28 33 35 32 32 32 32 34 35 36 42 44 
5 5 5 5 5 5 8 8 8 8 11 11 11 11 15 16 16 15 15 19 21 22 22 20 20 24 26 28 29 29 26 26 28 32 34 36 37 37 33 33 35 36 41 43 45 
6 6 6 6 6 6 9 9 9 9 12 12 12 12 18 17 17 16 16 20 25 23 23 22 21 25 27 33 30 30 29 27 31 33 35 42 38 38 37 34 39 40 42 44 0 
0 0 0 7 7 7 10 10 10 10 13 13 13 13 19 18 18 17 17 21 26 24 24 23 22 26 28 34 31 31 30 29 32 34 36 43 39 39 38 37 40 41 43 45 0 
0 0 0 8 8 8 11 11 11 11 14 14 14 14 20 19 19 18 18 24 27 25 25 24 23 27 32 35 32 32 31 30 33 35 41 44 40 40 39 38 41 42 44 0 0 
0 0 0 9 9 9 12 12 12 12 16 16 15 15 21 22 22 19 19 25 28 29 29 25 24 28 33 36 37 37 32 31 34 36 42 45 0 0 40 39 42 43 45 0 0 
0 0 0 10 10 10 13 13 13 13 17 17 16 16 0 23 23 20 20 26 0 30 30 26 25 31 34 0 38 38 33 32 35 40 43 0 0 0 41 40 43 44 0 0 0 
0 0 0 0 0 0 14 14 14 14 18 18 17 17 0 24 24 22 21 27 0 31 31 29 26 32 35 0 39 39 37 33 39 41 44 0 0 0 0 41 0 0 0 0 0 
0 0 0 0 0 0 0 0 15 15 19 19 18 18 0 25 25 23 22 28 0 32 32 30 27 33 36 0 40 40 38 34 40 42 45 0 0 0 0 42 0 0 0 0 0 
0 0 0 0 0 0 0 0 0 0 0 0 19 19 0 0 0 24 23 0 0 0 0 31 29 34 0 0 0 0 39 37 41 43 0 0 0 0 0 0 0 0 0 0 0 
0 0 0 0 0 0 0 0 0 0 0 0 20 20 0 0 0 25 24 0 0 0 0 32 30 35 0 0 0 0 40 38 42 44 0 0 0 0 0 0 0 0 0 0 0 
0 0 0 0 0 0 0 0 0 0 0 0 0 21 0 0 0 26 25 0 0 0 0 33 31 0 0 0 0 0 41 39 43 0 0 0 0 0 0 0 0 0 0 0 0 
0 0 0 0 0 0 0 0 0 0 0 0 0 0 0 0 0 0 26 0 0 0 0 0 32 0 0 0 0 0 0 40 0 0 0 0 0 0 0 0 0 0 0 0 0 
0 0 0 0 0 0 0 0 0 0 0 0 0 0 0 0 0 0 27 0 0 0 0 0 33 0 0 0 0 0 0 41 0 0 0 0 0 0 0 0 0 0 0 0 0 
0 0 0 0 0 0 0 0 0 0 0 0 0 0 0 0 0 0 0 0 0 0 0 0 34 0 0 0 0 0 0 42 0 0 0 0 0 0 0 0 0 0 0 0 0 
# non-zero value of Srr
1.500000000000000E+00 -1.500000000000001E+00 3.619226926553992E-16 -1.936491673103708E+00 1.936491673103707E+00 3.242080141414903E-15 7.459310946700271E-16 -1.641048408274060E-15 3.210514025343818E-15 1.076135720759948E-15 8.049116928532385E-16 7.147060721024445E-16 -2.367637280137883E-15 1.664586751375375E-15 8.874792110709463E-15 -2.213507155346406E-15 1.089406342913435E-15 -2.447039420427867E-15 -1.867823520236345E-15 9.643248043188394E-15 3.358666011177477E-15 -1.137978600240785E-15 -8.049116928532385E-16 1.877545478515600E-15 -4.736188429264186E-15 2.907671841972979E-15 2.755411512300072E-15 1.016628384718665E-14 3.469446951953614E-16 1.471045507628332E-15 5.738593917181111E-15 5.178155273436786E-16 -7.171100599362054E-15 -1.568167504614476E-15 1.056812540692843E-14 -1.136834382630541E-14 -3.316791286067655E-15 6.147859998861804E-15 4.947819925703587E-15 -1.180375478502426E-15 -1.520209939828069E-14 -3.573399011482536E-15 1.782199079038856E-15 -1.554134891845733E-14 8.387174738410008E-15 
-1.500000000000000E+00 1.500000000000000E+00 -3.619226926554049E-16 1.936491673103707E+00 -1.936491673103707E+00 -2.259142451839545E-15 -2.338407245616736E-15 3.039235529911366E-15 -3.115104234165095E-15 -1.233995557073837E-15 -2.511879593214417E-15 1.026956297778270E-15 -5.675148412148736E-16 -2.664871675710502E-15 -5.033026744592539E-15 4.579669976578771E-16 6.383782391594650E-16 1.142527366493308E-15 -1.235596778286165E-15 -7.349916502892743E-15 -1.842019214284289E-15 1.207367539279858E-15 7.632783294297951E-16 3.984117219659711E-16 4.011074016305883E-15 -4.343806039647278E-15 -2.383587765377956E-15 -3.538162917025451E-15 -1.484923295436147E-15 -3.330669073875470E-16 4.508994451041393E-16 7.323134584071494E-15 -1.931860840826242E-15 -2.957386602139783E-16 -8.632986947609440E-15 6.181365111599063E-15 -5.273559366969494E-16 -2.442490654175344E-15 1.102895558503520E-15 6.453934845471917E-15 3.655779942179057E-15 7.458066177712209E-18 -1.078844629730966E-14 2.600424125414981E-15 -3.556896511755498E-15 
3.619226926553992E-16 -3.619226926554051E-16 5.074300574081212E-30 -7.249402404913958E-16 7.249402404913985E-16 2.828313484569314E-16 1.043337575176284E-17 -1.043337575175998E-17 4.839469659470134E-16 8.867108497915187E-17 8.671804128495984E-16 -8.671804128496031E-16 6.224149288045865E-16 5.447963625392240E-16 -2.557478557948249E-16 8.311662517834781E-16 -8.311662517834787E-16 -1.295119250115822E-15 1.186122984688778E-15 1.357208381939333E-15 -9.548873634974822E-16 3.408271330396783E-16 -3.408271330396721E-16 -3.777869689341554E-15 1.177755699999226E-15 4.283887710756526E-15 -1.222905304021833E-15 -3.731939070479613E-16 6.344353205030102E-17 -6.344353205030526E-17 -5.175834818287677E-15 1.789636648880242E-15 7.611518488536286E-15 1.694264539891704E-15 -3.909282764317637E-17 2.234472506009545E-16 2.846097144554572E-16 -2.846097144554656E-16 -3.856880498138597E-15 2.226725990123847E-15 8.574502685051548E-15 2.137604062667795E-15 -4.405868846165872E-16 -1.188979297372043E-16 -6.733699188415390E-17 
-1.936491673103708E+00 1.936491673103707E+00 -7.249402404913957E-16 3.749999999999997E+00 -3.749999999999997E+00 -2.249236492476578E-15 1.984313483298439E+00 -1.984313483298437E+00 -2.440070621511724E-15 2.204182628264626E-15 -3.240463453124676E-15 -1.547373340571312E-15 -2.199930107698672E-16 1.646206053831623E-15 -1.281359904097873E-15 1.325328735646281E-15 1.165734175856414E-15 -1.836816150028828E-15 4.848332534295531E-16 -1.679928074413647E-15 -2.023973389970744E-16 1.179611963664229E-15 5.148659276699163E-15 -1.923394791745727E-15 6.358526642921501E-15 4.671948895644957E-15 -3.132122562375090E-15 -2.526754619003447E-16 -4.274358644806853E-15 -1.054711873393899E-15 7.743708434221548E-15 1.381386134926461E-14 7.186647620036942E-15 -4.736051731450993E-15 5.158338161913749E-15 7.129186344705189E-15 -4.662936703425657E-15 -5.134781488891349E-15 4.791677880061318E-15 1.260554903064121E-14 8.644531247846361E-15 8.688072053405737E-16 1.129486235854226E-14 8.827784815637940E-15 4.117636876826437E-15 
1.936491673103708E+00 -1.936491673103707E+00 7.249402404913980E-16 -3.749999999999996E+00 3.749999999999996E+00 2.205868405577157E-15 -1.984313483298439E+00 1.984313483298437E+00 2.759259741091457E-15 -1.588464214510109E-15 4.961309141293668E-15 -1.734723475976807E-16 1.163682581701249E-15 -1.378191276793206E-15 3.760205212369373E-15 9.714451465470120E-17 -2.199629367538591E-15 1.698038271950684E-15 -3.163246300337742E-15 5.995323771449076E-15 1.608794750992117E-15 -2.872702076217593E-15 -3.802513859341161E-15 -3.525624087358440E-16 -9.321434339889888E-15 4.871187219100674E-16 6.792124822406609E-15 7.047478420628217E-15 2.969846590872294E-15 2.567390744445674E-15 -1.024171023962815E-14 -1.259261602217694E-14 -9.850111934198564E-16 8.293752740244929E-15 1.021022255087059E-14 -5.975520839865041E-15 6.272760089132134E-15 3.302913498259841E-15 -4.902700182523836E-15 -1.049612528385341E-14 2.631171346002885E-15 -3.681661321636967E-15 6.794796779494206E-15 -9.212190442898129E-15 -5.122697374986136E-15 
3.145766733035155E-15 -2.305293208924392E-15 2.828313484569312E-16 -2.206025781022072E-15 2.325721700864471E-15 3.749999999999993E+00 -1.520531743665119E-15 2.242176709671470E-15 3.968626966596878E+00 -1.556846557053404E-15 9.957583935829450E-16 -2.550070628058164E-15 1.654926196081874E-15 -3.547401088155322E-15 -1.140760764659337E-14 2.305839984090684E-16 2.100884353303760E-15 -1.693090112553364E-15 -3.560519934442397E-15 -5.902410179538242E-15 -6.550861440385574E-15 -1.366685430624078E-15 1.567913353837387E-15 7.840950111415168E-16 1.909930547050465E-15 7.895648111017062E-15 -1.200200200590076E-14 -1.601706419850683E-14 -8.262525522221866E-16 -4.019316687693929E-16 3.982925100842749E-15 7.285838599102590E-16 -2.118097364167681E-15 -1.047599507142394E-14 -1.573946373489279E-14 -6.874429783995518E-15 -6.284009829831932E-15 8.348330766244332E-15 -3.608224830031759E-15 -2.137179322403426E-15 -1.185770232003946E-14 -3.524795472858999E-15 -2.606112855629405E-15 -3.933086727782600E-15 0.000000000000000E+00 
0.000000000000000E+00 0.000000000000000E+00 0.000000000000000E+00 1.984313483298439E+00 -1.984313483298438E+00 -1.619896849727036E-15 5.249999999999996E+00 -5.249999999999996E+00 -9.753748656372572E-16 2.023721282214313E-15 2.598076211353314E+00 -2.598076211353320E+00 1.623412113815476E-15 2.643677374424101E-15 1.165582283665685E-15 9.853229343548264E-16 1.956768080901838E-15 -1.617650272494587E-15 4.407699381280159E-17 4.908541997614771E-15 -1.961952229654546E-15 3.608224830031759E-15 5.578870698741412E-15 -3.743920739968712E-15 1.008893945821613E-14 1.156013296010244E-14 -3.916790906135748E-15 4.432659475863293E-15 -2.386979502944087E-15 -3.497202527569243E-15 9.457429145416955E-15 1.861269076208800E-14 -1.117338911866563E-15 -3.012098535326886E-15 1.449525469141009E-14 -9.828072332088945E-15 -7.355227538141662E-15 -6.328271240363392E-15 3.534308959656272E-15 9.379451438656011E-15 -1.249438345040120E-14 -1.317921720266604E-15 1.932693626952345E-14 -3.813863488962105E-15 0.000000000000000E+00 
0.000000000000000E+00 0.000000000000000E+00 0.000000000000000E+00 -1.984313483298438E+00 1.984313483298437E+00 2.194090320275359E-15 -5.249999999999995E+00 5.249999999999993E+00 2.814181750172673E-15 -1.810112698579498E-16 -2.598076211353312E+00 2.598076211353317E+00 3.472337548941767E-16 -7.146648691378915E-16 -5.439007579624970E-16 4.399258735077183E-15 -6.342149028171207E-15 8.404941552569777E-16 -7.587830659152460E-16 2.181272848702440E-15 1.511090144358238E-15 2.775557561562891E-16 -9.381384558082573E-15 2.855742320268587E-15 -7.035826140496948E-15 2.057446326315491E-15 4.183477535512870E-15 -7.548603580027429E-15 4.107825191113079E-15 2.109423746787797E-15 -1.301014282421746E-14 -8.232105481842785E-15 5.205940361305411E-16 3.924671503907935E-15 -1.119625787349835E-14 1.047275223829563E-14 7.743805596760467E-15 5.440092820663267E-15 -1.174995934188243E-14 1.684665731203349E-16 1.431523014463335E-16 2.411664871869981E-15 -9.250980565787264E-16 0.000000000000000E+00 0.000000000000000E+00 
0.000000000000000E+00 0.000000000000000E+00 0.000000000000000E+00 -1.912710727613407E-15 2.342922149655655E-15 3.968626966596879E+00 -6.802741393137902E-16 2.879903506852381E-15 6.999999999999988E+00 -2.376300111545104E-15 1.750406276805185E-15 -4.824336276236087E-15 4.472135954999576E+00 -6.205756394872530E-15 -5.665877923083373E-15 -1.466003297653299E-15 3.839105012789569E-15 -1.061650767297806E-15 -1.024007267869109E-14 -5.871605285312498E-15 -4.316009372405715E-15 -1.402901370721410E-15 5.316437532525086E-15 -7.521760991835436E-15 1.091141066389411E-15 1.230677885988296E-15 -7.162302231877339E-15 -2.712466868352026E-15 1.463539677934686E-15 -1.276189542529188E-15 2.359223927328456E-15 1.464106613724423E-15 -9.169314613144408E-15 -1.327708559414886E-14 -3.627790232322149E-16 -2.120429933258561E-15 0.000000000000000E+00 0.000000000000000E+00 -6.661338147750956E-16 -6.508682481864979E-15 -2.096760265413167E-14 -6.367356728681495E-15 -5.522292285996613E-15 0.000000000000000E+00 0.000000000000000E+00 
0.000000000000000E+00 0.000000000000000E+00 0.000000000000000E+00 1.804112415015879E-15 -1.301042606982605E-15 -1.686316323203646E-15 1.498801083243961E-15 3.191891195797325E-16 -1.628728673993948E-15 1.399999999999999E+01 3.774758283725532E-15 -8.937295348232510E-15 2.700935990002122E-15 1.341640786499873E+01 0.000000000000000E+00 5.273559366969494E-16 -1.193489751472043E-15 -2.898809449784245E-15 -9.778130711376762E-15 1.493233226608643E-16 0.000000000000000E+00 -2.886579864025407E-15 8.215650382226158E-15 -7.277621286092918E-15 -1.057935296279109E-14 -9.441821022170949E-15 -4.050007526203905E-14 0.000000000000000E+00 -4.440892098500626E-15 5.051514762044462E-15 -3.591632738978636E-15 -7.913884335907213E-16 1.326042984512160E-16 -7.322398312998572E-15 1.445786650231844E-14 0.000000000000000E+00 0.000000000000000E+00 0.000000000000000E+00 1.511564166704917E-16 1.749717075054516E-15 1.603684263008004E-14 -2.575066631340679E-15 0.000000000000000E+00 0.000000000000000E+00 0.000000000000000E+00 
0.000000000000000E+00 0.000000000000000E+00 0.000000000000000E+00 0.000000000000000E+00 0.000000000000000E+00 0.000000000000000E+00 2.598076211353316E+00 -2.598076211353314E+00 2.251051105080858E-15 4.250883323808367E-15 5.624999999999996E+00 -5.625000000000000E+00 3.133535489478515E-16 2.716469263708982E-15 0.000000000000000E+00 2.781074432660870E+00 -2.781074432660868E+00 -4.238621536958903E-15 -7.698565639478657E-15 2.985602169182006E-15 0.000000000000000E+00 6.161737786669619E-15 5.551115123125783E-16 -4.362983353352002E-15 -8.594525351855898E-15 -9.988971621076493E-15 1.883280649092955E-14 0.000000000000000E+00 -5.551115123125783E-16 -2.164934898019055E-15 1.664633351981722E-15 4.295510090018408E-15 -1.987417274558639E-14 3.916564320294638E-15 9.633707984061995E-15 0.000000000000000E+00 0.000000000000000E+00 0.000000000000000E+00 0.000000000000000E+00 1.023252285439595E-14 0.000000000000000E+00 0.000000000000000E+00 0.000000000000000E+00 0.000000000000000E+00 0.000000000000000E+00 
0.000000000000000E+00 0.000000000000000E+00 0.000000000000000E+00 0.000000000000000E+00 0.000000000000000E+00 0.000000000000000E+00 0.000000000000000E+00 0.000000000000000E+00 -4.922525258085141E-15 -9.416672994832800E-15 -5.625000000000000E+00 5.625000000000004E+00 -5.725690793995489E-15 -8.357790007585559E-15 0.000000000000000E+00 -2.781074432660873E+00 2.781074432660871E+00 -4.532140357579834E-15 1.193822981476597E-14 -1.805753024977200E-14 0.000000000000000E+00 -2.720046410331634E-15 -3.941291737419306E-15 -9.660871648487489E-16 1.112028273287813E-14 -4.449131869478472E-15 -2.534284422551013E-14 0.000000000000000E+00 4.163336342344337E-15 -1.776356839400250E-15 3.220347956368967E-15 -2.519153250618155E-15 7.980908594289401E-15 -8.937396160857760E-15 -3.244793224870044E-14 0.000000000000000E+00 0.000000000000000E+00 0.000000000000000E+00 0.000000000000000E+00 -1.128694052469671E-15 0.000000000000000E+00 0.000000000000000E+00 0.000000000000000E+00 0.000000000000000E+00 0.000000000000000E+00 
0.000000000000000E+00 0.000000000000000E+00 0.000000000000000E+00 0.000000000000000E+00 0.000000000000000E+00 0.000000000000000E+00 0.000000000000000E+00 0.000000000000000E+00 0.000000000000000E+00 0.000000000000000E+00 0.000000000000000E+00 0.000000000000000E+00 1.249999999999999E+01 6.431487287184018E-16 0.000000000000000E+00 0.000000000000000E+00 0.000000000000000E+00 6.755037451669025E+00 -6.102757188486406E-15 0.000000000000000E+00 0.000000000000000E+00 0.000000000000000E+00 0.000000000000000E+00 -2.187139358511558E-14 6.862566070964246E-15 1.786331499387117E-15 0.000000000000000E+00 0.000000000000000E+00 0.000000000000000E+00 0.000000000000000E+00 -5.551115123125785E-15 9.575673587391970E-15 -1.132254012770062E-14 -1.013804925426021E-14 0.000000000000000E+00 0.000000000000000E+00 0.000000000000000E+00 0.000000000000000E+00 0.000000000000000E+00 0.000000000000000E+00 0.000000000000000E+00 0.000000000000000E+00 0.000000000000000E+00 0.000000000000000E+00 0.000000000000000E+00 
0.000000000000000E+00 0.000000000000000E+00 0.000000000000000E+00 0.000000000000000E+00 0.000000000000000E+00 0.000000000000000E+00 0.000000000000000E+00 0.000000000000000E+00 0.000000000000000E+00 0.000000000000000E+00 0.000000000000000E+00 0.000000000000000E+00 7.664098029311848E-16 2.249999999999999E+01 0.000000000000000E+00 0.000000000000000E+00 0.000000000000000E+00 -1.308856344577919E-16 1.436140661634506E+01 0.000000000000000E+00 0.000000000000000E+00 0.000000000000000E+00 0.000000000000000E+00 -8.552681779746860E-15 -1.567737885522672E-14 -1.711834072534303E-14 0.000000000000000E+00 0.000000000000000E+00 0.000000000000000E+00 0.000000000000000E+00 -2.656938708054357E-15 -1.773497266931871E-14 4.387460369527997E-15 -4.994222931001630E-14 0.000000000000000E+00 0.000000000000000E+00 0.000000000000000E+00 0.000000000000000E+00 0.000000000000000E+00 0.000000000000000E+00 0.000000000000000E+00 0.000000000000000E+00 0.000000000000000E+00 0.000000000000000E+00 0.000000000000000E+00 
0.000000000000000E+00 0.000000000000000E+00 0.000000000000000E+00 0.000000000000000E+00 0.000000000000000E+00 0.000000000000000E+00 0.000000000000000E+00 0.000000000000000E+00 0.000000000000000E+00 0.000000000000000E+00 0.000000000000000E+00 0.000000000000000E+00 0.000000000000000E+00 -1.761611689854448E-15 0.000000000000000E+00 0.000000000000000E+00 0.000000000000000E+00 -8.694434061595757E-15 -9.691900060282421E-15 0.000000000000000E+00 0.000000000000000E+00 0.000000000000000E+00 0.000000000000000E+00 -5.273559366969492E-16 7.091549569793188E-15 0.000000000000000E+00 0.000000000000000E+00 0.000000000000000E+00 0.000000000000000E+00 0.000000000000000E+00 6.106226635438362E-15 1.985217545907858E-14 -2.583827249380555E-14 0.000000000000000E+00 0.000000000000000E+00 0.000000000000000E+00 0.000000000000000E+00 0.000000000000000E+00 0.000000000000000E+00 0.000000000000000E+00 0.000000000000000E+00 0.000000000000000E+00 0.000000000000000E+00 0.000000000000000E+00 0.000000000000000E+00 
0.000000000000000E+00 0.000000000000000E+00 0.000000000000000E+00 0.000000000000000E+00 0.000000000000000E+00 0.000000000000000E+00 0.000000000000000E+00 0.000000000000000E+00 0.000000000000000E+00 0.000000000000000E+00 0.000000000000000E+00 0.000000000000000E+00 0.000000000000000E+00 0.000000000000000E+00 0.000000000000000E+00 0.000000000000000E+00 0.000000000000000E+00 0.000000000000000E+00 -1.105958998359759E-14 0.000000000000000E+00 0.000000000000000E+00 0.000000000000000E+00 0.000000000000000E+00 0.000000000000000E+00 -9.922328150891794E-15 0.000000000000000E+00 0.000000000000000E+00 0.000000000000000E+00 0.000000000000000E+00 0.000000000000000E+00 0.000000000000000E+00 -1.165546983181296E-14 0.000000000000000E+00 0.000000000000000E+00 0.000000000000000E+00 0.000000000000000E+00 0.000000000000000E+00 0.000000000000000E+00 0.000000000000000E+00 0.000000000000000E+00 0.000000000000000E+00 0.000000000000000E+00 0.000000000000000E+00 0.000000000000000E+00 0.000000000000000E+00 
0.000000000000000E+00 0.000000000000000E+00 0.000000000000000E+00 0.000000000000000E+00 0.000000000000000E+00 0.000000000000000E+00 0.000000000000000E+00 0.000000000000000E+00 0.000000000000000E+00 0.000000000000000E+00 0.000000000000000E+00 0.000000000000000E+00 0.000000000000000E+00 0.000000000000000E+00 0.000000000000000E+00 0.000000000000000E+00 0.000000000000000E+00 0.000000000000000E+00 4.675807592002938E-15 0.000000000000000E+00 0.000000000000000E+00 0.000000000000000E+00 0.000000000000000E+00 0.000000000000000E+00 3.205478851909598E-15 0.000000000000000E+00 0.000000000000000E+00 0.000000000000000E+00 0.000000000000000E+00 0.000000000000000E+00 0.000000000000000E+00 6.642618880239172E-16 0.000000000000000E+00 0.000000000000000E+00 0.000000000000000E+00 0.000000000000000E+00 0.000000000000000E+00 0.000000000000000E+00 0.000000000000000E+00 0.000000000000000E+00 0.000000000000000E+00 0.000000000000000E+00 0.000000000000000E+00 0.000000000000000E+00 0.000000000000000E+00 
0.000000000000000E+00 0.000000000000000E+00 0.000000000000000E+00 0.000000000000000E+00 0.000000000000000E+00 0.000000000000000E+00 0.000000000000000E+00 0.000000000000000E+00 0.000000000000000E+00 0.000000000000000E+00 0.000000000000000E+00 0.000000000000000E+00 0.000000000000000E+00 0.000000000000000E+00 0.000000000000000E+00 0.000000000000000E+00 0.000000000000000E+00 0.000000000000000E+00 0.000000000000000E+00 0.000000000000000E+00 0.000000000000000E+00 0.000000000000000E+00 0.000000000000000E+00 0.000000000000000E+00 -1.196265309033606E-14 0.000000000000000E+00 0.000000000000000E+00 0.000000000000000E+00 0.000000000000000E+00 0.000000000000000E+00 0.000000000000000E+00 -1.326716514427062E-14 0.000000000000000E+00 0.000000000000000E+00 0.000000000000000E+00 0.000000000000000E+00 0.000000000000000E+00 0.000000000000000E+00 0.000000000000000E+00 0.000000000000000E+00 0.000000000000000E+00 0.000000000000000E+00 0.000000000000000E+00 0.000000000000000E+00 0.000000000000000E+00 
# non-zero value of Srs
3.000000000000003E+00 -1.500000000000001E+00 -1.500000000000001E+00 -3.872983346207420E+00 1.936491673103710E+00 1.936491673103709E+00 -6.112036004549303E-16 -1.550409106654271E-15 1.777124901939235E-15 -3.218739251753168E-16 4.913810403421659E-15 1.257674520083185E-15 -6.169843739167575E-16 2.036573669674546E-15 5.796060257156109E-15 -1.917760153484117E-15 2.449429548079252E-15 -8.213790406386408E-16 1.589347341258386E-15 1.625850416095228E-15 5.086539811383164E-15 -8.501672388175109E-15 -2.123301534595612E-15 9.045875572761448E-15 7.138715575724854E-15 -8.723848249841778E-15 2.215250520678884E-15 7.612417230611205E-15 3.751548122534328E-15 1.547373340571312E-14 -2.576793972560875E-15 -1.628302939017042E-15 -7.371002610991045E-15 3.339346641516027E-15 -5.024124065987837E-15 -1.164778713504599E-16 5.891751292984421E-15 2.365729140363371E-15 -4.417217615556315E-16 7.412655568950495E-15 -1.685874954094430E-15 -5.093832079386394E-15 -1.221826689172494E-14 -7.233616176968688E-15 -2.110914149411396E-15 
-1.500000000000001E+00 4.525909786212675E-16 1.500000000000000E+00 1.936491673103711E+00 -2.604320794784511E-16 -1.936491673103709E+00 1.659138237861765E-15 1.629177366894372E-15 -2.518793158299160E-15 -1.865757275186031E-15 -4.943763112977569E-15 -6.951617034023949E-16 1.573003089901445E-15 -4.735788428255675E-15 -6.451560981438347E-15 -5.183177581900785E-16 1.393509102612136E-15 2.545858313960563E-16 -3.542909555397147E-15 -6.406542657679038E-15 -6.783579594386585E-15 -3.166318741327001E-16 -3.241493342682953E-15 3.600962315831297E-15 9.253697221970363E-16 -3.469054139930026E-15 -7.281695412366307E-15 -2.988451293439231E-15 3.827178959656575E-15 3.193905703625061E-15 -1.464362387731553E-15 5.858635721271543E-16 4.078126607412403E-15 -8.138528957123222E-15 -5.066017802135520E-15 1.879388612089537E-15 -8.886382123926701E-15 -4.760016787543042E-15 5.928853459616910E-15 1.956487733443802E-15 6.684418369361989E-15 -6.768737416456547E-15 -5.574568935769725E-15 -4.662988240659719E-15 6.228193686757052E-15 
-1.500000000000001E+00 1.500000000000000E+00 -7.238453853108118E-16 1.936491673103708E+00 -1.936491673103708E+00 -4.696213056193904E-17 -1.547569268198970E-15 3.182507965110519E-16 8.202103985818347E-16 2.364555851445066E-15 -6.533615297322905E-16 -6.654030052206519E-16 2.815959797214776E-16 3.157006711688363E-15 3.796523058349881E-16 3.072861138188306E-15 -2.667571760370852E-15 -1.496172770067116E-15 4.259206642085877E-15 3.738659466962684E-15 2.167451387841078E-15 4.039191579819332E-15 1.154508009562339E-15 -4.259105507887878E-15 -4.295125179356603E-15 7.249821039049031E-15 4.359680704245694E-15 -5.976192824988526E-16 1.221798561761425E-15 -5.517666652629316E-15 2.429929824153051E-15 8.183138261174702E-16 3.856785899709756E-15 8.532094605423814E-15 -6.094115093632485E-16 4.705318515329122E-15 -1.072920114640855E-15 -7.476115595909062E-16 -1.367814571273780E-16 1.439502488946641E-15 1.014463322471027E-15 9.924844047021233E-15 9.401538970427563E-16 6.708482196105522E-15 5.925122427399900E-16 
-3.872983346207420E+00 1.936491673103711E+00 1.936491673103708E+00 3.750000000000004E+00 -3.750000000000002E+00 -3.749999999999999E+00 1.984313483298443E+00 1.984313483298443E+00 -3.968626966596885E+00 1.286015542521453E-15 -3.129624433854244E-15 5.204184424664569E-15 -7.371315184968810E-15 1.144374109061861E-15 4.361415381555383E-15 -4.743264559183146E-15 -5.090117021988815E-15 2.653307461373324E-15 -1.982524386772873E-15 -7.763967877273122E-16 3.431155081586446E-15 4.427017096638225E-15 2.558880636668907E-15 -6.833577745869999E-16 -5.361664232918773E-15 -6.971158587625393E-15 3.465303875148514E-15 1.000193081692207E-14 -1.005480130124089E-14 -2.167220021764027E-15 7.080471812276353E-15 -6.174636880448577E-16 -2.728382922305501E-15 1.676027454905960E-15 5.539759244215120E-15 2.554181258919555E-14 1.108478118406501E-14 -2.261217769435815E-15 -1.887807845932386E-17 1.797863583729986E-14 1.369033331994988E-14 -1.033878081540677E-15 3.203062427980802E-15 2.278977865157503E-14 1.483363658597967E-14 
1.936491673103710E+00 -2.604320794784511E-16 -1.936491673103708E+00 -3.750000000000002E+00 3.750000000000000E+00 3.749999999999999E+00 -5.952940449895330E+00 1.984313483298444E+00 3.968626966596884E+00 4.447155321585114E-16 -3.259587270257041E-16 -1.422473250300982E-15 4.349742064812112E-15 -5.327449600781705E-15 -5.431062141196292E-15 7.689263364864628E-15 4.708039513801054E-15 -4.302871108623597E-15 -6.862141297342228E-15 -4.758987245334414E-15 1.913555726528826E-15 6.328104944814862E-15 -5.169475958410885E-15 -1.127199703039098E-15 3.519938363931609E-15 -1.268734187817856E-14 8.927388711789803E-15 -1.852592325068602E-15 3.185846736641734E-15 -4.871103520542874E-15 -4.265857509113496E-15 5.118204117847864E-15 -1.337587725727057E-14 5.631289919667257E-15 7.964188413876205E-15 1.213349002737750E-14 -5.753102862150238E-15 4.978656376053436E-16 3.133836272851562E-16 -2.596487237226926E-15 -3.637645352286440E-15 -7.499660721420335E-15 1.589211668777082E-15 3.030972601985163E-15 -1.948850498045403E-14 
1.936491673103709E+00 -1.936491673103709E+00 -4.696213056193904E-17 -3.749999999999999E+00 3.749999999999999E+00 3.749999999999998E+00 1.984313483298441E+00 -1.984313483298441E+00 3.968626966596879E+00 4.582575694955829E+00 7.881967705909172E-16 -2.571519622267332E-15 -2.692290834716005E-15 -6.443460424825744E-15 -1.451159545719054E-14 9.896940832269761E-16 2.832035958245777E-15 1.846613140177311E-15 -5.261315536694050E-15 -1.245376956941768E-14 -7.994851345216518E-15 -1.095041612092186E-14 8.025395671979314E-15 4.322930902134203E-15 -7.841627661189050E-15 4.695625398926095E-15 -7.286991909057308E-15 -2.066746938696755E-14 1.179242661828712E-14 -7.987653857812761E-15 2.376571162088225E-15 1.735059383428549E-14 5.644356509959544E-16 -5.842611764247598E-15 -1.523356176632125E-14 -2.893903855270841E-14 -1.086376521034951E-14 1.476426498418931E-14 -5.908468159177007E-15 -2.184848053577121E-14 -1.811224781267384E-14 -1.581682925216446E-14 1.662657912824407E-16 -2.094320697989421E-14 0.000000000000000E+00 
0.000000000000000E+00 0.000000000000000E+00 0.000000000000000E+00 1.984313483298443E+00 -5.952940449895330E+00 1.984313483298441E+00 5.249999999999995E+00 -5.249999999999999E+00 -3.499999999999995E+00 -4.908092487630016E-15 2.598076211353322E+00 5.196152422706635E+00 -8.944271909999154E+00 3.913742200981624E-15 5.610439461787663E-16 -5.637668985881275E-15 -1.161395387395531E-14 7.576952778611578E-15 1.144640405981038E-14 7.115268462915693E-15 -6.612343746647680E-15 2.534547079143333E-15 2.924858353274115E-15 -6.932578794675708E-15 -9.931120306818242E-16 2.926352975489859E-14 -4.373459398807721E-15 -2.090966633453179E-14 -6.096019235976799E-15 -4.401960617873924E-16 5.850511916771131E-15 7.300796223815556E-16 5.679159593936208E-15 2.953467898605464E-14 -6.184674237005000E-15 -3.584581122260333E-14 -3.701686343318310E-15 4.549907426235661E-15 -9.410613253390680E-15 5.839439659733060E-15 -2.631287782983447E-15 1.310776102465425E-14 2.318006240045146E-14 -5.903904132899231E-15 0.000000000000000E+00 
0.000000000000000E+00 0.000000000000000E+00 0.000000000000000E+00 1.984313483298443E+00 1.984313483298444E+00 -1.984313483298441E+00 -5.249999999999999E+00 5.250000000000002E+00 3.499999999999997E+00 1.964783507352957E-15 -1.039230484541327E+01 2.598076211353304E+00 8.944271909999161E+00 7.289056127249969E-15 5.707815592872254E-15 1.217235252217649E-14 -1.804112415015879E-15 -8.823076557377601E-15 7.854551462245695E-15 -3.497587198348776E-15 -1.621023153594311E-14 -6.438130631058304E-16 6.772360450213455E-15 -6.157095519473940E-15 7.136763562008128E-16 -1.125643938343855E-14 -7.901950119040821E-15 1.237743218381312E-15 9.644839766714628E-15 -3.885780586188048E-15 -1.394987550030315E-14 6.767808696189430E-15 7.616638365809004E-15 2.545550657024689E-15 6.729458582787782E-15 -1.641166174085426E-14 -1.961913554494463E-15 -4.371503159461554E-15 -7.807929897003437E-15 -1.331698265665143E-14 -5.554247359119597E-16 -5.885945979928644E-15 6.678888446581386E-16 0.000000000000000E+00 0.000000000000000E+00 
0.000000000000000E+00 0.000000000000000E+00 0.000000000000000E+00 -3.968626966596885E+00 3.968626966596884E+00 3.968626966596879E+00 -3.499999999999995E+00 3.499999999999997E+00 6.999999999999985E+00 8.082903768654752E+00 3.464101615137756E+00 -3.464101615137759E+00 4.472135954999567E+00 7.745966692414821E+00 -1.355867661526587E-14 -3.365017255926834E-15 8.453123171419704E-15 -1.540434446667405E-15 -1.585052124883150E-14 -9.288603957172126E-15 -4.197407500147983E-15 2.508511193113292E-15 1.849099004108807E-17 -1.824929096727600E-15 -5.104807649348667E-15 -5.863040088149863E-15 -3.820532855121262E-15 8.779469300592284E-15 -1.434851194272313E-15 -4.372436067508296E-15 4.926614671774134E-15 -2.639486830546099E-14 -2.016095623780245E-14 -1.401381260833191E-14 2.809350788026549E-15 5.857832326769301E-15 0.000000000000000E+00 0.000000000000000E+00 -5.551115123125743E-16 -7.426390438077320E-15 -2.494532358454649E-14 -3.255628491188984E-14 -1.315620298114736E-14 0.000000000000000E+00 0.000000000000000E+00 
0.000000000000000E+00 0.000000000000000E+00 0.000000000000000E+00 1.286015542521453E-15 4.447155321585114E-16 4.582575694955829E+00 -4.908092487630016E-15 1.964783507352957E-15 8.082903768654752E+00 1.399999999999999E+01 9.779031872849286E-15 -1.029536795041745E-14 -2.581988897471605E+00 1.341640786499873E+01 0.000000000000000E+00 6.395589733948939E-15 -5.257147306018410E-16 -1.029329968224103E-14 -9.450093364785152E-15 -1.651704326127581E-14 0.000000000000000E+00 -1.290002966018048E-15 2.871283982133072E-15 -3.647895928006251E-15 -1.412658296530935E-14 -1.921002399758431E-14 -3.228342807148591E-14 0.000000000000000E+00 -8.175984851079221E-16 1.117222283418338E-14 -1.326804830271188E-14 5.677225658902262E-15 1.674874494161707E-14 -3.131798758617726E-14 -1.444990299441570E-14 0.000000000000000E+00 0.000000000000000E+00 0.000000000000000E+00 1.897813653994717E-14 -2.586200738428207E-15 3.434713900327467E-15 -7.816639558190688E-15 0.000000000000000E+00 0.000000000000000E+00 0.000000000000000E+00 
0.000000000000000E+00 0.000000000000000E+00 0.000000000000000E+00 0.000000000000000E+00 0.000000000000000E+00 0.000000000000000E+00 2.598076211353322E+00 -1.039230484541327E+01 3.464101615137756E+00 9.779031872849286E-15 5.625000000000014E+00 -5.625000000000004E+00 -4.841229182759264E+00 4.131067373373490E-15 0.000000000000000E+00 2.781074432660862E+00 8.343223297982618E+00 -1.308107377666077E+01 -1.396144787907323E-14 -2.626723822041958E-15 0.000000000000000E+00 -4.655025428335029E-16 -6.722605209305594E-15 1.430022118222660E-15 1.153785894048763E-14 2.581658276627137E-15 1.141349729204796E-14 0.000000000000000E+00 -3.543258816538721E-15 -1.520417931625040E-16 1.849655940917081E-14 4.675446921769178E-15 -5.513229586247871E-15 -1.933834503855096E-14 3.263770804127035E-14 0.000000000000000E+00 0.000000000000000E+00 0.000000000000000E+00 0.000000000000000E+00 4.969452639792707E-15 0.000000000000000E+00 0.000000000000000E+00 0.000000000000000E+00 0.000000000000000E+00 0.000000000000000E+00 
0.000000000000000E+00 0.000000000000000E+00 0.000000000000000E+00 0.000000000000000E+00 0.000000000000000E+00 0.000000000000000E+00 0.000000000000000E+00 0.000000000000000E+00 -3.464101615137759E+00 -1.029536795041745E-14 -5.625000000000004E+00 5.624999999999994E+00 4.841229182759258E+00 -5.104097636305659E-15 0.000000000000000E+00 -1.390537216330436E+01 2.781074432660872E+00 1.308107377666076E+01 2.247657929057946E-14 4.164882529084661E-15 0.000000000000000E+00 -1.518288619405781E-14 1.443289932012704E-15 -3.151816680412543E-15 1.335146876518164E-14 1.256990185046848E-14 -1.574102434085211E-14 0.000000000000000E+00 2.007109022292228E-14 6.217248937900877E-15 -7.968754908289540E-15 -2.031403634435484E-14 1.314176863320734E-14 -1.930980855220371E-14 -4.392886428773222E-14 0.000000000000000E+00 0.000000000000000E+00 0.000000000000000E+00 0.000000000000000E+00 -1.638182619280391E-14 0.000000000000000E+00 0.000000000000000E+00 0.000000000000000E+00 0.000000000000000E+00 0.000000000000000E+00 
0.000000000000000E+00 0.000000000000000E+00 0.000000000000000E+00 0.000000000000000E+00 0.000000000000000E+00 0.000000000000000E+00 0.000000000000000E+00 0.000000000000000E+00 0.000000000000000E+00 0.000000000000000E+00 0.000000000000000E+00 0.000000000000000E+00 1.249999999999998E+01 8.660254037844382E+00 0.000000000000000E+00 0.000000000000000E+00 0.000000000000000E+00 6.755037451669024E+00 1.658312395177698E+01 0.000000000000000E+00 0.000000000000000E+00 0.000000000000000E+00 0.000000000000000E+00 -2.547961841514734E-14 -1.821227179127411E-14 -8.503180798369314E-15 0.000000000000000E+00 0.000000000000000E+00 0.000000000000000E+00 0.000000000000000E+00 1.665334536937719E-16 -3.749665044343719E-14 5.025493909904813E-15 1.275298266650952E-16 0.000000000000000E+00 0.000000000000000E+00 0.000000000000000E+00 0.000000000000000E+00 0.000000000000000E+00 0.000000000000000E+00 0.000000000000000E+00 0.000000000000000E+00 0.000000000000000E+00 0.000000000000000E+00 0.000000000000000E+00 
0.000000000000000E+00 0.000000000000000E+00 0.000000000000000E+00 0.000000000000000E+00 0.000000000000000E+00 0.000000000000000E+00 0.000000000000000E+00 0.000000000000000E+00 0.000000000000000E+00 0.000000000000000E+00 0.000000000000000E+00 0.000000000000000E+00 8.660254037844382E+00 2.249999999999999E+01 0.000000000000000E+00 0.000000000000000E+00 0.000000000000000E+00 -4.680027229328546E+00 1.436140661634505E+01 0.000000000000000E+00 0.000000000000000E+00 0.000000000000000E+00 0.000000000000000E+00 -5.825403896862957E-15 2.862896362033450E-15 -4.188510811602108E-14 0.000000000000000E+00 0.000000000000000E+00 0.000000000000000E+00 0.000000000000000E+00 3.883381399239357E-15 4.769471115113600E-15 7.575028418280974E-15 -6.272001920057610E-14 0.000000000000000E+00 0.000000000000000E+00 0.000000000000000E+00 0.000000000000000E+00 0.000000000000000E+00 0.000000000000000E+00 0.000000000000000E+00 0.000000000000000E+00 0.000000000000000E+00 0.000000000000000E+00 0.000000000000000E+00 
0.000000000000000E+00 0.000000000000000E+00 0.000000000000000E+00 0.000000000000000E+00 0.000000000000000E+00 0.000000000000000E+00 0.000000000000000E+00 0.000000000000000E+00 0.000000000000000E+00 0.000000000000000E+00 0.000000000000000E+00 0.000000000000000E+00 0.000000000000000E+00 1.948557158514985E+01 0.000000000000000E+00 0.000000000000000E+00 0.000000000000000E+00 -9.111716372731116E-15 -4.145780987944260E+00 0.000000000000000E+00 0.000000000000000E+00 0.000000000000000E+00 0.000000000000000E+00 -1.012953826720619E-14 -6.905347067671521E-15 0.000000000000000E+00 0.000000000000000E+00 0.000000000000000E+00 0.000000000000000E+00 0.000000000000000E+00 1.058501159986736E-14 -2.172539633704400E-14 -1.549497021576669E-14 0.000000000000000E+00 0.000000000000000E+00 0.000000000000000E+00 0.000000000000000E+00 0.000000000000000E+00 0.000000000000000E+00 0.000000000000000E+00 0.000000000000000E+00 0.000000000000000E+00 0.000000000000000E+00 0.000000000000000E+00 0.000000000000000E+00 
0.000000000000000E+00 0.000000000000000E+00 0.000000000000000E+00 0.000000000000000E+00 0.000000000000000E+00 0.000000000000000E+00 0.000000000000000E+00 0.000000000000000E+00 0.000000000000000E+00 0.000000000000000E+00 0.000000000000000E+00 0.000000000000000E+00 0.000000000000000E+00 0.000000000000000E+00 0.000000000000000E+00 0.000000000000000E+00 0.000000000000000E+00 0.000000000000000E+00 -1.603076673294734E-14 0.000000000000000E+00 0.000000000000000E+00 0.000000000000000E+00 0.000000000000000E+00 0.000000000000000E+00 -2.014243910317579E-14 0.000000000000000E+00 0.000000000000000E+00 0.000000000000000E+00 0.000000000000000E+00 0.000000000000000E+00 0.000000000000000E+00 1.952530989468274E-14 0.000000000000000E+00 0.000000000000000E+00 0.000000000000000E+00 0.000000000000000E+00 0.000000000000000E+00 0.000000000000000E+00 0.000000000000000E+00 0.000000000000000E+00 0.000000000000000E+00 0.000000000000000E+00 0.000000000000000E+00 0.000000000000000E+00 0.000000000000000E+00 
0.000000000000000E+00 0.000000000000000E+00 0.000000000000000E+00 0.000000000000000E+00 0.000000000000000E+00 0.000000000000000E+00 0.000000000000000E+00 0.000000000000000E+00 0.000000000000000E+00 0.000000000000000E+00 0.000000000000000E+00 0.000000000000000E+00 0.000000000000000E+00 0.000000000000000E+00 0.000000000000000E+00 0.000000000000000E+00 0.000000000000000E+00 0.000000000000000E+00 8.900225741787443E-15 0.000000000000000E+00 0.000000000000000E+00 0.000000000000000E+00 0.000000000000000E+00 0.000000000000000E+00 -2.137443622827596E-14 0.000000000000000E+00 0.000000000000000E+00 0.000000000000000E+00 0.000000000000000E+00 0.000000000000000E+00 0.000000000000000E+00 1.417699120230100E-14 0.000000000000000E+00 0.000000000000000E+00 0.000000000000000E+00 0.000000000000000E+00 0.000000000000000E+00 0.000000000000000E+00 0.000000000000000E+00 0.000000000000000E+00 0.000000000000000E+00 0.000000000000000E+00 0.000000000000000E+00 0.000000000000000E+00 0.000000000000000E+00 
0.000000000000000E+00 0.000000000000000E+00 0.000000000000000E+00 0.000000000000000E+00 0.000000000000000E+00 0.000000000000000E+00 0.000000000000000E+00 0.000000000000000E+00 0.000000000000000E+00 0.000000000000000E+00 0.000000000000000E+00 0.000000000000000E+00 0.000000000000000E+00 0.000000000000000E+00 0.000000000000000E+00 0.000000000000000E+00 0.000000000000000E+00 0.000000000000000E+00 0.000000000000000E+00 0.000000000000000E+00 0.000000000000000E+00 0.000000000000000E+00 0.000000000000000E+00 0.000000000000000E+00 2.481930311651166E+01 0.000000000000000E+00 0.000000000000000E+00 0.000000000000000E+00 0.000000000000000E+00 0.000000000000000E+00 0.000000000000000E+00 -4.367549323323006E-14 0.000000000000000E+00 0.000000000000000E+00 0.000000000000000E+00 0.000000000000000E+00 0.000000000000000E+00 0.000000000000000E+00 0.000000000000000E+00 0.000000000000000E+00 0.000000000000000E+00 0.000000000000000E+00 0.000000000000000E+00 0.000000000000000E+00 0.000000000000000E+00 
# non-zero value of Sss
1.500000000000002E+00 -2.262954893106378E-16 -1.500000000000001E+00 -1.936491673103709E+00 -4.284766985662714E-16 1.936491673103708E+00 -2.560451850541767E-15 3.380976054678797E-15 -1.528291382335567E-15 -4.372370521199542E-15 9.506284648352903E-16 -1.817990202823694E-15 2.636779683484747E-15 1.010801685408236E-15 -1.415534356397075E-15 -3.094746681142624E-15 -1.873501354054952E-16 6.786238238021269E-15 -2.820660371938288E-15 -4.479056014972116E-15 -8.037461755178166E-16 5.120903701083535E-15 8.021361352916756E-15 -3.275157922644212E-15 8.809359491879221E-15 2.001870891277235E-15 -5.707673916832690E-15 -1.632862681871794E-15 -7.396860901565105E-15 -9.547918011776346E-15 8.520961713998076E-15 5.083376753388380E-15 4.413136522884997E-15 -3.947905370671467E-15 -4.465828748467793E-15 1.332321839658812E-15 7.480127628411992E-15 1.216388101354937E-14 -1.060956877907415E-14 1.016547956922409E-15 2.730454751187494E-15 4.301680539553487E-15 -5.833210975879355E-15 -5.868894779881284E-15 -5.292261854444869E-16 
-2.262954893106372E-16 5.425230462795431E-30 2.262954893106315E-16 5.517897986035536E-16 3.970709659433152E-17 -5.517897986035503E-16 -2.404515494843920E-16 -1.649306549608047E-15 -1.745319209392613E-16 -5.799476882531444E-16 5.966344418044454E-16 9.004723837084140E-16 -1.158963385449091E-15 -1.784275751505920E-15 -1.607186887721657E-15 1.939018191014362E-15 1.105430473642017E-15 -3.134198677169182E-15 1.169801962654322E-15 5.416125129977866E-16 -2.643999374946000E-15 -6.586931893901919E-15 -2.711067460564769E-15 6.563004862289625E-15 -4.959832739880591E-15 -2.896294250259960E-15 6.793409106717127E-16 -1.494629365908092E-15 7.413036370254167E-15 2.874943390546922E-15 -7.546650638134578E-15 7.553444426914274E-15 3.877955720980377E-15 -5.616872543433906E-15 -1.055131331925014E-15 7.765908457148215E-16 -1.297264283576277E-15 1.381489862254943E-16 3.399511457093136E-15 -6.390980283668417E-15 -2.272923264617959E-15 5.637035281477599E-15 -5.283398194596269E-15 -6.166132327987222E-16 3.366255278341758E-15 
-1.500000000000001E+00 2.262954893106322E-16 1.500000000000001E+00 1.936491673103710E+00 2.012279232133096E-16 -1.936491673103709E+00 8.222589276130066E-16 -4.562322741819003E-16 1.559516404903150E-15 2.171006430184974E-15 -1.353084311261910E-15 3.400058012914542E-16 1.110223024625157E-15 1.193272911037546E-15 6.470518565393490E-16 -3.747002708109903E-16 -1.519617764955683E-15 -9.992007221626409E-16 2.432949675057472E-15 1.833602714107485E-15 8.049930080161749E-16 1.568190022283034E-15 5.134781488891349E-16 -4.898859096158503E-15 -3.257593847449947E-15 1.797173521111972E-15 2.770570231569458E-15 1.774730536141522E-15 -6.342149028171207E-15 -3.053113317719180E-16 7.660538869913580E-15 -8.010953012060895E-15 -4.954370247389761E-15 4.330195056689856E-15 1.899305365760107E-15 1.184517978494726E-15 4.787836793695988E-15 -5.849487560993794E-15 6.800116025829084E-16 1.059569099126634E-14 -2.161465451067102E-15 -1.940721888749053E-15 9.015100406635501E-15 2.331468351712829E-15 2.344126412076597E-15 
-1.936491673103710E+00 5.517897986035550E-16 1.936491673103710E+00 3.750000000000002E+00 -1.404183647428721E-15 -3.750000000000001E+00 -1.984313483298436E+00 -2.023968437504567E-16 -2.378455474440501E-15 -2.291287847477917E+00 -5.909790769545810E-15 -3.427821159557845E-15 1.387536754046738E-15 -1.194824143260388E-16 3.615834524807489E-15 6.720571597606366E-16 5.903544819833824E-15 -9.716546475084681E-15 -5.284056728749030E-15 3.294846252981604E-15 3.989506883631123E-15 -1.512960687988180E-15 -9.978247741151881E-15 3.719046795895438E-15 -4.669684712461036E-16 -9.974412353533870E-15 2.590533813271181E-15 7.819391323604879E-15 7.854135112280757E-15 1.420267263408688E-14 -6.871752747722540E-15 -8.301193747944673E-15 -7.081848692943071E-15 -4.972741687985682E-15 1.202947031735246E-14 1.520847431593924E-14 -1.359827215430390E-14 -2.244103079159572E-14 1.718464336468915E-14 1.042499849817592E-14 -3.633220341700627E-15 -4.770706571251769E-15 4.557060001683720E-15 9.909562040751779E-15 1.558943599435315E-14 
-7.060324547225605E-16 3.970709659433143E-17 2.411265631607762E-16 -1.099814683769296E-15 3.750000000000005E+00 -6.175615574477433E-16 -3.968626966596887E+00 -1.984313483298439E+00 3.968626966596885E+00 2.291287847477922E+00 -8.937295348232510E-15 -6.966649479522857E-15 3.275157922644212E-15 -3.305515583473806E-15 -3.757411048965764E-15 6.467049118441537E-15 -5.551115123125783E-16 2.664535259100376E-15 -1.961972251329769E-15 -1.593863929727490E-14 -4.537928192938079E-15 -5.939693181744587E-15 4.996003610813204E-16 3.275157922644212E-15 -3.358424649491099E-15 -4.274358644806853E-15 -6.722053469410127E-15 -3.113394958509375E-15 1.487698852997710E-14 2.275957200481571E-15 1.110223024625157E-16 1.096399446925966E-14 -6.494804694057166E-15 8.291978215169138E-16 1.031986995858603E-14 -2.216217660777620E-15 -1.676436767183986E-14 -1.254552017826427E-14 4.163336342344337E-15 3.566591466608315E-15 1.448841047135829E-14 -1.377370439925585E-14 -1.666906630087839E-15 4.432218481120742E-16 2.032879073410321E-16 
1.936491673103709E+00 -5.517897986035511E-16 -1.936491673103708E+00 -3.750000000000002E+00 -1.412550641709926E-16 3.750000000000000E+00 1.984313483298443E+00 -1.333578868711974E-15 -2.329225744739535E-15 2.291287847477917E+00 4.095879595001490E-15 4.033664599106867E-15 -5.330987022488156E-15 -4.865272285683648E-15 -3.464141625678048E-15 -3.333772875941694E-15 -6.944254474251902E-16 3.295233477276171E-15 -3.703584238238681E-15 -1.395300704916034E-16 -3.331160382817139E-16 -9.752339125914241E-15 4.018389195342615E-16 1.058406805910283E-14 -3.860464427168551E-15 -2.435198633440221E-16 5.021234231744378E-16 -3.060452312779111E-15 4.397848793575455E-15 -9.902987970974134E-15 -1.794901994065522E-15 1.093867737242348E-14 6.237984592347509E-16 3.373504168691259E-15 -6.368521026602106E-15 -1.103225927778405E-14 1.972032356184714E-14 2.622993284749486E-14 -2.249420499471213E-14 -1.011412440460444E-14 -6.065740377788202E-15 -9.830759288007656E-15 -7.030779151267410E-15 -3.870364716942409E-16 0.000000000000000E+00 
0.000000000000000E+00 0.000000000000000E+00 0.000000000000000E+00 -1.984313483298437E+00 -3.968626966596887E+00 1.984313483298443E+00 1.224999999999998E+01 3.499999999999991E+00 -6.999999999999988E+00 2.020725942163681E+00 -6.928203230275491E+00 -8.660254037844236E-01 2.236067977499784E+00 -3.872983346207412E+00 -8.421719260066941E-15 -1.077325077255510E-14 -2.183209313419783E-14 1.233522155305987E-14 1.379906895382657E-14 4.432675288631037E-15 -1.188962069913706E-14 1.101314900821674E-14 2.510962654678149E-14 -1.632516652625870E-14 -1.993432501647596E-15 1.626826105172456E-14 -4.924550290548773E-15 -1.580516363831497E-14 -2.912037126491145E-14 -3.962196348736432E-14 2.394009568911548E-14 1.465363276971020E-14 6.943902160727773E-15 2.035377579509911E-14 -2.269610568745023E-14 -1.566281085195503E-14 5.343475636359502E-14 6.303617855187513E-14 -6.427354573871064E-14 -1.110093793050476E-14 -3.931609740779354E-15 5.528068746501912E-16 2.434293574103955E-14 -3.348143967407013E-15 0.000000000000000E+00 
0.000000000000000E+00 0.000000000000000E+00 0.000000000000000E+00 -5.065392549852277E-16 -1.984313483298437E+00 -5.759281940243000E-16 3.499999999999993E+00 1.224999999999999E+01 -3.499999999999999E+00 -2.020725942163690E+00 -8.660254037844377E+00 -6.928203230275503E+00 1.118033988749895E+01 3.872983346207420E+00 1.915134717478395E-15 -1.731947918415244E-14 -1.243449787580175E-14 1.121325254871408E-14 -5.231926003546050E-15 1.096345236817342E-15 -5.752776727208087E-15 3.463895836830488E-14 1.909583602355269E-14 -1.865174681370263E-14 1.703151508714029E-14 -3.885780586188048E-16 -9.614704865601453E-15 -5.896325094845167E-15 -4.996003610813204E-14 -2.930988785010413E-14 2.353672812205332E-14 -1.623506017123244E-14 -8.271161533457416E-15 -9.234800424362533E-15 -9.133319101017889E-15 4.572731082674864E-15 5.706546346573305E-14 4.141131881851834E-14 -5.406786129924512E-14 1.509903313490213E-14 1.121325254871408E-14 -1.254552017826427E-14 -5.084691348522519E-15 0.000000000000000E+00 0.000000000000000E+00 
0.000000000000000E+00 0.000000000000000E+00 0.000000000000000E+00 -2.398855052125488E-15 3.968626966596884E+00 -2.095813474130419E-15 -6.999999999999986E+00 -3.499999999999997E+00 6.999999999999988E+00 4.041451884327380E+00 4.330127018922185E+00 8.660254037844329E-01 -2.236067977499789E+00 3.872983346207407E+00 3.354101966249679E+00 8.102092314854745E-15 9.385441399609410E-15 -7.256843058630363E-15 -3.614039105744389E-15 -5.001807296563703E-15 -2.366937908645747E-15 -1.556029673682756E-14 -1.318382662159017E-14 1.031689795905049E-14 -1.357350864336967E-14 -6.160747781868615E-15 6.118810548472666E-15 4.200647671751978E-15 2.147827453436899E-14 1.771589419461479E-14 -1.671256210006123E-14 -1.600031360904002E-14 -7.303594723083068E-15 -6.729221799001684E-15 1.436479166654247E-14 3.370522712221686E-15 0.000000000000000E+00 0.000000000000000E+00 3.415662901805146E-14 9.670887191467654E-16 -2.624689561320409E-14 -2.312284629611747E-14 -8.729873636779950E-15 0.000000000000000E+00 0.000000000000000E+00 
0.000000000000000E+00 0.000000000000000E+00 0.000000000000000E+00 -2.291287847477915E+00 2.291287847477921E+00 2.291287847477916E+00 2.020725942163681E+00 -2.020725942163694E+00 4.041451884327379E+00 9.333333333333323E+00 -4.999999999999990E-01 4.999999999999992E-01 -1.290994448735806E+00 2.236067977499782E+00 0.000000000000000E+00 1.640299864634165E-14 1.071635888712253E-15 -1.125562089769748E-14 7.732671892661619E-15 -9.386480029421247E-15 0.000000000000000E+00 -1.209999450163737E-14 4.749691249916812E-15 9.267573979399588E-15 -2.020931605137707E-14 -1.445327277676853E-14 -1.008401827903508E-14 0.000000000000000E+00 1.165726894829552E-14 1.877067958762027E-15 -1.010658814675352E-14 1.955344111598300E-14 2.109656512439250E-14 -9.231841622974465E-15 -1.608897396034881E-14 0.000000000000000E+00 0.000000000000000E+00 0.000000000000000E+00 1.506007029183844E-14 -2.277832155222554E-14 4.271934067459867E-15 5.997273888350628E-15 0.000000000000000E+00 0.000000000000000E+00 0.000000000000000E+00 
0.000000000000000E+00 0.000000000000000E+00 0.000000000000000E+00 0.000000000000000E+00 0.000000000000000E+00 0.000000000000000E+00 -6.928203230275493E+00 -8.660254037844373E+00 4.330127018922185E+00 -5.000000000000000E-01 2.437499999999998E+01 9.374999999999993E+00 -1.694430213965743E+01 4.192627457812097E+00 0.000000000000000E+00 -1.390537216330435E+01 -2.781074432660843E+00 6.540536888330373E+00 -8.028270361665713E+00 -4.436904378331391E-15 0.000000000000000E+00 -8.265385726770422E-15 -6.916687453778366E-14 2.066402008361855E-14 2.482516846044661E-14 -5.239538684763340E-15 1.835361062507783E-14 0.000000000000000E+00 5.164092880595844E-14 7.349905847598967E-14 -5.679722993741665E-14 -4.080202584090886E-14 6.838442423880240E-15 5.438504512996717E-15 4.678088801422177E-15 0.000000000000000E+00 0.000000000000000E+00 0.000000000000000E+00 0.000000000000000E+00 3.781455578880053E-14 0.000000000000000E+00 0.000000000000000E+00 0.000000000000000E+00 0.000000000000000E+00 0.000000000000000E+00 
0.000000000000000E+00 0.000000000000000E+00 0.000000000000000E+00 0.000000000000000E+00 0.000000000000000E+00 0.000000000000000E+00 0.000000000000000E+00 0.000000000000000E+00 8.660254037844300E-01 4.999999999999974E-01 9.374999999999995E+00 2.437499999999999E+01 -1.210307295689818E+01 -4.192627457812102E+00 0.000000000000000E+00 -1.390537216330435E+01 -1.390537216330436E+01 1.962161066499115E+01 8.028270361665712E+00 1.801336857454316E-14 0.000000000000000E+00 -4.996003610813204E-14 -2.753353101070388E-14 2.353672812205332E-14 -2.672168042394674E-14 7.216449660063518E-15 1.714600683655476E-14 0.000000000000000E+00 8.926193117986259E-14 6.106226635438361E-14 -7.016609515630989E-14 1.754282483168446E-14 2.098321516541546E-14 9.978129433818594E-15 -1.009609063018502E-15 0.000000000000000E+00 0.000000000000000E+00 0.000000000000000E+00 0.000000000000000E+00 -5.490052856771399E-14 0.000000000000000E+00 0.000000000000000E+00 0.000000000000000E+00 0.000000000000000E+00 0.000000000000000E+00 
0.000000000000000E+00 0.000000000000000E+00 0.000000000000000E+00 0.000000000000000E+00 0.000000000000000E+00 0.000000000000000E+00 0.000000000000000E+00 0.000000000000000E+00 0.000000000000000E+00 0.000000000000000E+00 0.000000000000000E+00 0.000000000000000E+00 1.999999999999998E+01 4.330127018922198E+00 0.000000000000000E+00 0.000000000000000E+00 0.000000000000000E+00 -8.106044942002832E+00 8.291561975888490E+00 0.000000000000000E+00 0.000000000000000E+00 0.000000000000000E+00 0.000000000000000E+00 -2.157649471422847E-14 4.093700293722220E-15 -3.343690695709610E-15 0.000000000000000E+00 0.000000000000000E+00 0.000000000000000E+00 0.000000000000000E+00 6.065190221954642E-14 -1.426753448327050E-14 -3.562737457453030E-15 -1.387140429446071E-14 0.000000000000000E+00 0.000000000000000E+00 0.000000000000000E+00 0.000000000000000E+00 0.000000000000000E+00 0.000000000000000E+00 0.000000000000000E+00 0.000000000000000E+00 0.000000000000000E+00 0.000000000000000E+00 0.000000000000000E+00 
0.000000000000000E+00 0.000000000000000E+00 0.000000000000000E+00 0.000000000000000E+00 0.000000000000000E+00 0.000000000000000E+00 0.000000000000000E+00 0.000000000000000E+00 0.000000000000000E+00 0.000000000000000E+00 0.000000000000000E+00 0.000000000000000E+00 4.330127018922198E+00 1.499999999999998E+01 0.000000000000000E+00 0.000000000000000E+00 0.000000000000000E+00 -2.340013614664282E+00 -1.030950520221832E-14 0.000000000000000E+00 0.000000000000000E+00 0.000000000000000E+00 0.000000000000000E+00 1.054128253721480E-14 1.734321228587482E-14 -2.268511068109217E-14 0.000000000000000E+00 0.000000000000000E+00 0.000000000000000E+00 0.000000000000000E+00 -1.580523181829485E-14 -3.483908387360535E-14 1.270031582736902E-14 -2.704464182079902E-14 0.000000000000000E+00 0.000000000000000E+00 0.000000000000000E+00 0.000000000000000E+00 0.000000000000000E+00 0.000000000000000E+00 0.000000000000000E+00 0.000000000000000E+00 0.000000000000000E+00 0.000000000000000E+00 0.000000000000000E+00 
0.000000000000000E+00 0.000000000000000E+00 0.000000000000000E+00 0.000000000000000E+00 0.000000000000000E+00 0.000000000000000E+00 0.000000000000000E+00 0.000000000000000E+00 0.000000000000000E+00 0.000000000000000E+00 0.000000000000000E+00 0.000000000000000E+00 0.000000000000000E+00 9.742785792574928E+00 0.000000000000000E+00 0.000000000000000E+00 0.000000000000000E+00 3.377518725834484E-01 -2.072890493972131E+00 0.000000000000000E+00 0.000000000000000E+00 0.000000000000000E+00 0.000000000000000E+00 -1.032070333770821E-14 -2.994289901846955E-15 0.000000000000000E+00 0.000000000000000E+00 0.000000000000000E+00 0.000000000000000E+00 0.000000000000000E+00 -5.647339153113565E-15 -2.152700560477951E-14 1.107585187225036E-14 0.000000000000000E+00 0.000000000000000E+00 0.000000000000000E+00 0.000000000000000E+00 0.000000000000000E+00 0.000000000000000E+00 0.000000000000000E+00 0.000000000000000E+00 0.000000000000000E+00 0.000000000000000E+00 0.000000000000000E+00 0.000000000000000E+00 
0.000000000000000E+00 0.000000000000000E+00 0.000000000000000E+00 0.000000000000000E+00 0.000000000000000E+00 0.000000000000000E+00 0.000000000000000E+00 0.000000000000000E+00 0.000000000000000E+00 0.000000000000000E+00 0.000000000000000E+00 0.000000000000000E+00 0.000000000000000E+00 0.000000000000000E+00 0.000000000000000E+00 0.000000000000000E+00 0.000000000000000E+00 0.000000000000000E+00 1.000259341371027E+01 0.000000000000000E+00 0.000000000000000E+00 0.000000000000000E+00 0.000000000000000E+00 0.000000000000000E+00 -1.319164055494895E+01 0.000000000000000E+00 0.000000000000000E+00 0.000000000000000E+00 0.000000000000000E+00 0.000000000000000E+00 0.000000000000000E+00 5.306870727993564E-14 0.000000000000000E+00 0.000000000000000E+00 0.000000000000000E+00 0.000000000000000E+00 0.000000000000000E+00 0.000000000000000E+00 0.000000000000000E+00 0.000000000000000E+00 0.000000000000000E+00 0.000000000000000E+00 0.000000000000000E+00 0.000000000000000E+00 0.000000000000000E+00 
0.000000000000000E+00 0.000000000000000E+00 0.000000000000000E+00 0.000000000000000E+00 0.000000000000000E+00 0.000000000000000E+00 0.000000000000000E+00 0.000000000000000E+00 0.000000000000000E+00 0.000000000000000E+00 0.000000000000000E+00 0.000000000000000E+00 0.000000000000000E+00 0.000000000000000E+00 0.000000000000000E+00 0.000000000000000E+00 0.000000000000000E+00 0.000000000000000E+00 -1.000259341371027E+01 0.000000000000000E+00 0.000000000000000E+00 0.000000000000000E+00 0.000000000000000E+00 0.000000000000000E+00 1.319164055494893E+01 0.000000000000000E+00 0.000000000000000E+00 0.000000000000000E+00 0.000000000000000E+00 0.000000000000000E+00 0.000000000000000E+00 -3.509822640856974E-14 0.000000000000000E+00 0.000000000000000E+00 0.000000000000000E+00 0.000000000000000E+00 0.000000000000000E+00 0.000000000000000E+00 0.000000000000000E+00 0.000000000000000E+00 0.000000000000000E+00 0.000000000000000E+00 0.000000000000000E+00 0.000000000000000E+00 0.000000000000000E+00 
0.000000000000000E+00 0.000000000000000E+00 0.000000000000000E+00 0.000000000000000E+00 0.000000000000000E+00 0.000000000000000E+00 0.000000000000000E+00 0.000000000000000E+00 0.000000000000000E+00 0.000000000000000E+00 0.000000000000000E+00 0.000000000000000E+00 0.000000000000000E+00 0.000000000000000E+00 0.000000000000000E+00 0.000000000000000E+00 0.000000000000000E+00 0.000000000000000E+00 0.000000000000000E+00 0.000000000000000E+00 0.000000000000000E+00 0.000000000000000E+00 0.000000000000000E+00 0.000000000000000E+00 1.240965155825582E+01 0.000000000000000E+00 0.000000000000000E+00 0.000000000000000E+00 0.000000000000000E+00 0.000000000000000E+00 0.000000000000000E+00 -1.976301733934677E-14 0.000000000000000E+00 0.000000000000000E+00 0.000000000000000E+00 0.000000000000000E+00 0.000000000000000E+00 0.000000000000000E+00 0.000000000000000E+00 0.000000000000000E+00 0.000000000000000E+00 0.000000000000000E+00 0.000000000000000E+00 0.000000000000000E+00 0.000000000000000E+00 
