# max number of non-zeros per row
18
# column index of non-zeros (each row is Np column offsets, 1-indexed)
1 1 1 1 1 1 4 4 4 4 7 7 7 7 9 11 11 11 11 13 14 16 16 16 16 18 19 20 22 22 22 22 24 25 26 27 29 29 29 29 31 32 33 34 35 37 37 37 37 39 40 41 42 43 44 46 46 46 46 48 49 50 51 52 53 54
2 2 2 2 2 2 5 5 5 5 8 8 8 8 10 12 12 12 12 14 15 17 17 17 17 19 20 21 23 23 23 23 25 26 27 28 30 30 30 30 32 33 34 35 36 38 38 38 38 40 41 42 43 44 45 47 47 47 47 49 50 51 52 53 54 55
3 3 3 3 3 3 6 6 6 6 9 9 9 9 13 13 13 13 13 15 19 18 18 18 18 20 21 26 24 24 24 24 26 27 28 34 31 31 31 31 33 34 35 36 43 39 39 39 39 41 42 43 44 45 53 48 48 48 48 50 51 52 53 54 55 64
4 4 4 4 4 4 7 7 7 7 10 10 10 10 14 14 14 14 14 18 20 19 19 19 19 21 25 27 25 25 25 25 27 28 33 35 32 32 32 32 34 35 36 42 44 40 40 40 40 42 43 44 45 52 54 49 49 49 49 51 52 53 54 55 63 65
5 5 5 5 5 5 8 8 8 8 11 11 11 11 15 16 16 15 15 19 21 22 22 20 20 24 26 28 29 29 26 26 28 32 34 36 37 37 33 33 35 36 41 43 45 46 46 41 41 43 44 45 51 53 55 56 56 50 50 52 53 54 55 62 64 66
6 6 6 6 6 6 9 9 9 9 12 12 12 12 18 17 17 16 16 20 25 23 23 22 21 25 27 33 30 30 29 27 31 33 35 42 38 38 37 34 39 40 42 44 52 47 47 46 42 48 49 50 52 54 63 57 57 56 51 58 59 60 61 63 65 0
0 0 0 7 7 7 10 10 10 10 13 13 13 13 19 18 18 17 17 21 26 24 24 23 22 26 28 34 31 31 30 29 32 34 36 43 39 39 38 37 40 41 43 45 53 48 48 47 46 49 50 51 53 55 64 58 58 57 56 59 60 61 62 64 66 0
0 0 0 8 8 8 11 11 11 11 14 14 14 14 20 19 19 18 18 24 27 25 25 24 23 27 32 35 32 32 31 30 33 35 41 44 40 40 39 38 41 42 44 51 54 49 49 48 47 50 51 52 54 62 65 59 59 58 57 60 61 62 63 65 0 0
0 0 0 9 9 9 12 12 12 12 16 16 15 15 21 22 22 19 19 25 28 29 29 25 24 28 33 36 37 37 32 31 34 36 42 45 46 46 40 39 42 43 45 52 55 56 56 49 48 51 52 53 55 63 66 0 0 59 58 61 62 63 64 66 0 0
0 0 0 10 10 10 13 13 13 13 17 17 16 16 0 23 23 20 20 26 0 30 30 26 25 31 34 0 38 38 33 32 35 40 43 0 47 47 41 40 43 44 50 53 0 57 57 50 49 52 53 54 61 64 0 0 0 60 59 62 63 64 65 0 0 0
0 0 0 0 0 0 14 14 14 14 18 18 17 17 0 24 24 22 21 27 0 31 31 29 26 32 35 0 39 39 37 33 39 41 44 0 48 48 46 41 48 49 51 54 0 58 58 56 50 58 59 60 62 65 0 0 0 0 60 0 0 0 0 0 0 0
0 0 0 0 0 0 0 0 15 15 19 19 18 18 0 25 25 23 22 28 0 32 32 30 27 33 36 0 40 40 38 34 40 42 45 0 49 49 47 42 49 50 52 55 0 59 59 57 51 59 60 61 63 66 0 0 0 0 61 0 0 0 0 0 0 0
0 0 0 0 0 0 0 0 0 0 0 0 19 19 0 0 0 24 23 0 0 0 0 31 29 34 0 0 0 0 39 37 41 43 0 0 0 0 48 46 50 51 53 0 0 0 0 58 56 60 61 62 64 0 0 0 0 0 0 0 0 0 0 0 0 0
0 0 0 0 0 0 0 0 0 0 0 0 20 20 0 0 0 25 24 0 0 0 0 32 30 35 0 0 0 0 40 38 42 44 0 0 0 0 49 47 51 52 54 0 0 0 0 59 57 61 62 63 65 0 0 0 0 0 0 0 0 0 0 0 0 0
0 0 0 0 0 0 0 0 0 0 0 0 0 21 0 0 0 26 25 0 0 0 0 33 31 0 0 0 0 0 41 39 43 0 0 0 0 0 50 48 52 53 0 0 0 0 0 60 58 62 63 64 0 0 0 0 0 0 0 0 0 0 0 0 0 0
0 0 0 0 0 0 0 0 0 0 0 0 0 0 0 0 0 0 26 0 0 0 0 0 32 0 0 0 0 0 0 40 0 0 0 0 0 0 0 49 0 0 0 0 0 0 0 0 59 0 0 0 0 0 0 0 0 0 0 0 0 0 0 0 0 0
0 0 0 0 0 0 0 0 0 0 0 0 0 0 0 0 0 0 27 0 0 0 0 0 33 0 0 0 0 0 0 41 0 0 0 0 0 0 0 50 0 0 0 0 0 0 0 0 60 0 0 0 0 0 0 0 0 0 0 0 0 0 0 0 0 0
0 0 0 0 0 0 0 0 0 0 0 0 0 0 0 0 0 0 0 0 0 0 0 0 34 0 0 0 0 0 0 42 0 0 0 0 0 0 0 51 0 0 0 0 0 0 0 0 61 0 0 0 0 0 0 0 0 0 0 0 0 0 0 0 0 0
# non-zero value of Srr
1.500000000000003E+00 -1.500000000000002E+00 1.181953286447844E-16 -1.936491673103707E+00 1.936491673103708E+00 6.526519683755157E-18 6.106226635438361E-16 -5.377642775528102E-16 2.517560237680572E-15 -1.702186692757727E-16 -1.023486850826316E-15 3.403527459866496E-15 2.251696769440598E-15 -1.122357375155888E-15 -1.910838594978089E-16 -4.163336342344337E-15 3.143318938469974E-15 -3.983924001837900E-15 -4.639502739540252E-16 -2.423690505260417E-15 -1.908539462320159E-15 -1.713906794265085E-15 -3.323730179971562E-15 -6.124126930719308E-16 3.120458939057964E-15 3.159167116266815E-15 -3.046755896039352E-15 8.877738535075141E-15 -3.747002708109903E-16 -1.096345236817342E-15 1.013623194337359E-15 7.769552892938926E-16 2.473961312238709E-14 -1.294699517210610E-14 -1.097034070232007E-15 1.296420904733630E-15 9.020562075079397E-16 5.120903701083535E-15 -2.685369844091484E-15 -5.299847488142306E-15 1.787621621433361E-14 -1.404444746767004E-14 -1.006021106191624E-14 -8.944831912842546E-17 2.745722848987836E-14 1.776356839400250E-15 -8.881784197001252E-16 6.791209474223074E-15 1.779781304201315E-15 -6.052899882003075E-15 -7.131376732065478E-15 3.852446579407666E-15 -1.463035273161449E-14 2.431160942171464E-14 2.608546996454956E-16 -3.497202527569243E-15 7.771561172376096E-16 1.803745509872905E-15 -4.355236060124597E-16 2.046854202470262E-15 -6.592208227562858E-15 -3.129471868609800E-14 -2.889706332904577E-14 3.220245537665715E-15 -7.057864911150079E-15 5.020449817830879E-15
-1.500000000000002E+00 1.500000000000002E+00 -1.181953286448008E-16 1.936491673103709E+00 -1.936491673103709E+00 1.542473124146285E-15 4.302114220422482E-16 -5.655198531684391E-16 5.012922913880665E-16 3.022537744650640E-15 -6.383782391594650E-16 -1.977584762613560E-15 -1.231679365566236E-15 3.847770586241326E-15 1.867548409362466E-15 1.221245327087672E-15 -1.179611963664229E-16 -9.496295638401357E-16 -3.517240103412745E-15 4.086978610597587E-15 1.201208717847698E-15 2.171873791922962E-15 3.060052211623088E-15 -2.704378592995719E-15 -7.357521029131317E-15 1.167226428438269E-16 -2.938670855157702E-16 -1.058569197610515E-15 1.609823385706477E-15 -1.249000902703301E-16 -8.381141121379430E-17 4.269428030340093E-16 -1.217782991153553E-14 -2.226326140402011E-15 2.830598143392480E-15 5.772954289725637E-15 -9.020562075079397E-16 -5.093148125467906E-15 8.014440362292237E-15 9.422221164885635E-16 -1.441067239020094E-14 -4.831390382558189E-15 4.486079936031185E-15 1.049492888782863E-14 -1.152956200761948E-14 -3.538835890992686E-15 2.539635168830046E-15 -2.408936289346438E-16 -2.723470875132692E-15 -4.393027268401353E-16 2.416994635555376E-15 -1.390308372757713E-14 1.018965918293064E-14 -5.840569986635239E-15 -2.403799086192898E-15 -3.080868893334809E-15 5.717648576819556E-15 -1.304145148791577E-15 -4.526548136876878E-16 -7.362046932863207E-15 -2.048774666929356E-15 -2.268131756565346E-15 5.001356474586913E-16 -1.563610804578107E-15 1.574790146005304E-15 -3.645345863846344E-15
1.181953286447853E-16 -1.181953286448016E-16 1.124126710367337E-29 -4.899608621484956E-16 4.899608621485009E-16 -7.502491487511885E-18 -9.236703245997241E-17 9.236703245997073E-17 2.044293189118839E-16 5.381801673960552E-16 1.079340711129119E-15 -1.079340711129116E-15 6.109422277569237E-16 2.125808920785005E-15 8.483237234602965E-16 1.686856514405598E-15 -1.686856514405596E-15 1.880262298029383E-15 6.051734064857239E-15 7.832707794087374E-16 -4.458694822310278E-16 3.882589518979622E-16 -3.882589518979736E-16 3.262529895078464E-15 5.529756525541682E-15 -9.999212568266100E-16 -6.256107707912929E-17 4.243188511445017E-16 -6.633407137862946E-16 6.633407137862611E-16 3.259195731931124E-15 1.764661385832532E-15 -4.124120512897306E-15 3.196806801330316E-15 3.545602071973787E-15 -1.338576755071420E-15 -9.396647584393206E-16 9.396647584393356E-16 1.561663190061536E-15 5.991248831565935E-17 -1.807068838854709E-15 7.296473396190747E-15 6.727352349509653E-15 -5.628384440342741E-16 -2.017565108600065E-15 -3.235054787074171E-16 3.235054787074629E-16 7.492913402215720E-16 3.772239488796816E-15 7.959075427621736E-16 9.067456717253177E-15 4.378738194616335E-15 4.704493321090859E-15 -9.113641193213348E-16 -1.362204669710078E-15 2.546045149148734E-15 -2.546045149148744E-15 1.014890905117427E-15 1.163682391474138E-14 -1.244996636129439E-15 5.376626781631002E-15 2.273467217042337E-15 6.387167314854452E-15 3.596183571403538E-15 -1.852572027040978E-15 -4.374326106144665E-16
-1.936491673103708E+00 1.936491673103709E+00 -4.899608621484924E-16 3.749999999999999E+00 -3.749999999999998E+00 -1.685031299458370E-16 1.984313483298446E+00 -1.984313483298444E+00 -1.936401429342804E-15 4.116171226958420E-15 1.301042606982605E-15 -4.940492459581947E-15 -9.474934232927272E-16 7.325493263216270E-15 5.322301512245447E-15 2.442490654175344E-15 -1.228184220991579E-15 1.654244649595008E-15 3.221023295789464E-15 7.730333447966712E-15 1.846802479316355E-15 5.009881398621019E-15 1.422473250300982E-15 -3.390180609257094E-15 -3.756333012444138E-15 4.115815038798300E-15 3.444925621272460E-15 3.196469395194558E-15 3.760880495917718E-15 -3.899658373995862E-15 -2.721074474339855E-15 1.377563953741874E-15 -4.521416950733988E-15 9.834742925432642E-15 5.454293595371786E-15 7.317969416781265E-15 3.080868893334809E-15 -8.604228440844963E-15 3.890628911920353E-15 5.291916381537124E-15 -4.572323023969670E-15 7.353867011067040E-15 -7.092966655814207E-15 1.563699665665359E-14 -1.006165070727248E-14 -4.871103520542874E-15 5.620504062164855E-15 -6.442713545457461E-15 -5.873706423215032E-16 9.916524972148079E-15 1.230090716173199E-14 -3.492671191774011E-14 2.633157508726841E-14 -4.762707674475793E-15 9.377561477382286E-15 -6.009082120783660E-15 7.646661082105766E-15 5.576737440081214E-16 6.853169821605002E-15 -8.654664654931792E-15 5.359920746887012E-15 -3.142811482143753E-14 1.718248489428239E-14 4.550430775424460E-16 1.861311815541028E-14 9.333838624415822E-16
1.936491673103709E+00 -1.936491673103709E+00 4.899608621484977E-16 -3.749999999999999E+00 3.749999999999999E+00 -9.658430122686883E-17 -1.984313483298444E+00 1.984313483298444E+00 1.945075046722688E-15 -3.738001509195476E-15 -9.263423361716150E-16 4.374972606413507E-15 8.711655903497481E-16 -4.254382189433831E-15 -6.187726932916427E-15 -1.408595462493167E-15 1.353084311261910E-16 -4.055101940346910E-15 3.091201752421142E-15 -8.451233024979479E-15 -2.152312387374846E-15 -2.615963001773025E-15 -3.920475055707584E-15 2.529757765172596E-15 5.076457577662489E-15 -6.593813314122545E-15 3.582650173935544E-16 -7.058150239671995E-15 -1.977584762613560E-15 2.060851489460447E-15 4.969276099205798E-15 -8.139516063099467E-15 -5.182409333445775E-15 5.000859574741607E-15 -1.148562936279240E-14 -8.053261797382715E-15 -3.691491556878645E-15 9.256484467812243E-15 -3.224495097145259E-15 -1.250836604160064E-14 -7.372982831606625E-15 5.360077233815372E-16 -4.161125587349360E-16 -2.014713223779129E-14 3.753756338965513E-16 3.358424649491099E-15 -4.246603069191224E-15 5.887602033144881E-15 -4.436388544107333E-15 -1.638183936711364E-14 -1.526863955836793E-14 2.380884883141402E-14 -3.860344488712859E-14 -8.036778816914183E-15 -8.023496010835827E-15 8.326672684688674E-15 -1.001976279724204E-14 5.525492806170325E-16 -5.909480250673611E-15 7.481991585171472E-15 3.790528748456145E-15 1.887209821089089E-14 -3.289172141141946E-14 -7.372605314459370E-15 -1.459587408586811E-14 -3.556520373010148E-15
-2.239205347398085E-17 1.697701250398579E-15 -7.502491487509879E-18 9.604154408896702E-18 -3.365995296305235E-16 3.749999999999997E+00 -3.734871418616369E-15 3.301190549622168E-15 3.968626966596881E+00 5.788284348356985E-15 4.734465469388892E-16 7.270359049821574E-15 -3.892719480091954E-15 8.906666636859793E-15 1.561426887715676E-16 -4.968158885636594E-16 -1.626485646031952E-15 9.141992718397738E-16 -8.706143445058628E-16 -3.780697678751698E-16 1.004638686918900E-15 -5.038653269070791E-15 -1.173959219057689E-14 -3.715777685542326E-15 -9.370976217226710E-15 1.194080641656048E-14 7.896118320181898E-15 -1.526589830125643E-14 5.139742614907712E-15 1.986501424405002E-15 -3.698430450782549E-15 1.386911419043458E-14 -1.678724433767936E-15 6.719348893209534E-15 -1.888170077406111E-14 5.599254737282220E-15 -2.756920834768232E-15 4.450010947321605E-15 1.285083151003619E-14 6.591949208711870E-15 -3.032795369006802E-14 1.407640009328668E-15 -2.645516664223041E-14 5.752375636841644E-15 -3.000497952306329E-14 -7.048886620862346E-15 4.877012828939394E-15 1.304512053934551E-15 -1.173366959150713E-14 2.112893193739762E-15 2.942082883740372E-14 -3.411001382131535E-14 3.675834566438973E-15 -4.614319195091132E-14 -1.890637814809073E-14 8.217383391717490E-15 -8.222572136283553E-16 -5.176414852314801E-15 6.120104423246201E-15 6.787972961497256E-15 3.506195984590010E-14 -2.979872072835992E-15 5.894385495275077E-15 -3.854657502195191E-14 -1.115728450475292E-14 0.000000000000000E+00
0.000000000000000E+00 0.000000000000000E+00 0.000000000000000E+00 1.984313483298445E+00 -1.984313483298444E+00 -3.459493314992382E-15 5.250000000000003E+00 -5.250000000000000E+00 -3.832007628641449E-15 -6.569421722424177E-15 2.598076211353317E+00 -2.598076211353318E+00 2.196904541498498E-15 -1.231005861621742E-14 -6.222213318197441E-15 3.830269434956790E-15 -6.002143226879753E-15 2.890186681420993E-15 -5.863350237200671E-15 -1.015705501631203E-14 -2.604422411296921E-15 1.095651347426951E-14 -1.335737076502141E-14 -4.668446533841134E-15 -5.466916046361966E-16 6.832266556663238E-16 -2.888608443721582E-15 -3.511094843878344E-15 7.771561172376096E-15 -1.536271110325060E-14 -3.479934960207190E-15 -1.301240079928206E-14 1.967526425145008E-14 -5.792948395324508E-15 -5.410842025959700E-15 -4.325086135535395E-15 1.353084311261910E-14 -3.677613769070831E-15 -5.433651058808557E-15 3.021406238713181E-16 2.738715530952177E-14 -8.699636596200585E-15 -4.285803834752707E-15 -1.037762012064990E-14 8.054879918195720E-15 4.024558464266192E-15 5.148659276699163E-15 -6.259059971866780E-15 9.116089250573688E-15 7.613430814081646E-15 -5.140554140904596E-15 1.301261487456484E-14 -8.135507306045142E-15 -1.066750787551511E-14 -6.540634821811359E-15 -8.326672684688674E-17 -5.495603971894525E-15 4.518051704427922E-15 9.767476402477885E-15 -2.473749966794322E-16 -2.128419227704646E-15 -4.278097818053734E-15 -6.741146208959278E-15 -1.806779666447659E-14 -2.063129628609855E-14 0.000000000000000E+00
0.000000000000000E+00 0.000000000000000E+00 0.000000000000000E+00 -1.984313483298444E+00 1.984313483298443E+00 2.962061358256032E-15 -5.250000000000000E+00 5.249999999999996E+00 5.086212701772681E-15 7.011505158255140E-15 -2.598076211353317E+00 2.598076211353318E+00 5.925308078722084E-16 9.330454205792760E-15 4.561405325329833E-15 -5.460909502374989E-15 7.299716386910404E-15 -7.691901262924795E-15 -8.141072384360093E-15 8.777705907421661E-15 8.167375561014411E-15 -9.096889908022376E-15 1.149774719877428E-14 -3.158625789766220E-15 -1.707116001738426E-14 7.399175279561365E-15 8.981975424954727E-15 5.370231666383623E-16 -4.829470157119431E-15 1.258715354168771E-14 -1.016468289524693E-15 1.618737009066391E-15 -9.328939759855406E-15 -3.054629223134828E-15 7.980888271634576E-15 -2.412136861816361E-15 -1.025568518997488E-14 4.996003610813204E-16 4.767517244033463E-15 -1.123783741642911E-14 -2.668632702522714E-14 -2.096662850799953E-14 2.238264920031368E-14 1.698900032311867E-15 -7.344239498516074E-15 -1.471045507628332E-15 -7.577272143066693E-15 1.103301897775495E-14 -1.572191624709337E-14 -1.333107939090120E-14 -1.836364791597416E-14 2.115619616230065E-14 1.267088587687243E-14 8.587466852773456E-15 -4.269698859111477E-16 1.026956297778270E-15 4.746203430272544E-15 -7.715960592729716E-17 -1.440803717789208E-15 -3.222071955274181E-15 -9.668134089806637E-15 5.179545353663025E-14 8.800251539998960E-15 1.682488082661403E-14 0.000000000000000E+00 0.000000000000000E+00
0.000000000000000E+00 0.000000000000000E+00 0.000000000000000E+00 -1.702498391342628E-15 1.730253966958258E-15 3.968626966596881E+00 -4.320962754273786E-15 5.700067917675348E-15 6.999999999999992E+00 7.782660692116915E-15 1.982260159479450E-16 9.981131341083955E-15 4.472135954999573E+00 1.173001040917498E-14 1.605782403273363E-15 2.934151488530400E-15 -3.988863361924298E-15 3.030561912531478E-15 -4.394271405083753E-15 1.601217530962371E-15 3.339856840254333E-15 -5.465636011165259E-15 -2.027072147842665E-14 -5.172945405362845E-15 -7.869139367899790E-15 1.614282844767181E-14 1.119080088165591E-14 -1.085427012939712E-14 7.194601262446089E-15 4.428046026598509E-15 -9.547918011776342E-15 2.522374670244077E-14 -5.311506443006542E-16 5.517879244341407E-15 -2.520199404601360E-14 1.863710705151639E-15 -2.915257015597978E-15 4.889372331259594E-15 2.157996004115148E-14 1.093222734560584E-14 -3.402421573650560E-14 -1.885048107191919E-15 -3.944010617888785E-14 9.022655100109515E-15 -2.098678632995551E-14 -1.310463911642449E-14 7.921285370205803E-15 4.413136522884989E-15 -1.392289061818986E-14 1.637188648540012E-14 2.996638581807127E-14 -3.290735726752988E-14 2.585621905896944E-14 -4.741266821295967E-14 -2.104939778664689E-14 0.000000000000000E+00 0.000000000000000E+00 -5.329070518200761E-15 4.225786387479530E-15 2.581875685470082E-14 2.178522661745729E-14 9.045552088122244E-15 2.433510768210583E-15 -6.119726033248975E-14 0.000000000000000E+00 0.000000000000000E+00
0.000000000000000E+00 0.000000000000000E+00 0.000000000000000E+00 4.635181127810029E-15 -3.847616669716558E-15 5.723136781834719E-15 -7.251144129583054E-15 7.577272143066693E-15 7.761822973678965E-15 1.399999999999998E+01 3.760880495917718E-15 1.056099652174680E-14 -7.182764801989013E-15 1.341640786499872E+01 0.000000000000000E+00 -2.053912595556540E-15 -3.358424649491099E-15 -9.514139360901516E-15 -3.629563371321881E-15 1.731279484649044E-15 0.000000000000000E+00 -5.051514762044462E-15 -1.962319196024964E-14 1.406839410807762E-14 -1.727204475558994E-14 8.940688154628523E-15 -3.623692419739388E-15 0.000000000000000E+00 2.026157019940911E-15 -5.107025913275720E-15 1.035509646938929E-15 -2.303178568272320E-14 -9.314659469857394E-15 7.071682305930632E-16 1.642294493390084E-14 0.000000000000000E+00 -3.552713678800501E-15 2.176037128265307E-14 -1.559101928248526E-14 -1.307332387346504E-14 -1.161106943396045E-14 -1.679249429815586E-14 3.297271881564170E-14 -5.147679628687015E-14 0.000000000000000E+00 -1.387778780781446E-15 7.716050021144838E-15 7.111070106506128E-15 -6.470782766635094E-15 4.219637284662374E-15 -3.112977689434944E-14 1.284901668968862E-14 -3.761411136162224E-14 -1.093677465248490E-15 0.000000000000000E+00 0.000000000000000E+00 0.000000000000000E+00 -1.351476830473964E-15 1.000015504356894E-14 1.140009912096323E-14 1.528537033670789E-15 -4.673714046955546E-14 2.456898241423335E-15 0.000000000000000E+00 0.000000000000000E+00 0.000000000000000E+00
0.000000000000000E+00 0.000000000000000E+00 0.000000000000000E+00 0.000000000000000E+00 0.000000000000000E+00 0.000000000000000E+00 2.598076211353316E+00 -2.598076211353316E+00 9.964405954582548E-16 3.320036670257618E-15 5.624999999999992E+00 -5.624999999999996E+00 3.896539287260994E-15 -7.077936966770441E-15 0.000000000000000E+00 2.781074432660876E+00 -2.781074432660877E+00 8.898717320764270E-15 -2.978735922050283E-14 -1.345546572887588E-15 0.000000000000000E+00 1.645905634006795E-14 -1.415534356397075E-14 8.813944109625337E-16 -1.562436221734544E-14 1.816951207268124E-15 -1.152552546933641E-15 0.000000000000000E+00 3.802513859341161E-15 -9.992007221626409E-15 -1.116229579538732E-17 -4.058832895232666E-16 -1.504347619069265E-14 -2.521901028832972E-14 3.907885838529537E-15 0.000000000000000E+00 7.327471962526033E-15 1.665334536937735E-15 6.867146287224119E-16 -5.205832435696940E-15 -1.735357402622457E-14 -4.708782512281152E-14 8.044831618513918E-15 6.088686694643507E-15 0.000000000000000E+00 9.325873406851315E-15 -3.386180225106727E-15 -7.994526988950566E-15 1.187386554809156E-14 -1.347571009283517E-14 -1.414418170418501E-14 -1.611042041908919E-15 6.653300126918240E-16 -1.019006705450547E-14 0.000000000000000E+00 0.000000000000000E+00 0.000000000000000E+00 0.000000000000000E+00 1.893359301103814E-14 0.000000000000000E+00 0.000000000000000E+00 0.000000000000000E+00 0.000000000000000E+00 0.000000000000000E+00 0.000000000000000E+00 0.000000000000000E+00
0.000000000000000E+00 0.000000000000000E+00 0.000000000000000E+00 0.000000000000000E+00 0.000000000000000E+00 0.000000000000000E+00 0.000000000000000E+00 0.000000000000000E+00 8.940055474936897E-15 1.093109615565222E-14 -5.624999999999994E+00 5.624999999999997E+00 -4.590428677651716E-15 2.060747903678255E-14 0.000000000000000E+00 -2.781074432660879E+00 2.781074432660879E+00 -7.955027749832888E-15 6.942785765364259E-15 2.728958298861910E-14 0.000000000000000E+00 -1.579292252529285E-14 1.396105453466134E-14 1.061495882131488E-15 -6.281725837289675E-15 1.345232849003097E-15 1.748007822282015E-14 0.000000000000000E+00 -1.665334536937735E-15 8.520961713998076E-15 -9.536755715980957E-15 2.978516007866647E-14 -3.859070423955828E-14 3.998924053280484E-15 3.888340074056802E-14 0.000000000000000E+00 -2.275957200481571E-15 -6.883382752675971E-15 -4.350450609985429E-15 1.447619469131700E-14 -4.861294807134423E-15 -3.680117956097327E-14 -2.132935516999372E-15 7.060689559707754E-16 0.000000000000000E+00 -5.995204332975845E-15 -5.551115123125783E-17 7.550437779100498E-15 -2.142178355986791E-14 2.403670661458197E-14 -2.009644078594870E-14 -9.053597144772833E-14 2.489646748605858E-14 -1.769070860886810E-15 0.000000000000000E+00 0.000000000000000E+00 0.000000000000000E+00 0.000000000000000E+00 -1.293838867806228E-14 0.000000000000000E+00 0.000000000000000E+00 0.000000000000000E+00 0.000000000000000E+00 0.000000000000000E+00 0.000000000000000E+00 0.000000000000000E+00
0.000000000000000E+00 0.000000000000000E+00 0.000000000000000E+00 0.000000000000000E+00 0.000000000000000E+00 0.000000000000000E+00 0.000000000000000E+00 0.000000000000000E+00 0.000000000000000E+00 0.000000000000000E+00 0.000000000000000E+00 0.000000000000000E+00 1.249999999999999E+01 -1.278621306055605E-14 0.000000000000000E+00 0.000000000000000E+00 0.000000000000000E+00 6.755037451669045E+00 -1.162958618294851E-14 0.000000000000000E+00 0.000000000000000E+00 0.000000000000000E+00 0.000000000000000E+00 -2.706168622523817E-15 2.961172973492409E-15 -2.550802451206646E-14 0.000000000000000E+00 0.000000000000000E+00 0.000000000000000E+00 0.000000000000000E+00 -1.734723475976807E-14 -2.484124017598789E-15 -3.831917422258968E-14 -2.694112633178959E-14 0.000000000000000E+00 0.000000000000000E+00 0.000000000000000E+00 0.000000000000000E+00 1.981748098955904E-14 -6.376843497690744E-15 -1.983526190518781E-14 -6.060134490580572E-15 -1.846858292688070E-14 0.000000000000000E+00 0.000000000000000E+00 0.000000000000000E+00 0.000000000000000E+00 2.359223927328458E-14 -5.856426454897698E-15 1.160530005428484E-14 -2.192685052623822E-14 -1.481092843042074E-14 2.738224786906472E-14 0.000000000000000E+00 0.000000000000000E+00 0.000000000000000E+00 0.000000000000000E+00 0.000000000000000E+00 0.000000000000000E+00 0.000000000000000E+00 0.000000000000000E+00 0.000000000000000E+00 0.000000000000000E+00 0.000000000000000E+00 0.000000000000000E+00 0.000000000000000E+00
0.000000000000000E+00 0.000000000000000E+00 0.000000000000000E+00 0.000000000000000E+00 0.000000000000000E+00 0.000000000000000E+00 0.000000000000000E+00 0.000000000000000E+00 0.000000000000000E+00 0.000000000000000E+00 0.000000000000000E+00 0.000000000000000E+00 -1.238114093762495E-14 2.249999999999997E+01 0.000000000000000E+00 0.000000000000000E+00 0.000000000000000E+00 -1.302470927410398E-14 1.436140661634506E+01 0.000000000000000E+00 0.000000000000000E+00 0.000000000000000E+00 0.000000000000000E+00 1.731591903635615E-14 -1.000101299242045E-14 -4.167068202958497E-15 0.000000000000000E+00 0.000000000000000E+00 0.000000000000000E+00 0.000000000000000E+00 -6.634947351567338E-15 -1.757102124120705E-14 -1.747068374872565E-14 -2.763555825345321E-14 0.000000000000000E+00 0.000000000000000E+00 0.000000000000000E+00 0.000000000000000E+00 -2.571063576569107E-14 3.591615084786753E-15 1.187508982510221E-15 -2.259393865911111E-14 1.753487200297575E-14 0.000000000000000E+00 0.000000000000000E+00 0.000000000000000E+00 0.000000000000000E+00 7.893650630247634E-15 2.121870014538530E-14 -1.478677974255255E-14 -4.682139640558085E-14 -2.806382877419134E-14 -9.860734224203917E-14 0.000000000000000E+00 0.000000000000000E+00 0.000000000000000E+00 0.000000000000000E+00 0.000000000000000E+00 0.000000000000000E+00 0.000000000000000E+00 0.000000000000000E+00 0.000000000000000E+00 0.000000000000000E+00 0.000000000000000E+00 0.000000000000000E+00 0.000000000000000E+00
0.000000000000000E+00 0.000000000000000E+00 0.000000000000000E+00 0.000000000000000E+00 0.000000000000000E+00 0.000000000000000E+00 0.000000000000000E+00 0.000000000000000E+00 0.000000000000000E+00 0.000000000000000E+00 0.000000000000000E+00 0.000000000000000E+00 0.000000000000000E+00 -1.579839774626391E-14 0.000000000000000E+00 0.000000000000000E+00 0.000000000000000E+00 -1.637578961322110E-15 -6.808789643208997E-16 0.000000000000000E+00 0.000000000000000E+00 0.000000000000000E+00 0.000000000000000E+00 5.898059818321138E-15 9.099491993236343E-15 0.000000000000000E+00 0.000000000000000E+00 0.000000000000000E+00 0.000000000000000E+00 0.000000000000000E+00 -1.035282970462958E-14 8.260753192601559E-15 -2.272693751942390E-14 0.000000000000000E+00 0.000000000000000E+00 0.000000000000000E+00 0.000000000000000E+00 0.000000000000000E+00 3.885780586188040E-16 1.772887392448297E-14 -3.940207535246820E-14 -1.063912684080154E-14 0.000000000000000E+00 0.000000000000000E+00 0.000000000000000E+00 0.000000000000000E+00 0.000000000000000E+00 -4.996003610813287E-16 1.865174681370262E-14 -4.490331717565953E-15 -4.389181075883929E-14 -1.059794731763123E-13 0.000000000000000E+00 0.000000000000000E+00 0.000000000000000E+00 0.000000000000000E+00 0.000000000000000E+00 0.000000000000000E+00 0.000000000000000E+00 0.000000000000000E+00 0.000000000000000E+00 0.000000000000000E+00 0.000000000000000E+00 0.000000000000000E+00 0.000000000000000E+00 0.000000000000000E+00
0.000000000000000E+00 0.000000000000000E+00 0.000000000000000E+00 0.000000000000000E+00 0.000000000000000E+00 0.000000000000000E+00 0.000000000000000E+00 0.000000000000000E+00 0.000000000000000E+00 0.000000000000000E+00 0.000000000000000E+00 0.000000000000000E+00 0.000000000000000E+00 0.000000000000000E+00 0.000000000000000E+00 0.000000000000000E+00 0.000000000000000E+00 0.000000000000000E+00 2.146759975916430E-15 0.000000000000000E+00 0.000000000000000E+00 0.000000000000000E+00 0.000000000000000E+00 0.000000000000000E+00 -3.197059711420918E-15 0.000000000000000E+00 0.000000000000000E+00 0.000000000000000E+00 0.000000000000000E+00 0.000000000000000E+00 0.000000000000000E+00 -4.309375184714173E-15 0.000000000000000E+00 0.000000000000000E+00 0.000000000000000E+00 0.000000000000000E+00 0.000000000000000E+00 0.000000000000000E+00 0.000000000000000E+00 1.133227111037412E-14 0.000000000000000E+00 0.000000000000000E+00 0.000000000000000E+00 0.000000000000000E+00 0.000000000000000E+00 0.000000000000000E+00 0.000000000000000E+00 0.000000000000000E+00 1.342680003379389E-14 0.000000000000000E+00 0.000000000000000E+00 0.000000000000000E+00 0.000000000000000E+00 0.000000000000000E+00 0.000000000000000E+00 0.000000000000000E+00 0.000000000000000E+00 0.000000000000000E+00 0.000000000000000E+00 0.000000000000000E+00 0.000000000000000E+00 0.000000000000000E+00 0.000000000000000E+00 0.000000000000000E+00 0.000000000000000E+00 0.000000000000000E+00
0.000000000000000E+00 0.000000000000000E+00 0.000000000000000E+00 0.000000000000000E+00 0.000000000000000E+00 0.000000000000000E+00 0.000000000000000E+00 0.000000000000000E+00 0.000000000000000E+00 0.000000000000000E+00 0.000000000000000E+00 0.000000000000000E+00 0.000000000000000E+00 0.000000000000000E+00 0.000000000000000E+00 0.000000000000000E+00 0.000000000000000E+00 0.000000000000000E+00 7.359524672436476E-15 0.000000000000000E+00 0.000000000000000E+00 0.000000000000000E+00 0.000000000000000E+00 0.000000000000000E+00 1.166251027418773E-14 0.000000000000000E+00 0.000000000000000E+00 0.000000000000000E+00 0.000000000000000E+00 0.000000000000000E+00 0.000000000000000E+00 2.088929135463857E-15 0.000000000000000E+00 0.000000000000000E+00 0.000000000000000E+00 0.000000000000000E+00 0.000000000000000E+00 0.000000000000000E+00 0.000000000000000E+00 3.211650512215431E-15 0.000000000000000E+00 0.000000000000000E+00 0.000000000000000E+00 0.000000000000000E+00 0.000000000000000E+00 0.000000000000000E+00 0.000000000000000E+00 0.000000000000000E+00 1.943580149511075E-14 0.000000000000000E+00 0.000000000000000E+00 0.000000000000000E+00 0.000000000000000E+00 0.000000000000000E+00 0.000000000000000E+00 0.000000000000000E+00 0.000000000000000E+00 0.000000000000000E+00 0.000000000000000E+00 0.000000000000000E+00 0.000000000000000E+00 0.000000000000000E+00 0.000000000000000E+00 0.000000000000000E+00 0.000000000000000E+00 0.000000000000000E+00
0.000000000000000E+00 0.000000000000000E+00 0.000000000000000E+00 0.000000000000000E+00 0.000000000000000E+00 0.000000000000000E+00 0.000000000000000E+00 0.000000000000000E+00 0.000000000000000E+00 0.000000000000000E+00 0.000000000000000E+00 0.000000000000000E+00 0.000000000000000E+00 0.000000000000000E+00 0.000000000000000E+00 0.000000000000000E+00 0.000000000000000E+00 0.000000000000000E+00 0.000000000000000E+00 0.000000000000000E+00 0.000000000000000E+00 0.000000000000000E+00 0.000000000000000E+00 0.000000000000000E+00 4.569261635722908E-15 0.000000000000000E+00 0.000000000000000E+00 0.000000000000000E+00 0.000000000000000E+00 0.000000000000000E+00 0.000000000000000E+00 -1.473821065189896E-14 0.000000000000000E+00 0.000000000000000E+00 0.000000000000000E+00 0.000000000000000E+00 0.000000000000000E+00 0.000000000000000E+00 0.000000000000000E+00 -1.826316875508383E-14 0.000000000000000E+00 0.000000000000000E+00 0.000000000000000E+00 0.000000000000000E+00 0.000000000000000E+00 0.000000000000000E+00 0.000000000000000E+00 0.000000000000000E+00 -7.743805596760454E-15 0.000000000000000E+00 0.000000000000000E+00 0.000000000000000E+00 0.000000000000000E+00 0.000000000000000E+00 0.000000000000000E+00 0.000000000000000E+00 0.000000000000000E+00 0.000000000000000E+00 0.000000000000000E+00 0.000000000000000E+00 0.000000000000000E+00 0.000000000000000E+00 0.000000000000000E+00 0.000000000000000E+00 0.000000000000000E+00 0.000000000000000E+00
# non-zero value of Srs
3.000000000000001E+00 -1.500000000000001E+00 -1.500000000000000E+00 -3.872983346207418E+00 1.936491673103707E+00 1.936491673103710E+00 -3.297073303733404E-16 1.799775606325937E-15 5.107170077631193E-16 -7.476181768539256E-15 1.229932584113430E-15 8.034371778986582E-15 -1.053285282939174E-15 -3.813827967892024E-15 1.840132557645775E-15 1.729796593016253E-17 -3.864096542738338E-16 -2.782766387918896E-15 1.342062717894398E-15 3.758962330436484E-15 -4.089063415294709E-15 -1.321047374837643E-14 -1.130519289294085E-14 9.775193818558096E-15 -5.409890795654440E-15 -5.077538273359642E-15 -7.451961620984204E-15 -3.011348506941706E-15 1.159783333922438E-14 6.912873051767576E-15 -1.007853357842453E-14 8.601210003759775E-15 -2.678303242609748E-16 -2.831401783695303E-14 -4.135554175009466E-15 -6.205004232879162E-15 -1.189752133156698E-14 -3.231789835744792E-15 -6.612586450506059E-15 -8.115194154708853E-15 2.139758031878969E-14 -5.228790285298006E-15 1.960094947537863E-15 -6.464394664426055E-15 2.497873728618691E-14 1.217531512276084E-14 6.897260540483785E-15 -4.333172000421514E-15 1.857506407244696E-14 -7.265017429488294E-15 -3.537724362350031E-14 -9.481271918321985E-15 -1.343318743024507E-14 2.187384097097250E-14 1.180615520995757E-14 1.871928798967287E-14 1.425595752557740E-14 -1.403387248256278E-14 -2.308521664563991E-15 2.174691286069453E-14 -1.285953576183861E-14 -5.765352299537792E-14 -2.605265461981199E-14 -1.648119607906920E-14 -9.074990526872397E-16 3.942031974345508E-15
-1.500000000000001E+00 3.433388021236029E-16 1.500000000000000E+00 1.936491673103710E+00 -8.249149684722679E-16 -1.936491673103708E+00 1.779246485145046E-15 1.721318518879398E-15 1.496706508567271E-15 6.580055566643671E-15 5.796121715700487E-16 -4.105451276138753E-15 -1.204584625236286E-17 5.546373066194632E-15 5.721626057600453E-15 5.874626936479364E-16 3.242422329269445E-15 -7.901466386490524E-15 -7.279576105072215E-15 4.548273729764071E-15 6.126668239223789E-15 -2.064980987277849E-15 -3.367618460668519E-15 3.948623182050684E-15 -6.911494133968827E-15 -6.036854738320212E-15 7.786765590686444E-15 4.073477540426381E-15 3.294482322480017E-15 2.836558262778586E-15 -2.259663178424097E-15 -8.969578287323706E-15 -1.880246250925286E-14 3.745252591378281E-15 7.339650871706128E-15 -2.631077496070204E-15 -4.942947896631225E-15 3.481363739700869E-15 5.534005983218003E-15 -4.149269018527765E-15 -1.950640000601746E-14 -2.104273043946445E-14 -3.523804663023896E-15 4.578856581206704E-15 2.485935978189602E-15 1.165268779965302E-14 1.284752080668784E-14 -1.042325874505525E-14 1.656695727382239E-15 -6.421657153592184E-15 -1.603429819746418E-14 -1.659585986197756E-14 3.966424188529098E-15 -5.794799603359942E-16 2.654914520972585E-15 -1.379855058432195E-14 -2.261144741336236E-14 1.622455003733490E-14 3.462844948005126E-15 -7.868595636140182E-15 -3.302586970472553E-15 2.377935458734650E-15 -9.969109685895984E-15 -1.743063833795106E-15 -1.463707638903465E-15 -3.510456796877007E-15
-1.500000000000000E+00 1.500000000000000E+00 -2.363906572895963E-16 1.936491673103707E+00 -1.936491673103706E+00 1.219019483905128E-15 -1.224532109599479E-15 -1.103093633404561E-15 1.169066292599169E-15 3.143309277969207E-15 -4.960759669300079E-16 -2.501938098202990E-15 2.257376427666249E-15 6.093773120501366E-15 -1.997995184559804E-15 -6.329702005331237E-16 -1.259096476739582E-15 7.731273773807125E-15 6.098095323138740E-15 -3.239753308279049E-15 3.505868239472954E-15 7.146938275256925E-15 9.076664348159643E-15 -6.482954926854914E-15 5.429297512790164E-15 4.487517414469106E-15 -3.008470449516932E-15 3.098258193242915E-15 -3.778737210270836E-15 -1.861179280491658E-15 5.348130212739130E-15 4.341919197692230E-15 3.722159857530859E-15 -1.885909100903717E-15 6.668277532128928E-15 1.054619952539981E-14 5.636125443781352E-15 -5.786571947630738E-16 2.623589917889357E-15 3.984387665054899E-15 -4.906940880151075E-15 4.305644411014722E-15 8.607798406492997E-15 1.410631629109154E-14 -1.187358251981964E-14 -1.333591401095488E-14 -6.306512725201342E-15 1.350367022683554E-14 -9.420123687437945E-15 -4.226614542958594E-16 1.918765376185071E-14 4.899402801992823E-15 1.692012553576193E-14 -5.427747351544164E-15 9.768835076236407E-15 -2.465368722587257E-15 -2.213107880588252E-15 3.749250005686079E-15 1.299908825747832E-14 -2.728966055644191E-15 4.696544374554535E-15 1.719172240394281E-14 1.415231625255555E-14 7.667343336968042E-15 7.349844208346465E-15 5.302879462397093E-16
-3.872983346207418E+00 1.936491673103710E+00 1.936491673103707E+00 3.750000000000001E+00 -3.750000000000004E+00 -3.749999999999997E+00 1.984313483298449E+00 1.984313483298438E+00 -3.968626966596886E+00 9.111523066793961E-15 3.199667296673211E-16 -6.855082809345455E-15 -2.808274255688113E-15 9.261852511929024E-15 7.895106369599289E-15 -3.727232042352616E-15 2.057450266984855E-15 1.099808385680973E-16 -6.387253301240600E-15 8.543414921730334E-15 1.107931193856181E-14 7.745334995702941E-15 1.207557031763968E-14 -1.535702245346426E-15 -6.805225770803014E-15 -3.335578636959891E-15 5.159503890230853E-15 1.426901419592045E-14 -1.281798904343033E-15 -6.367354148375207E-15 6.087395933800061E-15 -1.200237478155968E-15 -1.242559782130085E-14 -3.384499744230798E-16 1.756985320892334E-14 1.270252805482399E-14 1.224613777643094E-14 2.063762820964492E-15 -4.892579275022595E-15 4.091343283577250E-15 -1.432882593170626E-14 -1.910464921356166E-14 7.475345898082857E-15 1.795404633862533E-14 1.017977863486669E-14 -5.095155598630777E-15 4.513162762097859E-16 9.466070489544177E-16 -1.058540848258322E-14 1.219468238677432E-14 -2.287947860547026E-14 -1.507869124388240E-14 1.576379074255111E-14 2.141980959557382E-14 1.958011745822106E-14 -1.210891871266162E-14 -5.018260227484459E-15 6.930954253865928E-15 -2.259770631579317E-15 -4.878633473406116E-15 -4.092989482806412E-15 -1.240871644711199E-14 5.049490460543795E-16 3.001062110483164E-14 2.785322375795354E-14 1.614604477469917E-14
1.936491673103707E+00 -8.249149684722679E-16 -1.936491673103706E+00 -3.750000000000004E+00 3.750000000000004E+00 3.750000000000000E+00 -5.952940449895335E+00 1.984313483298446E+00 3.968626966596886E+00 -3.653664919479204E-15 7.376702229636448E-16 6.994405055138486E-15 5.195136460235608E-15 -4.497404345919634E-15 -1.250154657344339E-14 2.265659289365794E-15 -6.841749389252527E-15 1.107416963623673E-14 7.752748541530515E-15 -1.038550813790478E-14 -3.238982301300917E-15 -7.703861833644629E-15 -3.254341240932490E-15 -3.466796230972946E-15 6.883537376786067E-16 1.083839515510239E-14 -8.059918894872642E-15 -1.496122460276865E-14 1.373790878372131E-15 1.151162498658209E-14 -1.142826599279229E-14 -3.705721705205491E-15 1.731566755658509E-14 -1.637678981034896E-14 -2.191061384031938E-14 8.658340423334416E-15 -2.589241431958135E-15 -1.491862189340054E-16 2.687967361998838E-15 -9.227488340031752E-15 -1.804084163886665E-14 -5.054029537003431E-16 -1.550419000045295E-15 -6.504257293669056E-15 -3.036968446093954E-14 -4.982358086208818E-15 -1.668110094499298E-14 1.094374447396833E-14 7.434515011769150E-16 -2.057254150958945E-14 -9.301298384532797E-15 9.042209098701347E-15 -3.091454300185277E-14 -3.813433395923766E-14 -1.062478774856965E-14 7.403186495558081E-15 5.009881398621019E-15 -3.695998422185525E-15 5.468397884165087E-15 4.257178463947015E-15 -1.869314264698767E-14 1.078804467717269E-14 -1.397667353894279E-15 -4.499160753898306E-14 -1.421862299941754E-14 -1.121424283535809E-14
1.936491673103710E+00 -1.936491673103708E+00 1.219019483905128E-15 -3.749999999999997E+00 3.750000000000000E+00 3.749999999999993E+00 1.984313483298440E+00 -1.984313483298441E+00 3.968626966596885E+00 4.582575694955836E+00 2.032696575411676E-15 7.301116049084299E-15 -2.990771692801260E-15 -3.716816558264015E-15 6.484464539353560E-15 1.404754316462408E-15 -7.055798426760546E-15 -7.434591137167604E-15 -2.937239805721482E-15 9.599749651884728E-15 -1.947248002731502E-15 -1.197608312905281E-14 3.440437939864937E-16 -8.842752918791715E-16 -8.256681767618521E-15 1.056492675462206E-14 2.200867016111838E-15 -1.051540443073036E-14 -7.073359016078761E-16 -1.449380287396536E-14 1.377457176099386E-14 1.257740070622871E-14 -1.356976597061132E-14 -6.470894312979448E-15 -1.683440321465505E-14 -2.382704121394370E-14 8.100479626613682E-15 2.235563831081420E-14 -1.641395352969254E-14 -8.289923119316887E-15 -1.961538570460771E-15 -1.707316791337806E-14 -2.874837218637515E-14 -3.366447586967990E-14 -2.341099696978535E-14 -5.890364862243051E-15 -2.038134168043964E-15 1.228704638034375E-14 1.087484699722174E-14 -1.162210518795833E-15 1.589705895892753E-14 -2.826471949692694E-14 -2.276009638422421E-14 -4.567579483304927E-14 -2.694124018188224E-14 -8.733782783330007E-15 -8.300332675039652E-15 1.142662353625923E-14 3.014806513913997E-15 -6.627077359100412E-15 3.316014907486166E-14 2.451994533250127E-14 -1.350284949147220E-14 -3.695537437585833E-14 -3.485326193361244E-14 0.000000000000000E+00
0.000000000000000E+00 0.000000000000000E+00 0.000000000000000E+00 1.984313483298449E+00 -5.952940449895335E+00 1.984313483298440E+00 5.250000000000009E+00 -5.250000000000007E+00 -3.500000000000004E+00 -1.016800574254346E-14 2.598076211353315E+00 5.196152422706630E+00 -8.944271909999161E+00 -9.389700833611112E-15 -3.986141944995021E-15 -4.016072252810378E-15 -5.992069640267295E-15 9.777368451771550E-16 5.512650134870035E-15 -4.608512694136589E-15 -1.412738302973864E-14 1.201398187885775E-15 -5.989270598286238E-15 -2.121477748131079E-15 4.119838668515166E-16 1.140816936047620E-14 -9.474374049799998E-15 -2.667945409169180E-14 8.777510671501105E-16 -1.018348892904138E-14 8.461758767871992E-15 -5.051150264691797E-15 1.933010945303941E-14 4.391053730139911E-15 -2.005556711715477E-14 -2.284670704646735E-14 9.534658717235745E-15 1.006748942779567E-15 -4.597832051704996E-15 4.676269159760951E-15 2.185365760010784E-14 1.551867592126989E-14 -1.838299180774542E-16 -2.805064426900971E-14 -3.828079878232826E-14 -1.352725613993308E-15 4.736760007794922E-15 -7.715955957232106E-15 -3.762162142258466E-15 9.161314907898775E-15 2.223741068161808E-14 8.060001529880001E-16 -1.454911683434527E-14 -4.418473218443543E-14 2.636170554305156E-15 -1.066337051831522E-14 -1.264463004606836E-14 3.841713807915614E-15 8.568392661037138E-15 -4.488285529096123E-15 -2.166020809670810E-15 -1.300165486486668E-14 -1.665458331457308E-14 -1.513599838383591E-14 -2.031553762947331E-14 0.000000000000000E+00
0.000000000000000E+00 0.000000000000000E+00 0.000000000000000E+00 1.984313483298438E+00 1.984313483298446E+00 -1.984313483298441E+00 -5.250000000000007E+00 5.250000000000004E+00 3.500000000000003E+00 4.691868307093552E-15 -1.039230484541325E+01 2.598076211353313E+00 8.944271909999152E+00 1.518608440022845E-14 2.454721158881780E-14 7.576059579758186E-15 -3.171074514085603E-15 -4.863959344622919E-15 -5.518458924259508E-15 1.584569953094355E-14 -8.898295666284075E-15 -1.156710052110888E-14 1.258715354168771E-14 4.675134854573043E-16 -2.653241718931187E-14 -1.417462978346680E-14 9.053910042036200E-15 2.630443274700426E-14 -3.579788117664461E-15 1.450922715307001E-14 -8.300338736426002E-15 -2.283845382791330E-14 -8.394904318252974E-15 4.745726039902779E-14 2.108044900667119E-14 -3.860515128011159E-14 -1.070100221980517E-14 -1.149080830487037E-14 1.359640482940528E-14 -1.116589661524515E-14 -1.497620986832741E-14 2.467088638181649E-15 8.328659737599417E-15 7.346795762879881E-15 2.377355403714801E-14 -5.476110905829638E-15 -5.051514762044462E-15 2.207760185052420E-14 8.428986445909273E-17 -3.048932531595128E-14 -5.844651348873176E-15 1.645492745220609E-14 7.076569540475522E-14 4.715682858064130E-14 -2.708920367825233E-14 1.129677521672018E-14 2.636779683484747E-14 -7.108123577046734E-15 4.478889202996641E-15 -1.507207326574156E-14 -2.176535100986010E-15 1.814498273136478E-14 3.052134461275846E-14 2.458313995854631E-14 0.000000000000000E+00 0.000000000000000E+00
0.000000000000000E+00 0.000000000000000E+00 0.000000000000000E+00 -3.968626966596886E+00 3.968626966596886E+00 3.968626966596885E+00 -3.500000000000004E+00 3.500000000000003E+00 6.999999999999996E+00 8.082903768654759E+00 3.464101615137754E+00 -3.464101615137744E+00 4.472135954999573E+00 7.745966692414829E+00 -3.656427992752340E-15 -2.205725763367643E-15 -8.113143562396018E-15 3.556183125752392E-16 -1.076381058124644E-14 6.006405496670328E-15 -1.520225727366631E-15 -4.218844953920201E-16 -8.288639739125187E-15 -7.993605777301124E-15 -5.338592028551282E-15 1.723597528808031E-14 -3.136333863257656E-15 -5.551680752537376E-15 1.929401533881796E-16 -3.016038256372761E-15 5.238864897450163E-16 1.636893780575429E-14 -1.529627661513155E-14 -1.907301639846522E-14 -2.284940511635818E-14 -3.959838641889081E-15 4.341488856098522E-15 2.026821995006539E-14 -9.277301149523966E-15 3.659528927363340E-15 -1.241021174713807E-14 -2.286433172516917E-14 -4.103460679151805E-14 -1.186885092412161E-14 -2.966641752506785E-14 -1.951649154540097E-14 1.529681801893029E-15 2.431388423929096E-14 -7.150860025402949E-15 1.912576000351330E-14 3.802986955447584E-15 -2.697209152700058E-14 -1.297524339323458E-14 -5.221076631937588E-14 -2.187277369976758E-14 0.000000000000000E+00 0.000000000000000E+00 -1.987993103469418E-15 1.210744910541706E-14 2.818405231419518E-14 3.230812448911090E-14 2.157415363029806E-14 -1.666613936521209E-14 -3.255274881778509E-14 0.000000000000000E+00 0.000000000000000E+00
0.000000000000000E+00 0.000000000000000E+00 0.000000000000000E+00 9.111523066793961E-15 -3.653664919479204E-15 4.582575694955836E+00 -1.016800574254346E-14 4.691868307093552E-15 8.082903768654759E+00 1.399999999999998E+01 1.418315720889234E-14 1.733444782268550E-14 -2.581988897471617E+00 1.341640786499872E+01 0.000000000000000E+00 -4.539240061476064E-15 -8.694165124873053E-16 -1.245468052345733E-14 -2.963311693775789E-15 -3.077966043275779E-15 0.000000000000000E+00 -2.972334825325747E-14 -3.743927540868424E-14 2.493443296251322E-14 -4.459579481100299E-14 1.375273179167798E-14 6.371650225376392E-15 0.000000000000000E+00 3.385179740039324E-14 7.938664293889350E-15 -1.783831819728354E-14 -1.661831422400632E-14 -1.407390909815954E-14 4.439432833684492E-15 4.223950611592411E-15 0.000000000000000E+00 -3.652468545993883E-15 1.636299825120630E-14 7.715265979157469E-15 1.025207283568642E-14 -5.360421841150374E-14 -3.804713326680401E-14 3.561344321057273E-14 -3.185821630137272E-14 0.000000000000000E+00 -1.560839137662714E-14 1.636913400151800E-14 1.070052841362376E-14 -2.778415919342791E-15 -2.271487448621448E-14 -4.932215139508506E-14 6.799109857267101E-15 -2.648759101217685E-15 -7.405039107406332E-14 0.000000000000000E+00 0.000000000000000E+00 0.000000000000000E+00 -1.085108652758719E-14 2.688070651870087E-14 1.101522240144915E-14 -2.467610175568492E-14 -2.104629490820288E-14 1.126112490702303E-14 0.000000000000000E+00 0.000000000000000E+00 0.000000000000000E+00
0.000000000000000E+00 0.000000000000000E+00 0.000000000000000E+00 0.000000000000000E+00 0.000000000000000E+00 0.000000000000000E+00 2.598076211353315E+00 -1.039230484541325E+01 3.464101615137754E+00 1.418315720889234E-14 5.624999999999986E+00 -5.624999999999978E+00 -4.841229182759273E+00 2.089116738376135E-15 0.000000000000000E+00 2.781074432660852E+00 8.343223297982608E+00 -1.308107377666078E+01 -8.832601870946529E-15 4.235584710400077E-15 0.000000000000000E+00 1.865330601724411E-14 -4.804098791391809E-14 3.716959426135079E-15 1.127508760339899E-14 -2.433106324699043E-14 4.497132509895202E-15 0.000000000000000E+00 1.101947747910744E-14 -4.661277857073406E-15 -2.029194546350766E-14 -1.509758050345184E-14 -3.772447789260554E-14 -7.033818076811088E-15 -1.099606524475964E-14 0.000000000000000E+00 -1.525846823315702E-14 4.906615153610534E-16 9.134190509693814E-16 -2.926428068624089E-15 -4.159892538818303E-14 -7.976327599387242E-15 -3.925569713363552E-14 1.654802742045227E-16 0.000000000000000E+00 1.615973476159938E-14 2.445666004541056E-14 -2.442895498946428E-14 -1.473924256050316E-14 -1.246450457763470E-14 3.758985453035717E-15 -2.554178113422610E-14 -2.959831525392667E-14 -5.892074413629378E-15 0.000000000000000E+00 0.000000000000000E+00 0.000000000000000E+00 0.000000000000000E+00 -3.464839981612024E-15 0.000000000000000E+00 0.000000000000000E+00 0.000000000000000E+00 0.000000000000000E+00 0.000000000000000E+00 0.000000000000000E+00 0.000000000000000E+00
0.000000000000000E+00 0.000000000000000E+00 0.000000000000000E+00 0.000000000000000E+00 0.000000000000000E+00 0.000000000000000E+00 0.000000000000000E+00 0.000000000000000E+00 -3.464101615137744E+00 1.733444782268550E-14 -5.624999999999978E+00 5.624999999999994E+00 4.841229182759257E+00 2.222366520268887E-14 0.000000000000000E+00 -1.390537216330437E+01 2.781074432660885E+00 1.308107377666077E+01 1.530320330417455E-15 2.906351691261436E-14 0.000000000000000E+00 -1.198962431749085E-15 1.490474410559273E-14 -2.688420355840010E-15 5.991672765096865E-15 -2.464379324560118E-14 5.290541868604306E-14 0.000000000000000E+00 -8.439867793206212E-15 -2.138567101184208E-14 1.057643205942307E-14 -3.122017124605163E-15 -7.062260075016103E-14 2.451103100918279E-14 4.281222196568139E-14 0.000000000000000E+00 1.746009755251197E-14 9.325873406851315E-15 -4.854882791282317E-14 -2.741399008108723E-15 3.449691833043307E-14 -4.190875997150071E-14 1.302725880637753E-14 2.991007648181265E-14 0.000000000000000E+00 -5.175994192803796E-15 6.994405055138486E-15 7.092049281967510E-15 -3.758930707232515E-14 3.671449182180340E-14 -2.440908708691557E-14 -8.658109057969935E-14 8.945632741220601E-15 -3.887599865801062E-16 0.000000000000000E+00 0.000000000000000E+00 0.000000000000000E+00 0.000000000000000E+00 -2.453754582957722E-15 0.000000000000000E+00 0.000000000000000E+00 0.000000000000000E+00 0.000000000000000E+00 0.000000000000000E+00 0.000000000000000E+00 0.000000000000000E+00
0.000000000000000E+00 0.000000000000000E+00 0.000000000000000E+00 0.000000000000000E+00 0.000000000000000E+00 0.000000000000000E+00 0.000000000000000E+00 0.000000000000000E+00 0.000000000000000E+00 0.000000000000000E+00 0.000000000000000E+00 0.000000000000000E+00 1.250000000000000E+01 8.660254037844371E+00 0.000000000000000E+00 0.000000000000000E+00 0.000000000000000E+00 6.755037451669041E+00 1.658312395177697E+01 0.000000000000000E+00 0.000000000000000E+00 0.000000000000000E+00 0.000000000000000E+00 -1.237898672457050E-14 -2.566933959443156E-14 -1.993284010071153E-14 0.000000000000000E+00 0.000000000000000E+00 0.000000000000000E+00 0.000000000000000E+00 -1.669497873280080E-14 -1.452739040813617E-14 -2.527600524715457E-14 -4.730361396409508E-14 0.000000000000000E+00 0.000000000000000E+00 0.000000000000000E+00 0.000000000000000E+00 1.143529715363910E-14 -2.912864794647161E-15 -3.251045266328134E-14 -3.885872575570008E-14 -2.707097987073546E-14 0.000000000000000E+00 0.000000000000000E+00 0.000000000000000E+00 0.000000000000000E+00 3.869127240818669E-14 1.744119157234336E-14 -3.953348065577344E-14 -4.292221836085800E-14 -2.081492665945496E-14 -4.329385529763173E-15 0.000000000000000E+00 0.000000000000000E+00 0.000000000000000E+00 0.000000000000000E+00 0.000000000000000E+00 0.000000000000000E+00 0.000000000000000E+00 0.000000000000000E+00 0.000000000000000E+00 0.000000000000000E+00 0.000000000000000E+00 0.000000000000000E+00 0.000000000000000E+00
0.000000000000000E+00 0.000000000000000E+00 0.000000000000000E+00 0.000000000000000E+00 0.000000000000000E+00 0.000000000000000E+00 0.000000000000000E+00 0.000000000000000E+00 0.000000000000000E+00 0.000000000000000E+00 0.000000000000000E+00 0.000000000000000E+00 8.660254037844371E+00 2.249999999999997E+01 0.000000000000000E+00 0.000000000000000E+00 0.000000000000000E+00 -4.680027229328545E+00 1.436140661634505E+01 0.000000000000000E+00 0.000000000000000E+00 0.000000000000000E+00 0.000000000000000E+00 1.044568230002403E-14 -4.352385478572005E-14 -3.000943915410827E-15 0.000000000000000E+00 0.000000000000000E+00 0.000000000000000E+00 0.000000000000000E+00 1.131218533878436E-14 1.086749635566647E-15 -3.567888118031610E-14 -4.151538801247647E-14 0.000000000000000E+00 0.000000000000000E+00 0.000000000000000E+00 0.000000000000000E+00 -1.629247450529472E-14 2.804518921440858E-14 -3.190723214740901E-14 -5.617091212356182E-14 -3.964709844563769E-14 0.000000000000000E+00 0.000000000000000E+00 0.000000000000000E+00 0.000000000000000E+00 2.640159770969021E-14 8.749375953610034E-15 -2.105797717441742E-14 -5.071702192185231E-14 -5.284525678464400E-14 -4.423550830077276E-14 0.000000000000000E+00 0.000000000000000E+00 0.000000000000000E+00 0.000000000000000E+00 0.000000000000000E+00 0.000000000000000E+00 0.000000000000000E+00 0.000000000000000E+00 0.000000000000000E+00 0.000000000000000E+00 0.000000000000000E+00 0.000000000000000E+00 0.000000000000000E+00
0.000000000000000E+00 0.000000000000000E+00 0.000000000000000E+00 0.000000000000000E+00 0.000000000000000E+00 0.000000000000000E+00 0.000000000000000E+00 0.000000000000000E+00 0.000000000000000E+00 0.000000000000000E+00 0.000000000000000E+00 0.000000000000000E+00 0.000000000000000E+00 1.948557158514986E+01 0.000000000000000E+00 0.000000000000000E+00 0.000000000000000E+00 6.735197726685612E-15 -4.145780987944240E+00 0.000000000000000E+00 0.000000000000000E+00 0.000000000000000E+00 0.000000000000000E+00 1.131452041975602E-14 1.446463987400117E-14 0.000000000000000E+00 0.000000000000000E+00 0.000000000000000E+00 0.000000000000000E+00 0.000000000000000E+00 -1.349439020270104E-14 1.536845334470330E-15 -8.415575568766592E-15 0.000000000000000E+00 0.000000000000000E+00 0.000000000000000E+00 0.000000000000000E+00 0.000000000000000E+00 -2.884200040256801E-14 -2.847664161489241E-14 -1.877234821176563E-14 -7.905324498679189E-14 0.000000000000000E+00 0.000000000000000E+00 0.000000000000000E+00 0.000000000000000E+00 0.000000000000000E+00 3.835199166709813E-14 1.688149288487652E-14 -2.470634213232462E-14 -1.149083043374157E-13 -9.656755858619538E-14 0.000000000000000E+00 0.000000000000000E+00 0.000000000000000E+00 0.000000000000000E+00 0.000000000000000E+00 0.000000000000000E+00 0.000000000000000E+00 0.000000000000000E+00 0.000000000000000E+00 0.000000000000000E+00 0.000000000000000E+00 0.000000000000000E+00 0.000000000000000E+00 0.000000000000000E+00
0.000000000000000E+00 0.000000000000000E+00 0.000000000000000E+00 0.000000000000000E+00 0.000000000000000E+00 0.000000000000000E+00 0.000000000000000E+00 0.000000000000000E+00 0.000000000000000E+00 0.000000000000000E+00 0.000000000000000E+00 0.000000000000000E+00 0.000000000000000E+00 0.000000000000000E+00 0.000000000000000E+00 0.000000000000000E+00 0.000000000000000E+00 0.000000000000000E+00 -9.704626296192945E-15 0.000000000000000E+00 0.000000000000000E+00 0.000000000000000E+00 0.000000000000000E+00 0.000000000000000E+00 -1.027812915264040E-14 0.000000000000000E+00 0.000000000000000E+00 0.000000000000000E+00 0.000000000000000E+00 0.000000000000000E+00 0.000000000000000E+00 4.462266433358587E-14 0.000000000000000E+00 0.000000000000000E+00 0.000000000000000E+00 0.000000000000000E+00 0.000000000000000E+00 0.000000000000000E+00 0.000000000000000E+00 1.635924117111811E-14 0.000000000000000E+00 0.000000000000000E+00 0.000000000000000E+00 0.000000000000000E+00 0.000000000000000E+00 0.000000000000000E+00 0.000000000000000E+00 0.000000000000000E+00 1.781845644113207E-14 0.000000000000000E+00 0.000000000000000E+00 0.000000000000000E+00 0.000000000000000E+00 0.000000000000000E+00 0.000000000000000E+00 0.000000000000000E+00 0.000000000000000E+00 0.000000000000000E+00 0.000000000000000E+00 0.000000000000000E+00 0.000000000000000E+00 0.000000000000000E+00 0.000000000000000E+00 0.000000000000000E+00 0.000000000000000E+00 0.000000000000000E+00
0.000000000000000E+00 0.000000000000000E+00 0.000000000000000E+00 0.000000000000000E+00 0.000000000000000E+00 0.000000000000000E+00 0.000000000000000E+00 0.000000000000000E+00 0.000000000000000E+00 0.000000000000000E+00 0.000000000000000E+00 0.000000000000000E+00 0.000000000000000E+00 0.000000000000000E+00 0.000000000000000E+00 0.000000000000000E+00 0.000000000000000E+00 0.000000000000000E+00 -2.302109779832640E-14 0.000000000000000E+00 0.000000000000000E+00 0.000000000000000E+00 0.000000000000000E+00 0.000000000000000E+00 2.965341927852370E-15 0.000000000000000E+00 0.000000000000000E+00 0.000000000000000E+00 0.000000000000000E+00 0.000000000000000E+00 0.000000000000000E+00 5.024874249232447E-14 0.000000000000000E+00 0.000000000000000E+00 0.000000000000000E+00 0.000000000000000E+00 0.000000000000000E+00 0.000000000000000E+00 0.000000000000000E+00 4.906267745024209E-15 0.000000000000000E+00 0.000000000000000E+00 0.000000000000000E+00 0.000000000000000E+00 0.000000000000000E+00 0.000000000000000E+00 0.000000000000000E+00 0.000000000000000E+00 -1.463646396102950E-14 0.000000000000000E+00 0.000000000000000E+00 0.000000000000000E+00 0.000000000000000E+00 0.000000000000000E+00 0.000000000000000E+00 0.000000000000000E+00 0.000000000000000E+00 0.000000000000000E+00 0.000000000000000E+00 0.000000000000000E+00 0.000000000000000E+00 0.000000000000000E+00 0.000000000000000E+00 0.000000000000000E+00 0.000000000000000E+00 0.000000000000000E+00
0.000000000000000E+00 0.000000000000000E+00 0.000000000000000E+00 0.000000000000000E+00 0.000000000000000E+00 0.000000000000000E+00 0.000000000000000E+00 0.000000000000000E+00 0.000000000000000E+00 0.000000000000000E+00 0.000000000000000E+00 0.000000000000000E+00 0.000000000000000E+00 0.000000000000000E+00 0.000000000000000E+00 0.000000000000000E+00 0.000000000000000E+00 0.000000000000000E+00 0.000000000000000E+00 0.000000000000000E+00 0.000000000000000E+00 0.000000000000000E+00 0.000000000000000E+00 0.000000000000000E+00 2.481930311651164E+01 0.000000000000000E+00 0.000000000000000E+00 0.000000000000000E+00 0.000000000000000E+00 0.000000000000000E+00 0.000000000000000E+00 -4.549791942315661E-14 0.000000000000000E+00 0.000000000000000E+00 0.000000000000000E+00 0.000000000000000E+00 0.000000000000000E+00 0.000000000000000E+00 0.000000000000000E+00 -4.794190893163317E-15 0.000000000000000E+00 0.000000000000000E+00 0.000000000000000E+00 0.000000000000000E+00 0.000000000000000E+00 0.000000000000000E+00 0.000000000000000E+00 0.000000000000000E+00 -7.730835557508657E-15 0.000000000000000E+00 0.000000000000000E+00 0.000000000000000E+00 0.000000000000000E+00 0.000000000000000E+00 0.000000000000000E+00 0.000000000000000E+00 0.000000000000000E+00 0.000000000000000E+00 0.000000000000000E+00 0.000000000000000E+00 0.000000000000000E+00 0.000000000000000E+00 0.000000000000000E+00 0.000000000000000E+00 0.000000000000000E+00 0.000000000000000E+00
# non-zero value of Sss
1.500000000000000E+00 -1.716694010617999E-16 -1.499999999999999E+00 -1.936491673103709E+00 5.507747036226363E-16 1.936491673103708E+00 -5.637851296924623E-16 1.372166269497654E-15 -2.426878142891553E-15 -4.191959279697954E-15 2.126770981547565E-15 2.674943599956237E-15 -4.198030811863873E-16 -9.066098566323788E-16 -2.715709601641692E-15 -4.274358644806853E-15 -7.140121827120538E-15 3.552713678800501E-15 3.772156198511567E-15 5.395857372025858E-15 -1.429303723987640E-15 -4.968248035197576E-15 3.011479954295737E-15 -1.582067810090848E-15 -1.637448857061408E-14 -6.959710585618950E-15 -2.783905918291030E-15 -5.934705851751154E-15 1.540434446667405E-15 -1.007527394847330E-14 1.609823385706477E-15 1.031119634120614E-14 -9.103828801926284E-15 -1.574592236111561E-14 -1.096063344252496E-14 -8.338761538911887E-15 2.239874952181253E-14 8.687495167691850E-15 -1.856848008685574E-14 8.269426809981439E-15 -3.975986206938842E-15 -1.113909312011607E-15 8.622876718211714E-15 5.864720601517215E-16 -6.510362995232333E-15 -2.997602166487923E-14 -9.395262345890387E-15 1.496025525682398E-14 -1.021405182655144E-14 5.481726184086710E-15 -1.924762432770066E-14 -1.974158683748506E-14 3.327280942086452E-15 9.707729412000710E-15 4.327701391693139E-15 1.192795862081653E-14 1.471045507628332E-14 -8.618106228652778E-15 8.708311849403572E-15 2.045585922871851E-14 -7.598088824778415E-16 -2.432234101623632E-14 -1.790451467642562E-14 -2.084148283641729E-14 -1.624283932182002E-15 9.323461057017535E-16
-1.716694010617999E-16 8.986000358958993E-30 1.716694010617955E-16 3.759940819246012E-16 2.419332042991767E-16 -3.759940819245882E-16 -1.218160257224585E-15 -6.758587583286348E-16 1.463648154872276E-15 1.128502663793788E-15 3.819103224934040E-15 2.720771093044463E-16 -2.701816056030575E-15 3.778298284393996E-15 4.575786850440957E-15 -3.792192955017167E-15 4.712286706382538E-16 -1.934501687360243E-17 -4.323922063421341E-15 4.101490403289672E-15 5.645735290746223E-15 3.052576594161904E-15 -7.364810681196018E-16 -8.438186727751466E-16 -9.229452130352098E-16 -2.520546078783613E-15 4.177930438835363E-15 4.415689589190027E-15 -3.752563383096671E-15 1.227933211326988E-15 -8.020528290239239E-17 -7.452780765384512E-15 -5.075582190733764E-15 -2.295983194100339E-15 1.119877315045519E-15 9.982045882313154E-16 -6.166161928907509E-16 -1.931995458109887E-15 3.568232716172985E-15 -1.765126568516179E-16 -1.003882959671342E-14 -8.935091404506274E-15 -4.506138558384574E-15 -1.440455814055784E-15 -8.369835142160589E-16 9.694504769498593E-15 2.494804790530389E-15 -8.615235569998318E-15 5.319318297539392E-15 6.838351979205451E-16 -7.474699127320882E-15 -5.677069093141187E-15 -2.258527536111466E-15 8.897125012092545E-16 2.305377800792783E-15 -1.697085637210420E-14 -6.174854035591952E-15 1.243814751218493E-14 -1.145024982505675E-14 -7.648837833086594E-15 -5.640409770100511E-16 -2.261418567172006E-15 -4.052968349643657E-15 -5.100418429075438E-17 2.042514507331392E-15 3.615971871122985E-15
-1.500000000000000E+00 1.716694010617953E-16 1.499999999999999E+00 1.936491673103708E+00 -1.569924745759010E-16 -1.936491673103707E+00 1.233388391419510E-15 3.330669073875470E-16 1.526556658859590E-15 3.312454477377713E-15 -1.842276331487369E-15 8.673617379884035E-17 2.747801985947262E-15 2.256224720942335E-16 -1.709569985575143E-15 2.081668171172169E-16 6.383782391594650E-16 4.926614671774132E-16 1.882174971434836E-16 -4.001139697340506E-15 -7.972680675372157E-16 3.996802888650564E-15 -8.743006318923108E-16 9.714451465470120E-16 8.631767176026095E-15 -1.224714774039626E-15 -8.866605366586455E-16 5.427787126005557E-15 1.942890293094024E-16 2.622901895676932E-15 1.360023205165817E-15 -4.780030538054092E-15 8.118505867571457E-16 6.368983031940223E-15 6.247715018947719E-15 4.309757845738504E-15 -6.661338147750939E-16 5.023759186428833E-15 -2.997602166487923E-15 -4.723652025084846E-15 3.677613769070831E-16 -4.678115533840455E-15 1.643650493488025E-15 8.013090923219765E-15 5.683333578060390E-15 -1.859623566247137E-15 -4.857225732735060E-16 7.382983113757291E-15 -2.123301534595612E-15 -4.739264536368637E-15 -6.179952383167375E-16 2.304146456966194E-15 2.838427735039895E-15 4.407661301913945E-15 5.719037710853053E-15 2.109423746787797E-15 -1.426636586643326E-14 5.939693181744587E-15 9.280770596475918E-15 -7.601558271730369E-15 3.909199353113735E-15 1.655793557819862E-14 4.630627478685589E-15 2.973912349019114E-15 2.814277131647780E-15 7.507110709979725E-15
-1.936491673103709E+00 3.759940819246016E-16 1.936491673103708E+00 3.750000000000002E+00 -3.372965402527231E-15 -3.750000000000000E+00 -1.984313483298440E+00 1.150716814962635E-15 -4.533819993886040E-16 -2.291287847477915E+00 -1.803361797045781E-15 -1.799605480394909E-15 -1.119613651080029E-15 1.959195500355164E-15 3.731574486542557E-15 2.804058057970382E-16 8.241987423268956E-15 -5.841469989653737E-15 -1.106539607036485E-14 -5.547865301717175E-15 8.750731751067679E-15 3.800701156847878E-15 -1.209701193737645E-14 7.699631282244192E-15 6.793167023727329E-15 -1.481031038925139E-14 5.334223590907406E-15 1.215543375370885E-14 1.545068486716790E-15 1.173998672523015E-14 -5.122619940377522E-15 -1.768417697140884E-14 -1.017718793823360E-14 7.549313267607255E-15 1.184353714204851E-14 6.388459643635043E-15 -1.642956989254841E-14 -1.180795730625612E-14 1.561961984971303E-14 5.938946876094746E-16 -9.206370826253742E-15 -1.512251596737688E-14 5.423906974313782E-15 1.775189168731233E-14 1.647943701617676E-14 2.986373968169175E-14 2.147783247018944E-14 -2.693003593959350E-14 1.209839353210530E-14 -4.561066336640874E-16 -2.483770451756026E-14 -3.358207414204543E-15 8.981120107959842E-15 1.971075310083059E-14 1.580708279080615E-14 -2.256044629410684E-14 -3.248450451165371E-14 2.863573375096550E-14 -9.559499303355858E-15 -3.705884695515845E-15 1.180643369851855E-15 -1.011624253762782E-14 -5.866781025665018E-16 1.430423299375013E-14 1.002903284554251E-14 1.465013976657564E-14
6.522560269672795E-16 2.419332042991776E-16 -5.464378949326942E-17 -3.670674875166924E-15 3.750000000000002E+00 9.246076126956382E-16 -3.968626966596888E+00 -1.984313483298440E+00 3.968626966596886E+00 2.291287847477920E+00 -6.661338147750939E-15 -2.442490654175344E-15 7.049916206369744E-15 -5.204170427930421E-15 -3.778227730677486E-15 8.354428260304303E-15 4.274358644806853E-15 -9.992007221626409E-16 7.629313847345998E-15 -2.210037708394452E-15 -5.461451603461231E-15 -1.032507412901396E-14 -1.137978600240785E-14 8.382183835919932E-15 9.681491719426560E-15 1.111610803405938E-14 -3.252172836587519E-15 -9.601694439531627E-16 1.509903313490213E-14 9.880984919163893E-15 -1.765254609153999E-14 4.843347944927245E-15 3.580469254416130E-15 -5.914539691342924E-15 -5.370270200755201E-15 -2.138480365010409E-15 -2.864375403532904E-14 -2.375877272697835E-14 1.831867990631508E-14 -1.672273430841642E-14 -3.608224830031759E-15 3.185819663631406E-15 -1.423427348212769E-14 -3.401277740358588E-15 -1.294971074816686E-15 3.053113317719180E-14 3.375077994860476E-14 -2.375877272697835E-14 -2.629840789580840E-15 -3.022582184541989E-14 -5.020289739476880E-15 8.390857453299816E-15 -8.923254930098823E-16 -1.133164742594950E-14 -6.379797948610766E-15 -7.494005416219807E-15 -1.715294573045867E-14 5.995204332975845E-15 2.241262730962035E-14 1.328104293207844E-14 -1.548761119352093E-14 7.101957910649048E-15 -1.392115589471388E-15 -2.182130344474675E-14 -6.430077824359781E-15 -6.122733613514453E-15
1.936491673103708E+00 -3.759940819245883E-16 -1.936491673103708E+00 -3.749999999999999E+00 8.797592095279861E-16 3.749999999999998E+00 1.984313483298441E+00 3.922583612524583E-16 -2.067957611514140E-15 2.291287847477913E+00 6.413708432968458E-15 -3.152234050913389E-16 -4.394545992262901E-15 4.228208544132733E-16 1.323046846984309E-15 -1.050410661647987E-14 -6.119221331869676E-15 5.987294069605295E-15 -4.835718169731723E-15 6.824144531066840E-15 -1.230274408666098E-15 6.666591265865774E-15 1.481934385386571E-14 -9.502564062559834E-15 -5.515469143287212E-15 1.321356518085663E-15 -3.592325319618431E-15 -5.054425159401873E-15 -7.282944630338057E-15 -1.480340217528820E-14 4.892753526694311E-15 1.184491122645082E-14 5.458019155249044E-15 -1.572016519221771E-14 -1.418247452441199E-14 -6.630030612610180E-15 5.877168154597472E-15 9.363773985770869E-15 -2.458808311013136E-15 -4.314313939000690E-15 -3.319966049470490E-15 2.899606483860652E-17 -1.484163167275532E-14 -2.187857062169141E-14 -1.991872209866232E-14 -9.715604358867771E-15 -1.795770639475607E-14 8.017247622618488E-15 5.045658439938523E-17 1.210356958385604E-14 2.061088599434049E-14 3.141802097167716E-16 -9.550402367602306E-15 -2.161002274208169E-14 -1.418818357467705E-14 7.667032113738815E-16 2.792476719261902E-14 -7.595477677004923E-15 -6.731441523458433E-16 -1.099117963620466E-14 -8.192290316708598E-16 -4.773752153735501E-16 -6.153859730348902E-15 -1.071821442267777E-14 -1.175619673284953E-14 0.000000000000000E+00
0.000000000000000E+00 0.000000000000000E+00 0.000000000000000E+00 -1.984313483298438E+00 -3.968626966596887E+00 1.984313483298440E+00 1.225000000000000E+01 3.499999999999992E+00 -6.999999999999998E+00 2.020725942163689E+00 -6.928203230275501E+00 -8.660254037844307E-01 2.236067977499780E+00 -3.872983346207414E+00 -2.270403013171531E-15 -8.818122832706579E-15 -2.383075454805327E-14 1.104891432249508E-14 1.678921885276075E-14 3.058838278718911E-15 -1.016098619913828E-14 1.009103656813951E-14 5.261157325206869E-14 -3.506447862637285E-14 -2.523493969650441E-14 1.530775811630870E-14 -2.235176919675293E-15 -1.820801336059166E-14 -1.951048083755233E-14 -5.006656226846532E-14 4.304529454472434E-14 1.765839023904292E-14 -1.206070722695661E-14 4.244382660927902E-15 -1.194422452209080E-14 -1.839740103366357E-14 5.365373596058142E-14 5.173921056981603E-14 -5.229681454870163E-14 -1.318911605377914E-14 1.668663952298674E-14 -3.562097562493417E-15 5.958418764502001E-17 -3.591100107868001E-14 -3.109668271792743E-14 -5.672802177627703E-14 -7.804420629243979E-14 6.806994710617772E-14 -1.007432159709215E-16 -5.169638475550723E-16 8.950225436901641E-15 -8.665358597010976E-15 -2.654544722036651E-14 -2.619713087372626E-14 -2.345669458258822E-14 4.278998589443940E-14 8.650565422111951E-14 -6.771786587998218E-14 -2.520792089055087E-14 -1.270964135617994E-15 -7.391060894542615E-15 6.789943555085653E-15 9.544793389873072E-15 9.067450736916648E-16 -3.538118433542695E-15 0.000000000000000E+00
0.000000000000000E+00 0.000000000000000E+00 0.000000000000000E+00 9.992007221626409E-16 -1.984313483298438E+00 1.450228825916611E-15 3.499999999999992E+00 1.225000000000000E+01 -3.499999999999996E+00 -2.020725942163691E+00 -8.660254037844382E+00 -6.928203230275513E+00 1.118033988749894E+01 3.872983346207425E+00 4.628242233906121E-15 -7.216449660063518E-15 -6.772360450213455E-15 4.440892098500626E-15 -7.372574772901430E-15 -2.567390744445674E-15 1.418136441611040E-16 2.875477633779155E-14 2.231548279496565E-14 -2.042810365310288E-14 9.645062526431047E-16 -5.329070518200751E-15 4.863297264900979E-15 -1.147432843184859E-14 -2.553512956637860E-14 1.332267629550188E-15 -6.883382752675971E-15 -1.824235207337210E-14 1.681987882307112E-14 2.620473282810565E-14 7.010017566422277E-15 2.312820074346078E-15 2.331468351712829E-14 1.132427485117660E-14 -9.325873406851315E-15 2.081668171172169E-15 -1.509903313490213E-14 2.402071597185085E-14 2.837313717307666E-14 2.371448306823232E-15 2.185751579730777E-16 -7.283063041541027E-14 -6.727951529228449E-14 5.906386491005833E-14 -8.049116928532385E-16 3.996802888650564E-15 -3.538835890992686E-15 1.589006703994755E-15 9.215501625692291E-15 2.191215958680104E-14 3.894671044002429E-15 9.414691248821327E-14 7.560618797697316E-14 -7.627232179174825E-14 2.503552920529728E-14 -5.662137425588298E-15 -2.968458812091512E-14 3.868433351428280E-15 1.201296007113939E-14 3.324467437448853E-14 0.000000000000000E+00 0.000000000000000E+00
0.000000000000000E+00 0.000000000000000E+00 0.000000000000000E+00 -6.494536856856735E-16 3.968626966596883E+00 -2.283096350453119E-15 -6.999999999999996E+00 -3.499999999999995E+00 6.999999999999994E+00 4.041451884327379E+00 4.330127018922193E+00 8.660254037844366E-01 -2.236067977499788E+00 3.872983346207408E+00 3.354101966249682E+00 3.892392086587444E-15 8.951737967936941E-15 -6.477022638471645E-15 -7.247275128384532E-15 -2.854498901445222E-15 -6.264320930081600E-15 -1.283644653215754E-14 -2.636520823057100E-14 1.877337765266970E-14 2.196820176273799E-15 9.742796370951763E-16 -4.304904867339938E-15 -2.256649544563787E-15 2.068522835175846E-14 1.719978304096627E-14 -2.323068642705381E-14 2.540979754655601E-15 -3.073301733767610E-15 -1.890525841387394E-14 -7.236093204033693E-15 -1.675934971401058E-15 -4.506464345088664E-14 -2.070686712042487E-14 3.157800542851490E-14 -6.481729390592215E-15 -6.902610666172376E-15 -1.428434263642431E-14 -2.420683513788672E-14 -3.953983683785937E-15 -8.714847922029818E-15 4.730130875497306E-14 4.072062032777889E-14 -4.140328933353116E-14 6.829441396207411E-15 4.745887909815819E-16 8.516339681065834E-15 9.422945839471344E-15 6.174811296070164E-15 -1.919307069246413E-14 -1.227689687421735E-14 0.000000000000000E+00 0.000000000000000E+00 4.532676043944835E-14 1.125095608673505E-14 5.741562678858269E-15 4.292890477564032E-15 -9.743209504322594E-15 2.771106714486071E-15 -1.537637272619012E-14 0.000000000000000E+00 0.000000000000000E+00
0.000000000000000E+00 0.000000000000000E+00 0.000000000000000E+00 -2.291287847477915E+00 2.291287847477919E+00 2.291287847477912E+00 2.020725942163688E+00 -2.020725942163692E+00 4.041451884327378E+00 9.333333333333321E+00 -4.999999999999915E-01 5.000000000000030E-01 -1.290994448735809E+00 2.236067977499780E+00 0.000000000000000E+00 3.597279306599710E-15 -3.883710473921450E-15 -4.256207418550582E-15 1.123671333656973E-14 5.523453059887033E-15 0.000000000000000E+00 -4.231943875415257E-14 -2.797923991560260E-15 1.383689239053798E-14 -4.080389792167572E-14 2.608863076091078E-14 8.282789505931210E-15 0.000000000000000E+00 4.749574389566689E-14 -5.480457260810310E-16 -9.058272113889493E-15 3.022511600135688E-14 -3.785809533500156E-14 -1.074292033031544E-14 5.412408607276293E-15 0.000000000000000E+00 -3.889543634058493E-14 -8.206549523675910E-15 2.519251238173624E-14 -3.794502130033151E-14 -1.610495962860627E-14 -1.316493866395181E-14 -1.228314083541171E-14 -1.612021159994089E-14 0.000000000000000E+00 5.030607727021074E-14 2.137396479371259E-14 -2.246311827642233E-14 3.557071283313495E-14 -2.784121589822773E-14 -3.106073484577890E-14 1.264923789149449E-14 7.921464029780159E-15 -3.670241477511142E-14 0.000000000000000E+00 0.000000000000000E+00 0.000000000000000E+00 2.503922228565246E-14 -6.651000281120868E-15 1.778877378423150E-14 -1.036767199393814E-14 -1.756002537691848E-14 4.868413571692510E-15 0.000000000000000E+00 0.000000000000000E+00 0.000000000000000E+00
0.000000000000000E+00 0.000000000000000E+00 0.000000000000000E+00 0.000000000000000E+00 0.000000000000000E+00 0.000000000000000E+00 -6.928203230275503E+00 -8.660254037844377E+00 4.330127018922189E+00 -4.999999999999918E-01 2.437499999999999E+01 9.374999999999998E+00 -1.694430213965743E+01 4.192627457812106E+00 0.000000000000000E+00 -1.390537216330436E+01 -2.781074432660843E+00 6.540536888330400E+00 -8.028270361665706E+00 8.806900713074050E-16 0.000000000000000E+00 -2.624985928115252E-14 -8.274241997002961E-14 4.519335192746882E-14 2.676297523168155E-14 2.972955053888985E-14 -1.810181003857957E-15 0.000000000000000E+00 6.187316749637529E-14 7.591914760423576E-14 -5.524552595070157E-14 -3.026648632704164E-14 -7.347358906882941E-15 -3.243335439396557E-14 2.495176984615660E-14 0.000000000000000E+00 -7.522631584759309E-14 -6.954536169210941E-14 8.201564104661858E-14 5.716538474723267E-15 -2.732481316070872E-14 3.313770603547359E-15 -3.175018441385283E-14 1.980734312585892E-14 0.000000000000000E+00 9.482641561103249E-14 1.394197457655818E-13 -1.247081055559084E-13 -2.170256603620181E-14 1.404295419969472E-14 -2.136418049675284E-14 1.408201227955129E-14 9.291458253926364E-15 -3.096657780990317E-14 0.000000000000000E+00 0.000000000000000E+00 0.000000000000000E+00 0.000000000000000E+00 3.081923824193552E-14 0.000000000000000E+00 0.000000000000000E+00 0.000000000000000E+00 0.000000000000000E+00 0.000000000000000E+00 0.000000000000000E+00 0.000000000000000E+00
0.000000000000000E+00 0.000000000000000E+00 0.000000000000000E+00 0.000000000000000E+00 0.000000000000000E+00 0.000000000000000E+00 0.000000000000000E+00 0.000000000000000E+00 8.660254037844355E-01 5.000000000000056E-01 9.374999999999988E+00 2.437499999999999E+01 -1.210307295689818E+01 -4.192627457812102E+00 0.000000000000000E+00 -1.390537216330435E+01 -1.390537216330436E+01 1.962161066499117E+01 8.028270361665703E+00 8.132383655379272E-15 0.000000000000000E+00 -4.796163466380676E-14 -6.217248937900877E-14 3.730349362740526E-14 2.293304435241339E-15 -8.326672684688674E-16 6.336944857743276E-15 0.000000000000000E+00 6.838973831690964E-14 7.327471962526033E-14 -8.171241461241152E-14 -3.011479954295737E-15 -9.769962616701378E-15 -2.908090435127519E-14 2.100403184712718E-14 0.000000000000000E+00 -7.194245199571014E-14 -7.327471962526033E-14 7.949196856316121E-14 -9.783840404509192E-15 -4.218847493575595E-15 -1.347186251443588E-14 -5.370703881624195E-15 2.828661783971231E-14 0.000000000000000E+00 1.150191053511662E-13 1.187938636348917E-13 -1.225686219186173E-13 1.115774139748282E-14 3.574918139293004E-14 9.020562075079397E-17 3.332056852656251E-14 5.256602444991820E-14 -1.327583876165050E-14 0.000000000000000E+00 0.000000000000000E+00 0.000000000000000E+00 0.000000000000000E+00 -2.264854970235319E-14 0.000000000000000E+00 0.000000000000000E+00 0.000000000000000E+00 0.000000000000000E+00 0.000000000000000E+00 0.000000000000000E+00 0.000000000000000E+00
0.000000000000000E+00 0.000000000000000E+00 0.000000000000000E+00 0.000000000000000E+00 0.000000000000000E+00 0.000000000000000E+00 0.000000000000000E+00 0.000000000000000E+00 0.000000000000000E+00 0.000000000000000E+00 0.000000000000000E+00 0.000000000000000E+00 2.000000000000000E+01 4.330127018922194E+00 0.000000000000000E+00 0.000000000000000E+00 0.000000000000000E+00 -8.106044942002846E+00 8.291561975888492E+00 0.000000000000000E+00 0.000000000000000E+00 0.000000000000000E+00 0.000000000000000E+00 -5.186040249389567E-14 -2.866402151550415E-14 -1.961468136192090E-14 0.000000000000000E+00 0.000000000000000E+00 0.000000000000000E+00 0.000000000000000E+00 4.716879265424619E-14 -2.328406914914072E-15 -2.095042300029310E-14 4.663382973041539E-15 0.000000000000000E+00 0.000000000000000E+00 0.000000000000000E+00 0.000000000000000E+00 -6.382695293114108E-14 -1.234008748560206E-14 -1.641776010811247E-14 -2.528490841848258E-14 -3.243560225163921E-15 0.000000000000000E+00 0.000000000000000E+00 0.000000000000000E+00 0.000000000000000E+00 1.283933730292738E-13 1.657542368539466E-14 -2.536680649160556E-14 -1.960809924743401E-14 -5.639041004688009E-14 -3.830431592714240E-14 0.000000000000000E+00 0.000000000000000E+00 0.000000000000000E+00 0.000000000000000E+00 0.000000000000000E+00 0.000000000000000E+00 0.000000000000000E+00 0.000000000000000E+00 0.000000000000000E+00 0.000000000000000E+00 0.000000000000000E+00 0.000000000000000E+00 0.000000000000000E+00
0.000000000000000E+00 0.000000000000000E+00 0.000000000000000E+00 0.000000000000000E+00 0.000000000000000E+00 0.000000000000000E+00 0.000000000000000E+00 0.000000000000000E+00 0.000000000000000E+00 0.000000000000000E+00 0.000000000000000E+00 0.000000000000000E+00 4.330127018922195E+00 1.499999999999999E+01 0.000000000000000E+00 0.000000000000000E+00 0.000000000000000E+00 -2.340013614664273E+00 -1.690348148755731E-14 0.000000000000000E+00 0.000000000000000E+00 0.000000000000000E+00 0.000000000000000E+00 1.770553079603975E-14 -3.512095896722757E-15 1.011621346220297E-14 0.000000000000000E+00 0.000000000000000E+00 0.000000000000000E+00 0.000000000000000E+00 -4.942098439844683E-15 -2.470735884952467E-15 -2.395367385902671E-14 3.045227369756909E-15 0.000000000000000E+00 0.000000000000000E+00 0.000000000000000E+00 0.000000000000000E+00 6.441020118086133E-15 1.596598924490490E-14 -5.482592049928617E-15 -1.492777967329050E-14 -2.324218512334085E-14 0.000000000000000E+00 0.000000000000000E+00 0.000000000000000E+00 0.000000000000000E+00 1.249100405126366E-14 -1.144143784516361E-14 -1.389721365250300E-14 -3.293682240273137E-14 -2.228242392691356E-14 -3.138506889690731E-14 0.000000000000000E+00 0.000000000000000E+00 0.000000000000000E+00 0.000000000000000E+00 0.000000000000000E+00 0.000000000000000E+00 0.000000000000000E+00 0.000000000000000E+00 0.000000000000000E+00 0.000000000000000E+00 0.000000000000000E+00 0.000000000000000E+00 0.000000000000000E+00
0.000000000000000E+00 0.000000000000000E+00 0.000000000000000E+00 0.000000000000000E+00 0.000000000000000E+00 0.000000000000000E+00 0.000000000000000E+00 0.000000000000000E+00 0.000000000000000E+00 0.000000000000000E+00 0.000000000000000E+00 0.000000000000000E+00 0.000000000000000E+00 9.742785792574933E+00 0.000000000000000E+00 0.000000000000000E+00 0.000000000000000E+00 3.377518725834379E-01 -2.072890493972110E+00 0.000000000000000E+00 0.000000000000000E+00 0.000000000000000E+00 0.000000000000000E+00 2.705363025557861E-14 6.695693648212408E-15 0.000000000000000E+00 0.000000000000000E+00 0.000000000000000E+00 0.000000000000000E+00 0.000000000000000E+00 -1.593226189857668E-14 1.065472441220898E-14 3.179303264876129E-14 0.000000000000000E+00 0.000000000000000E+00 0.000000000000000E+00 0.000000000000000E+00 0.000000000000000E+00 -2.195507792086324E-14 -2.273525304376363E-14 -3.628831599418036E-14 -2.455452995113408E-14 0.000000000000000E+00 0.000000000000000E+00 0.000000000000000E+00 0.000000000000000E+00 0.000000000000000E+00 3.931962435354329E-14 -1.151697440406589E-14 7.382053776031213E-15 -4.309530216289570E-14 -4.804819968011678E-14 0.000000000000000E+00 0.000000000000000E+00 0.000000000000000E+00 0.000000000000000E+00 0.000000000000000E+00 0.000000000000000E+00 0.000000000000000E+00 0.000000000000000E+00 0.000000000000000E+00 0.000000000000000E+00 0.000000000000000E+00 0.000000000000000E+00 0.000000000000000E+00 0.000000000000000E+00
0.000000000000000E+00 0.000000000000000E+00 0.000000000000000E+00 0.000000000000000E+00 0.000000000000000E+00 0.000000000000000E+00 0.000000000000000E+00 0.000000000000000E+00 0.000000000000000E+00 0.000000000000000E+00 0.000000000000000E+00 0.000000000000000E+00 0.000000000000000E+00 0.000000000000000E+00 0.000000000000000E+00 0.000000000000000E+00 0.000000000000000E+00 0.000000000000000E+00 1.000259341371026E+01 0.000000000000000E+00 0.000000000000000E+00 0.000000000000000E+00 0.000000000000000E+00 0.000000000000000E+00 -1.319164055494896E+01 0.000000000000000E+00 0.000000000000000E+00 0.000000000000000E+00 0.000000000000000E+00 0.000000000000000E+00 0.000000000000000E+00 5.770526639073786E-14 0.000000000000000E+00 0.000000000000000E+00 0.000000000000000E+00 0.000000000000000E+00 0.000000000000000E+00 0.000000000000000E+00 0.000000000000000E+00 -2.809321241963506E-14 0.000000000000000E+00 0.000000000000000E+00 0.000000000000000E+00 0.000000000000000E+00 0.000000000000000E+00 0.000000000000000E+00 0.000000000000000E+00 0.000000000000000E+00 5.152327677256771E-14 0.000000000000000E+00 0.000000000000000E+00 0.000000000000000E+00 0.000000000000000E+00 0.000000000000000E+00 0.000000000000000E+00 0.000000000000000E+00 0.000000000000000E+00 0.000000000000000E+00 0.000000000000000E+00 0.000000000000000E+00 0.000000000000000E+00 0.000000000000000E+00 0.000000000000000E+00 0.000000000000000E+00 0.000000000000000E+00 0.000000000000000E+00
0.000000000000000E+00 0.000000000000000E+00 0.000000000000000E+00 0.000000000000000E+00 0.000000000000000E+00 0.000000000000000E+00 0.000000000000000E+00 0.000000000000000E+00 0.000000000000000E+00 0.000000000000000E+00 0.000000000000000E+00 0.000000000000000E+00 0.000000000000000E+00 0.000000000000000E+00 0.000000000000000E+00 0.000000000000000E+00 0.000000000000000E+00 0.000000000000000E+00 -1.000259341371029E+01 0.000000000000000E+00 0.000000000000000E+00 0.000000000000000E+00 0.000000000000000E+00 0.000000000000000E+00 1.319164055494892E+01 0.000000000000000E+00 0.000000000000000E+00 0.000000000000000E+00 0.000000000000000E+00 0.000000000000000E+00 0.000000000000000E+00 2.028932577502474E-14 0.000000000000000E+00 0.000000000000000E+00 0.000000000000000E+00 0.000000000000000E+00 0.000000000000000E+00 0.000000000000000E+00 0.000000000000000E+00 9.534040223968532E-15 0.000000000000000E+00 0.000000000000000E+00 0.000000000000000E+00 0.000000000000000E+00 0.000000000000000E+00 0.000000000000000E+00 0.000000000000000E+00 0.000000000000000E+00 -1.118549697309845E-14 0.000000000000000E+00 0.000000000000000E+00 0.000000000000000E+00 0.000000000000000E+00 0.000000000000000E+00 0.000000000000000E+00 0.000000000000000E+00 0.000000000000000E+00 0.000000000000000E+00 0.000000000000000E+00 0.000000000000000E+00 0.000000000000000E+00 0.000000000000000E+00 0.000000000000000E+00 0.000000000000000E+00 0.000000000000000E+00 0.000000000000000E+00
0.000000000000000E+00 0.000000000000000E+00 0.000000000000000E+00 0.000000000000000E+00 0.000000000000000E+00 0.000000000000000E+00 0.000000000000000E+00 0.000000000000000E+00 0.000000000000000E+00 0.000000000000000E+00 0.000000000000000E+00 0.000000000000000E+00 0.000000000000000E+00 0.000000000000000E+00 0.000000000000000E+00 0.000000000000000E+00 0.000000000000000E+00 0.000000000000000E+00 0.000000000000000E+00 0.000000000000000E+00 0.000000000000000E+00 0.000000000000000E+00 0.000000000000000E+00 0.000000000000000E+00 1.240965155825584E+01 0.000000000000000E+00 0.000000000000000E+00 0.000000000000000E+00 0.000000000000000E+00 0.000000000000000E+00 0.000000000000000E+00 -4.802735020351234E-14 0.000000000000000E+00 0.000000000000000E+00 0.000000000000000E+00 0.000000000000000E+00 0.000000000000000E+00 0.000000000000000E+00 0.000000000000000E+00 2.920956628571578E-14 0.000000000000000E+00 0.000000000000000E+00 0.000000000000000E+00 0.000000000000000E+00 0.000000000000000E+00 0.000000000000000E+00 0.000000000000000E+00 0.000000000000000E+00 -4.842699442964655E-14 0.000000000000000E+00 0.000000000000000E+00 0.000000000000000E+00 0.000000000000000E+00 0.000000000000000E+00 0.000000000000000E+00 0.000000000000000E+00 0.000000000000000E+00 0.000000000000000E+00 0.000000000000000E+00 0.000000000000000E+00 0.000000000000000E+00 0.000000000000000E+00 0.000000000000000E+00 0.000000000000000E+00 0.000000000000000E+00 0.000000000000000E+00
