# max number of non-zeros per row
18
# column index of non-zeros (each row is Np column offsets, 1-indexed)
1 1 1 1 1 1 4 4 4 4 7 7 7 7 9 11 11 11 11 13 14 16 16 16 16 18 19 20 22 22 22 22 24 25 26 27 
2 2 2 2 2 2 5 5 5 5 8 8 8 8 10 12 12 12 12 14 15 17 17 17 17 19 20 21 23 23 23 23 25 26 27 28 
3 3 3 3 3 3 6 6 6 6 9 9 9 9 13 13 13 13 13 15 19 18 18 18 18 20 21 26 24 24 24 24 26 27 28 34 
4 4 4 4 4 4 7 7 7 7 10 10 10 10 14 14 14 14 14 18 20 19 19 19 19 21 25 27 25 25 25 25 27 28 33 35 
5 5 5 5 5 5 8 8 8 8 11 11 11 11 15 16 16 15 15 19 21 22 22 20 20 24 26 28 29 29 26 26 28 32 34 36 
6 6 6 6 6 6 9 9 9 9 12 12 12 12 18 17 17 16 16 20 25 23 23 22 21 25 27 33 30 30 29 27 31 33 35 0 
0 0 0 7 7 7 10 10 10 10 13 13 13 13 19 18 18 17 17 21 26 24 24 23 22 26 28 34 31 31 30 29 32 34 36 0 
0 0 0 8 8 8 11 11 11 11 14 14 14 14 20 19 19 18 18 24 27 25 25 24 23 27 32 35 32 32 31 30 33 35 0 0 
0 0 0 9 9 9 12 12 12 12 16 16 15 15 21 22 22 19 19 25 28 29 29 25 24 28 33 36 0 0 32 31 34 36 0 0 
0 0 0 10 10 10 13 13 13 13 17 17 16 16 0 23 23 20 20 26 0 30 30 26 25 31 34 0 0 0 33 32 35 0 0 0 
0 0 0 0 0 0 14 14 14 14 18 18 17 17 0 24 24 22 21 27 0 31 31 29 26 32 35 0 0 0 0 33 0 0 0 0 
0 0 0 0 0 0 0 0 15 15 19 19 18 18 0 25 25 23 22 28 0 32 32 30 27 33 36 0 0 0 0 34 0 0 0 0 
0 0 0 0 0 0 0 0 0 0 0 0 19 19 0 0 0 24 23 0 0 0 0 31 29 34 0 0 0 0 0 0 0 0 0 0 
0 0 0 0 0 0 0 0 0 0 0 0 20 20 0 0 0 25 24 0 0 0 0 32 30 35 0 0 0 0 0 0 0 0 0 0 
0 0 0 0 0 0 0 0 0 0 0 0 0 21 0 0 0 26 25 0 0 0 0 33 31 0 0 0 0 0 0 0 0 0 0 0 
0 0 0 0 0 0 0 0 0 0 0 0 0 0 0 0 0 0 26 0 0 0 0 0 32 0 0 0 0 0 0 0 0 0 0 0 
0 0 0 0 0 0 0 0 0 0 0 0 0 0 0 0 0 0 27 0 0 0 0 0 33 0 0 0 0 0 0 0 0 0 0 0 
0 0 0 0 0 0 0 0 0 0 0 0 0 0 0 0 0 0 0 0 0 0 0 0 34 0 0 0 0 0 0 0 0 0 0 0 
# non-zero value of Srr
1.500000000000000E+00 -1.500000000000000E+00 2.295054843110935E-16 -1.936491673103707E+00 1.936491673103707E+00 1.302794376616742E-15 1.575128916186941E-15 -1.325328735646281E-15 3.678108491119467E-15 -3.053928024049786E-15 5.551115123125783E-17 2.081668171172169E-16 4.171882675195761E-15 -2.716970977212328E-15 9.320977249212343E-16 -1.332267629550188E-15 1.498801083243961E-15 -1.255735062614099E-15 -2.028763134460530E-15 -2.777980034856573E-15 -4.298685557420196E-15 1.804112415015879E-15 -2.248201624865942E-15 -2.548578624590852E-15 -1.724828972100312E-15 -6.263574147190909E-15 -2.100739515846416E-15 -4.418328173187791E-15 6.411537967210279E-15 -4.884981308350689E-15 2.329788453590435E-16 6.087210636179630E-15 -2.900000946842155E-15 5.000654057517754E-15 -1.064499907645740E-14 -6.395746312216775E-15 
-1.499999999999999E+00 1.499999999999999E+00 -2.295054843110992E-16 1.936491673103707E+00 -1.936491673103707E+00 -3.676700028479942E-16 -2.220446049250313E-16 2.914335439641036E-16 -3.838686102395105E-16 2.099369326339236E-15 3.885780586188048E-16 -5.273559366969494E-16 6.228930124041336E-16 2.439632061490536E-15 3.003325768239494E-15 -2.775557561562891E-17 -1.249000902703301E-16 1.040629351592975E-15 6.123614163254675E-16 5.360630924879981E-15 3.022827781058302E-15 1.665334536937735E-16 3.053113317719180E-16 2.282124356862118E-17 -3.857511173593052E-15 9.291642394725674E-15 -2.366095507762717E-15 5.232299201049269E-15 -1.526556658859590E-15 2.775557561562891E-17 2.001344991699083E-15 -6.350888604528103E-15 8.906914663280846E-15 -1.388067642598872E-14 6.608795603232356E-15 8.919157560867624E-15 
2.295054843110939E-16 -2.295054843110995E-16 3.415459319391934E-30 -7.409042307907693E-16 7.409042307907685E-16 -8.973732969717519E-16 -9.156094424598249E-16 9.156094424598277E-16 -2.435403561782698E-15 2.643695513812790E-16 -3.759359164131963E-16 3.759359164131955E-16 -3.147908271813623E-15 1.127479504228523E-16 -1.249258127983404E-15 -2.979412834949657E-16 2.979412834949667E-16 1.108228404025228E-16 5.005881776332709E-16 -2.834580207911393E-15 6.335760835098699E-16 -1.010063325875293E-15 1.010063325875298E-15 1.743421607996844E-15 1.981167223620211E-15 -6.458855507729199E-15 3.491857923023239E-16 4.330144323393536E-16 -9.994701218895444E-16 9.994701218895388E-16 -2.746632590195336E-16 6.891592706134995E-17 -8.269103526529302E-15 9.948754676425637E-16 1.375644804704603E-15 -7.139768264262823E-17 
-1.936491673103707E+00 1.936491673103707E+00 -7.409042307907688E-16 3.749999999999998E+00 -3.749999999999997E+00 -1.314196101148988E-15 1.984313483298441E+00 -1.984313483298441E+00 -7.129304197531450E-17 1.882265015862847E-15 2.428612866367530E-16 1.658395643033828E-15 3.214391973133118E-15 3.295486529554747E-15 -1.805617144832490E-15 4.718447854656915E-16 -2.511879593214417E-15 1.874453914048002E-15 4.058728020524224E-15 3.233280767558372E-15 2.707703196650268E-15 1.165734175856414E-15 -9.714451465470120E-16 3.215000872353563E-16 2.197320182393829E-15 1.360085328701475E-14 5.209690446521791E-15 3.212187337114098E-16 -9.436895709313831E-16 1.221245327087672E-15 2.939587113866318E-15 -1.218038723763716E-15 8.025643221282568E-15 1.785455756217898E-15 1.648471723637203E-15 5.084848815978614E-15 
1.936491673103707E+00 -1.936491673103707E+00 7.409042307907681E-16 -3.749999999999998E+00 3.749999999999997E+00 5.110191317717263E-16 -1.984313483298441E+00 1.984313483298441E+00 -8.654576350521614E-16 -1.673013996573145E-15 -5.412337245047638E-16 -6.383782391594650E-16 -1.993146646045446E-15 -4.530609644450234E-15 1.429073730328274E-15 -8.743006318923108E-16 3.025357742103552E-15 -4.258592341649417E-17 -9.075548313049150E-15 1.796333110601882E-15 5.272974460645090E-17 -1.360023205165817E-15 1.221245327087672E-15 2.676102079252566E-15 -9.080702935069800E-15 -2.781382967347402E-15 -1.111758600232641E-15 1.545281207840457E-16 7.632783294297951E-16 -1.137978600240785E-15 9.461934723217301E-16 -3.389386828430684E-15 -5.826013853743978E-15 -1.726258317600189E-15 -1.058675906200456E-15 -3.649174901301810E-15 
9.475029930787468E-16 -1.812489082417233E-17 -8.973732969717523E-16 -1.066652217551222E-15 3.640892097806154E-16 3.749999999999999E+00 2.094553929656859E-15 -7.050404253994365E-16 3.968626966596883E+00 3.235598095875647E-16 -2.645333228563293E-16 -3.113948711679706E-16 -2.012279232133096E-16 -1.710979448399375E-15 -1.414324793348395E-15 -1.765143322890725E-15 -9.150044474934423E-16 -1.361757928641794E-15 -3.108190788081444E-15 -5.277665782697782E-15 -6.132013706484571E-15 3.934398732014104E-15 2.990617384085310E-15 2.366162821232365E-15 -2.354887118638516E-15 -3.836124126688212E-15 -5.540196868435675E-15 -1.562903095412667E-14 8.716458417017741E-16 2.394445446613707E-16 4.982125823005390E-15 1.613292832658430E-16 -7.836179621856232E-15 -7.415448192559654E-15 -1.199961337298950E-14 0.000000000000000E+00 
0.000000000000000E+00 0.000000000000000E+00 0.000000000000000E+00 1.984313483298442E+00 -1.984313483298442E+00 2.002052618545510E-15 5.249999999999999E+00 -5.249999999999997E+00 1.631383423057886E-15 -2.579680313208270E-15 2.598076211353316E+00 -2.598076211353314E+00 3.159689326962566E-16 7.157069418685002E-16 1.397500454528299E-15 -1.471045507628332E-15 -3.330669073875470E-15 3.843724696259024E-15 7.317064139503727E-15 2.826517900866726E-16 -4.284434372840381E-16 1.665334536937735E-16 -2.109423746787797E-15 4.625300777612908E-15 7.883559742639469E-15 -1.529912018047696E-14 -1.360661231902923E-15 -4.248549088710610E-16 1.387778780781446E-15 3.552713678800501E-15 6.165633121790948E-16 2.605369899024037E-15 -1.780701325537749E-14 3.879533852828755E-15 -4.029681495626408E-17 0.000000000000000E+00 
0.000000000000000E+00 0.000000000000000E+00 0.000000000000000E+00 -1.984313483298442E+00 1.984313483298442E+00 -5.483543456769460E-16 -5.249999999999997E+00 5.249999999999997E+00 -1.395461030325040E-15 2.877185389338292E-15 -2.598076211353316E+00 2.598076211353313E+00 -6.033617509515813E-15 1.251469479889199E-15 4.654841384535438E-16 1.360023205165817E-15 4.080069615497450E-15 -7.285416072597009E-15 -2.668005223885884E-15 -4.168866057143715E-15 -2.683657254881932E-15 -8.881784197001252E-16 3.330669073875470E-15 -2.848943938212657E-15 -2.221422317051169E-15 9.737737158604841E-16 6.528398435957617E-16 -5.028249184894979E-15 -7.771561172376096E-16 -3.719247132494274E-15 -1.060652522029158E-15 -4.959461522362397E-16 7.134994431168169E-15 -7.435874891316825E-16 0.000000000000000E+00 0.000000000000000E+00 
0.000000000000000E+00 0.000000000000000E+00 0.000000000000000E+00 5.617784489973501E-16 -1.463834656505290E-15 3.968626966596885E+00 1.581783667222223E-15 -1.429128001336264E-15 6.999999999999996E+00 -6.722053469410154E-18 -1.664830306487279E-15 -2.825980606608515E-17 4.472135954999575E+00 -1.994931997373328E-15 2.281371435080420E-15 -6.429410669829239E-16 -3.284472882628568E-15 -7.355227538141662E-16 -2.726985304235541E-15 -2.912925976816805E-15 -2.598863947666803E-15 2.732872772422683E-15 2.915386865357800E-15 6.300515664747763E-15 -4.114764085016986E-15 -1.168509733417977E-14 -5.708487068462054E-15 -1.197052710861374E-14 0.000000000000000E+00 0.000000000000000E+00 2.609024107869118E-15 -3.885780586188047E-16 -1.844011054963346E-14 -1.610999745063624E-14 0.000000000000000E+00 0.000000000000000E+00 
0.000000000000000E+00 0.000000000000000E+00 0.000000000000000E+00 2.151057110211241E-15 -1.970645868709653E-15 8.431098792958705E-16 -2.928213227448850E-15 3.441691376337985E-15 -4.470931768374544E-16 1.399999999999998E+01 -8.604228440844963E-16 -1.859623566247137E-15 -4.847334991937799E-15 1.341640786499873E+01 0.000000000000000E+00 -1.193489751472043E-15 8.049116928532385E-16 2.592837547630247E-15 -1.843594924428655E-17 2.228592810842609E-14 0.000000000000000E+00 -1.720845688168993E-15 -2.053912595556540E-15 1.570499453485216E-15 -7.500454542765636E-15 1.456936665538357E-14 -2.708760612890110E-14 0.000000000000000E+00 0.000000000000000E+00 0.000000000000000E+00 -4.371704674127832E-15 4.707160570264700E-15 6.504167437841565E-15 0.000000000000000E+00 0.000000000000000E+00 0.000000000000000E+00 
0.000000000000000E+00 0.000000000000000E+00 0.000000000000000E+00 0.000000000000000E+00 0.000000000000000E+00 0.000000000000000E+00 2.598076211353316E+00 -2.598076211353316E+00 -1.560822405885111E-15 -3.167730576819230E-16 5.625000000000001E+00 -5.625000000000001E+00 1.203279051801291E-15 -5.769343350515689E-15 0.000000000000000E+00 2.781074432660871E+00 -2.781074432660873E+00 3.730566634742481E-15 -1.048937093419018E-14 -3.629812602821188E-15 0.000000000000000E+00 -9.436895709313831E-16 -3.386180225106727E-15 -2.704082481272492E-15 -1.839299350378822E-15 7.605697959068619E-15 -7.025186094767137E-15 0.000000000000000E+00 0.000000000000000E+00 0.000000000000000E+00 0.000000000000000E+00 7.093479762864751E-16 0.000000000000000E+00 0.000000000000000E+00 0.000000000000000E+00 0.000000000000000E+00 
0.000000000000000E+00 0.000000000000000E+00 0.000000000000000E+00 0.000000000000000E+00 0.000000000000000E+00 0.000000000000000E+00 0.000000000000000E+00 0.000000000000000E+00 -3.126789481698408E-16 -2.323476072754777E-15 -5.625000000000001E+00 5.625000000000000E+00 -2.757591286276510E-15 -5.763098317778125E-15 0.000000000000000E+00 -2.781074432660871E+00 2.781074432660873E+00 -5.506923474142732E-15 -1.132589509800634E-16 -1.211106821819236E-14 0.000000000000000E+00 -6.106226635438361E-16 4.496403249731884E-15 -7.509969345278947E-15 7.945525985817183E-15 -1.192862886120282E-14 -1.239504321879322E-14 0.000000000000000E+00 0.000000000000000E+00 0.000000000000000E+00 0.000000000000000E+00 -2.485704815686726E-15 0.000000000000000E+00 0.000000000000000E+00 0.000000000000000E+00 0.000000000000000E+00 
0.000000000000000E+00 0.000000000000000E+00 0.000000000000000E+00 0.000000000000000E+00 0.000000000000000E+00 0.000000000000000E+00 0.000000000000000E+00 0.000000000000000E+00 0.000000000000000E+00 0.000000000000000E+00 0.000000000000000E+00 0.000000000000000E+00 1.249999999999999E+01 -1.998401444325282E-15 0.000000000000000E+00 0.000000000000000E+00 0.000000000000000E+00 6.755037451669027E+00 1.110223024625156E-16 0.000000000000000E+00 0.000000000000000E+00 0.000000000000000E+00 0.000000000000000E+00 1.554312234475219E-15 -5.828670879282073E-15 -1.840888552706588E-14 0.000000000000000E+00 0.000000000000000E+00 0.000000000000000E+00 0.000000000000000E+00 0.000000000000000E+00 0.000000000000000E+00 0.000000000000000E+00 0.000000000000000E+00 0.000000000000000E+00 0.000000000000000E+00 
0.000000000000000E+00 0.000000000000000E+00 0.000000000000000E+00 0.000000000000000E+00 0.000000000000000E+00 0.000000000000000E+00 0.000000000000000E+00 0.000000000000000E+00 0.000000000000000E+00 0.000000000000000E+00 0.000000000000000E+00 0.000000000000000E+00 -3.643393009172200E-15 2.249999999999999E+01 0.000000000000000E+00 0.000000000000000E+00 0.000000000000000E+00 4.082094242068299E-15 1.436140661634507E+01 0.000000000000000E+00 0.000000000000000E+00 0.000000000000000E+00 0.000000000000000E+00 -4.551561076581700E-15 -1.091125927608189E-14 -5.007027653564424E-15 0.000000000000000E+00 0.000000000000000E+00 0.000000000000000E+00 0.000000000000000E+00 0.000000000000000E+00 0.000000000000000E+00 0.000000000000000E+00 0.000000000000000E+00 0.000000000000000E+00 0.000000000000000E+00 
0.000000000000000E+00 0.000000000000000E+00 0.000000000000000E+00 0.000000000000000E+00 0.000000000000000E+00 0.000000000000000E+00 0.000000000000000E+00 0.000000000000000E+00 0.000000000000000E+00 0.000000000000000E+00 0.000000000000000E+00 0.000000000000000E+00 0.000000000000000E+00 -2.069525106840331E-15 0.000000000000000E+00 0.000000000000000E+00 0.000000000000000E+00 3.885780586188052E-16 2.083402894648146E-15 0.000000000000000E+00 0.000000000000000E+00 0.000000000000000E+00 0.000000000000000E+00 -6.189493362285248E-15 2.068484272754745E-14 0.000000000000000E+00 0.000000000000000E+00 0.000000000000000E+00 0.000000000000000E+00 0.000000000000000E+00 0.000000000000000E+00 0.000000000000000E+00 0.000000000000000E+00 0.000000000000000E+00 0.000000000000000E+00 0.000000000000000E+00 
0.000000000000000E+00 0.000000000000000E+00 0.000000000000000E+00 0.000000000000000E+00 0.000000000000000E+00 0.000000000000000E+00 0.000000000000000E+00 0.000000000000000E+00 0.000000000000000E+00 0.000000000000000E+00 0.000000000000000E+00 0.000000000000000E+00 0.000000000000000E+00 0.000000000000000E+00 0.000000000000000E+00 0.000000000000000E+00 0.000000000000000E+00 0.000000000000000E+00 6.993017061845982E-16 0.000000000000000E+00 0.000000000000000E+00 0.000000000000000E+00 0.000000000000000E+00 0.000000000000000E+00 5.764698383604635E-15 0.000000000000000E+00 0.000000000000000E+00 0.000000000000000E+00 0.000000000000000E+00 0.000000000000000E+00 0.000000000000000E+00 0.000000000000000E+00 0.000000000000000E+00 0.000000000000000E+00 0.000000000000000E+00 0.000000000000000E+00 
0.000000000000000E+00 0.000000000000000E+00 0.000000000000000E+00 0.000000000000000E+00 0.000000000000000E+00 0.000000000000000E+00 0.000000000000000E+00 0.000000000000000E+00 0.000000000000000E+00 0.000000000000000E+00 0.000000000000000E+00 0.000000000000000E+00 0.000000000000000E+00 0.000000000000000E+00 0.000000000000000E+00 0.000000000000000E+00 0.000000000000000E+00 0.000000000000000E+00 1.056099866686402E-16 0.000000000000000E+00 0.000000000000000E+00 0.000000000000000E+00 0.000000000000000E+00 0.000000000000000E+00 -7.319010618079855E-15 0.000000000000000E+00 0.000000000000000E+00 0.000000000000000E+00 0.000000000000000E+00 0.000000000000000E+00 0.000000000000000E+00 0.000000000000000E+00 0.000000000000000E+00 0.000000000000000E+00 0.000000000000000E+00 0.000000000000000E+00 
0.000000000000000E+00 0.000000000000000E+00 0.000000000000000E+00 0.000000000000000E+00 0.000000000000000E+00 0.000000000000000E+00 0.000000000000000E+00 0.000000000000000E+00 0.000000000000000E+00 0.000000000000000E+00 0.000000000000000E+00 0.000000000000000E+00 0.000000000000000E+00 0.000000000000000E+00 0.000000000000000E+00 0.000000000000000E+00 0.000000000000000E+00 0.000000000000000E+00 0.000000000000000E+00 0.000000000000000E+00 0.000000000000000E+00 0.000000000000000E+00 0.000000000000000E+00 0.000000000000000E+00 2.997602166487921E-15 0.000000000000000E+00 0.000000000000000E+00 0.000000000000000E+00 0.000000000000000E+00 0.000000000000000E+00 0.000000000000000E+00 0.000000000000000E+00 0.000000000000000E+00 0.000000000000000E+00 0.000000000000000E+00 0.000000000000000E+00 
# non-zero value of Srs
3.000000000000000E+00 -1.500000000000000E+00 -1.500000000000000E+00 -3.872983346207420E+00 1.936491673103709E+00 1.936491673103708E+00 -2.287436782604247E-15 3.724451302922205E-15 -3.109830312637584E-16 -1.807089284073733E-15 4.501028415916401E-15 3.660266534311063E-16 2.402735527191483E-15 -1.148838534251947E-15 -1.469327397151722E-15 1.639839362145729E-15 -2.203098814490545E-15 1.953008687036900E-15 -5.291531245176978E-15 9.810911975686440E-16 -1.209241667584820E-14 -5.573863657070929E-15 -1.053671039308313E-14 5.072398092270567E-15 5.266517688612670E-15 -2.676974619755590E-15 -2.068651356176446E-14 -4.989148354243314E-16 2.412980821488048E-15 4.520689378395559E-15 -6.000842561707725E-15 -4.355904691421288E-15 -7.718238609886184E-15 -1.179032543807463E-14 -8.360597772183859E-15 -1.145522797574507E-14 
-1.500000000000000E+00 5.646779750684887E-16 1.500000000000000E+00 1.936491673103710E+00 -8.910849551000325E-16 -1.936491673103709E+00 1.139865862514565E-15 -2.109372406056772E-15 4.390753889436201E-16 1.229328202917135E-15 -2.977045537566610E-15 2.055364271990937E-16 -3.993945860226954E-17 2.028204371427249E-15 3.255525665526502E-15 3.507172345434403E-15 2.194338042753711E-15 -2.759595667826403E-15 4.114725046635532E-15 3.726456437697056E-15 1.119980330834367E-14 -8.075441402035084E-15 -2.497501055286113E-15 2.802476161065511E-15 -3.699129724893076E-15 1.123918930655702E-15 5.545870612255446E-15 3.769053129645713E-15 1.929699364292052E-15 6.610363841537466E-15 -2.995444466631697E-15 1.118862844799715E-15 5.197932256871856E-15 -4.857578925267940E-15 -5.849315016883425E-16 6.644712648591442E-15 
-1.500000000000000E+00 1.500000000000000E+00 -4.590109686221978E-16 1.936491673103709E+00 -1.936491673103708E+00 -4.943095187499988E-16 -1.678616717457667E-16 -8.901446552654506E-16 1.043174237192704E-16 2.602579641387946E-15 -6.225872176338581E-16 5.955122499985014E-17 6.349478060597766E-16 2.227600076403076E-15 9.772735890474650E-16 -1.073496441157910E-15 1.320302955534296E-15 1.427375068457937E-15 -6.800023038244872E-17 -1.044247450044703E-15 -1.199401570803016E-15 3.204454101848836E-15 1.382497392630850E-15 -4.785824527717312E-16 3.415051397757875E-15 -3.658145278486523E-15 9.233878665823808E-16 4.926437400439164E-16 -2.777287848385292E-15 -3.534356244922016E-15 2.491254399343197E-15 2.689343915593799E-15 -2.547374915590210E-15 -2.943490428360667E-15 3.030339396485054E-15 9.883747758989622E-15 
-3.872983346207420E+00 1.936491673103710E+00 1.936491673103709E+00 3.750000000000003E+00 -3.750000000000001E+00 -3.750000000000001E+00 1.984313483298440E+00 1.984313483298445E+00 -3.968626966596886E+00 -1.148721085054452E-15 -2.500500469934916E-15 -2.546577434709490E-16 6.477872962671098E-15 6.200903990797650E-15 1.028035778503882E-15 3.611430697857913E-15 -3.035532449830319E-15 4.209309375134490E-15 1.829696555801427E-14 5.458604731361134E-15 7.352827499298993E-15 -1.360581556260112E-14 -2.916011082466157E-16 4.183980866647092E-15 2.774772870214458E-15 1.813734854277742E-14 1.488076445399267E-14 7.001485578255253E-15 -1.163718161321123E-15 1.695598506189263E-15 -1.582529945192483E-15 1.525541472497247E-15 2.124910261774128E-14 9.134927490536461E-15 1.806749677137272E-14 1.896440101154072E-14 
1.936491673103709E+00 -8.910849551000325E-16 -1.936491673103708E+00 -3.750000000000001E+00 3.749999999999998E+00 3.750000000000000E+00 -5.952940449895324E+00 1.984313483298440E+00 3.968626966596885E+00 4.224977080889359E-15 -8.773527452895688E-16 9.020562075079397E-16 -5.800005474414290E-15 -1.592887144028645E-15 6.100758882067570E-16 -2.813691532037676E-15 2.692290834716005E-15 -5.801169187069764E-15 -8.737843288090358E-15 -1.307316452250682E-15 2.187628781930541E-16 1.053205312745273E-14 7.022160630754115E-15 -6.755285863112761E-15 -5.497800394122377E-15 -8.239381771929293E-15 5.434085297891449E-15 -4.686801797350945E-16 -2.124356495814848E-15 -8.167078124898808E-15 9.461070414895292E-15 -1.559630268253234E-15 -1.783595715105835E-14 -4.509449206943898E-15 -3.860761097168866E-15 8.949019274356780E-15 
1.936491673103708E+00 -1.936491673103709E+00 -4.943095187499988E-16 -3.750000000000001E+00 3.750000000000000E+00 3.749999999999997E+00 1.984313483298442E+00 -1.984313483298443E+00 3.968626966596883E+00 4.582575694955835E+00 8.849334549976176E-15 3.555661019503837E-15 -6.415874775900221E-15 -8.840314646230422E-15 -8.701413613081133E-15 -9.074593054327801E-15 -6.569948427684709E-15 5.195496810550537E-15 -9.490254248432831E-15 -1.043085837973065E-14 -1.506149637207554E-14 -7.011608261572934E-15 1.156347677403737E-14 -2.470246229790973E-15 -1.249591498865377E-15 -1.252372771459731E-14 -7.894259675060270E-15 -9.927107689556682E-15 1.746961543684381E-14 -9.013653148218292E-15 -2.650657471292561E-15 1.795503708486202E-14 -1.465353446222784E-14 5.787825786071179E-15 -6.768001936304239E-15 0.000000000000000E+00 
0.000000000000000E+00 0.000000000000000E+00 0.000000000000000E+00 1.984313483298440E+00 -5.952940449895324E+00 1.984313483298442E+00 5.249999999999999E+00 -5.249999999999993E+00 -3.499999999999998E+00 5.058068711147599E-15 2.598076211353317E+00 5.196152422706636E+00 -8.944271909999149E+00 7.176278073686062E-15 -4.513295938029229E-15 -1.805566438848998E-15 9.822245792549483E-16 8.537671016933767E-15 1.012559511233744E-14 -4.580312518917992E-15 -8.479440448516503E-15 -1.300134594606787E-14 -1.788510952527420E-15 1.224296062060155E-14 5.957853951831834E-15 -5.174980040503033E-15 -3.272561742849473E-15 -1.189209361268556E-14 1.185568528278082E-14 4.544458633941087E-15 -4.026062151724955E-15 8.056333853961681E-15 -6.304618215493287E-15 -1.701625050120810E-15 9.859417052682400E-16 0.000000000000000E+00 
0.000000000000000E+00 0.000000000000000E+00 0.000000000000000E+00 1.984313483298445E+00 1.984313483298440E+00 -1.984313483298443E+00 -5.249999999999993E+00 5.249999999999988E+00 3.500000000000003E+00 4.384004467864134E-16 -1.039230484541326E+01 2.598076211353313E+00 8.944271909999150E+00 4.947936317183186E-16 2.405098884488265E-15 4.070744206622633E-15 2.137179322403426E-15 -8.247472956687288E-15 -1.152936558004655E-14 -4.896206694201859E-15 -1.087572028614877E-14 1.129265437102605E-14 2.942091015256665E-15 -3.410426677803517E-15 -4.878250202425470E-15 -2.775747995994287E-15 -1.369078263697348E-14 3.057009387814683E-15 -5.547713851011006E-15 -1.348920974919565E-14 4.945739453841514E-15 -1.162326230072845E-15 -4.810298118266165E-15 -2.319285650969631E-15 0.000000000000000E+00 0.000000000000000E+00 
0.000000000000000E+00 0.000000000000000E+00 0.000000000000000E+00 -3.968626966596886E+00 3.968626966596885E+00 3.968626966596883E+00 -3.499999999999998E+00 3.500000000000003E+00 6.999999999999990E+00 8.082903768654758E+00 3.464101615137757E+00 -3.464101615137759E+00 4.472135954999572E+00 7.745966692414826E+00 -5.514916323091923E-15 -7.234951654206004E-15 1.591254844248978E-15 -7.216449660063525E-16 -1.308584763764999E-14 -3.411523450888576E-15 8.135241557326503E-16 -6.043791974809978E-15 6.586077125031506E-15 -3.039235529911366E-15 -3.402104886036366E-15 -1.659566581380112E-14 -2.014334066898392E-15 5.328399138710935E-15 0.000000000000000E+00 0.000000000000000E+00 1.942890293094027E-16 1.466714815547324E-14 -2.933157189355384E-14 -1.641842080177827E-14 0.000000000000000E+00 0.000000000000000E+00 
0.000000000000000E+00 0.000000000000000E+00 0.000000000000000E+00 -1.148721085054452E-15 4.224977080889359E-15 4.582575694955835E+00 5.058068711147599E-15 4.384004467864134E-16 8.082903768654758E+00 1.399999999999997E+01 -3.796721041009298E-15 -1.675486411295011E-15 -2.581988897471608E+00 1.341640786499872E+01 0.000000000000000E+00 -6.693405257020543E-15 -3.709304028846173E-15 -6.882158964927164E-15 1.895132012613235E-15 4.249247440530151E-15 0.000000000000000E+00 1.490128804882277E-14 9.678577684452137E-15 -6.308201597081537E-15 -5.044274015945351E-15 -1.391175751053086E-14 -9.260973623774988E-15 0.000000000000000E+00 0.000000000000000E+00 0.000000000000000E+00 1.240170172398908E-14 2.022471408907634E-14 -1.710360641124373E-14 0.000000000000000E+00 0.000000000000000E+00 0.000000000000000E+00 
0.000000000000000E+00 0.000000000000000E+00 0.000000000000000E+00 0.000000000000000E+00 0.000000000000000E+00 0.000000000000000E+00 2.598076211353317E+00 -1.039230484541326E+01 3.464101615137757E+00 -3.796721041009298E-15 5.625000000000000E+00 -5.624999999999998E+00 -4.841229182759273E+00 -7.353055428938654E-15 0.000000000000000E+00 2.781074432660878E+00 8.343223297982615E+00 -1.308107377666078E+01 -6.227231641811925E-15 1.884263928005708E-15 0.000000000000000E+00 6.537453390368054E-15 -7.602324831376190E-16 7.406582537300414E-15 2.602414287872424E-15 -2.213497992325075E-14 -1.812587610682052E-14 0.000000000000000E+00 0.000000000000000E+00 0.000000000000000E+00 0.000000000000000E+00 -5.496629011785899E-15 0.000000000000000E+00 0.000000000000000E+00 0.000000000000000E+00 0.000000000000000E+00 
0.000000000000000E+00 0.000000000000000E+00 0.000000000000000E+00 0.000000000000000E+00 0.000000000000000E+00 0.000000000000000E+00 0.000000000000000E+00 0.000000000000000E+00 -3.464101615137759E+00 -1.675486411295011E-15 -5.624999999999998E+00 5.624999999999995E+00 4.841229182759268E+00 -4.917611525648427E-15 0.000000000000000E+00 -1.390537216330437E+01 2.781074432660872E+00 1.308107377666079E+01 5.089150053178395E-15 -1.174059843162071E-14 0.000000000000000E+00 7.045855027190122E-15 -7.716050021144838E-15 -1.234021632647093E-14 2.032344952070659E-14 -1.462335591689922E-14 -1.867291252443512E-14 0.000000000000000E+00 0.000000000000000E+00 0.000000000000000E+00 0.000000000000000E+00 -5.664194548716795E-15 0.000000000000000E+00 0.000000000000000E+00 0.000000000000000E+00 0.000000000000000E+00 
0.000000000000000E+00 0.000000000000000E+00 0.000000000000000E+00 0.000000000000000E+00 0.000000000000000E+00 0.000000000000000E+00 0.000000000000000E+00 0.000000000000000E+00 0.000000000000000E+00 0.000000000000000E+00 0.000000000000000E+00 0.000000000000000E+00 1.249999999999999E+01 8.660254037844382E+00 0.000000000000000E+00 0.000000000000000E+00 0.000000000000000E+00 6.755037451669023E+00 1.658312395177698E+01 0.000000000000000E+00 0.000000000000000E+00 0.000000000000000E+00 0.000000000000000E+00 6.106226635438361E-15 -3.442376370974356E-14 -1.849562170086472E-14 0.000000000000000E+00 0.000000000000000E+00 0.000000000000000E+00 0.000000000000000E+00 0.000000000000000E+00 0.000000000000000E+00 0.000000000000000E+00 0.000000000000000E+00 0.000000000000000E+00 0.000000000000000E+00 
0.000000000000000E+00 0.000000000000000E+00 0.000000000000000E+00 0.000000000000000E+00 0.000000000000000E+00 0.000000000000000E+00 0.000000000000000E+00 0.000000000000000E+00 0.000000000000000E+00 0.000000000000000E+00 0.000000000000000E+00 0.000000000000000E+00 8.660254037844382E+00 2.249999999999998E+01 0.000000000000000E+00 0.000000000000000E+00 0.000000000000000E+00 -4.680027229328534E+00 1.436140661634505E+01 0.000000000000000E+00 0.000000000000000E+00 0.000000000000000E+00 0.000000000000000E+00 -2.824884381625801E-14 6.282584941481102E-16 -3.038272265598112E-14 0.000000000000000E+00 0.000000000000000E+00 0.000000000000000E+00 0.000000000000000E+00 0.000000000000000E+00 0.000000000000000E+00 0.000000000000000E+00 0.000000000000000E+00 0.000000000000000E+00 0.000000000000000E+00 
0.000000000000000E+00 0.000000000000000E+00 0.000000000000000E+00 0.000000000000000E+00 0.000000000000000E+00 0.000000000000000E+00 0.000000000000000E+00 0.000000000000000E+00 0.000000000000000E+00 0.000000000000000E+00 0.000000000000000E+00 0.000000000000000E+00 0.000000000000000E+00 1.948557158514986E+01 0.000000000000000E+00 0.000000000000000E+00 0.000000000000000E+00 -5.684471990341506E-16 -4.145780987944249E+00 0.000000000000000E+00 0.000000000000000E+00 0.000000000000000E+00 0.000000000000000E+00 6.879154364203279E-15 2.242222579859475E-14 0.000000000000000E+00 0.000000000000000E+00 0.000000000000000E+00 0.000000000000000E+00 0.000000000000000E+00 0.000000000000000E+00 0.000000000000000E+00 0.000000000000000E+00 0.000000000000000E+00 0.000000000000000E+00 0.000000000000000E+00 
0.000000000000000E+00 0.000000000000000E+00 0.000000000000000E+00 0.000000000000000E+00 0.000000000000000E+00 0.000000000000000E+00 0.000000000000000E+00 0.000000000000000E+00 0.000000000000000E+00 0.000000000000000E+00 0.000000000000000E+00 0.000000000000000E+00 0.000000000000000E+00 0.000000000000000E+00 0.000000000000000E+00 0.000000000000000E+00 0.000000000000000E+00 0.000000000000000E+00 -1.243774872581277E-14 0.000000000000000E+00 0.000000000000000E+00 0.000000000000000E+00 0.000000000000000E+00 0.000000000000000E+00 -6.808821586205511E-15 0.000000000000000E+00 0.000000000000000E+00 0.000000000000000E+00 0.000000000000000E+00 0.000000000000000E+00 0.000000000000000E+00 0.000000000000000E+00 0.000000000000000E+00 0.000000000000000E+00 0.000000000000000E+00 0.000000000000000E+00 
0.000000000000000E+00 0.000000000000000E+00 0.000000000000000E+00 0.000000000000000E+00 0.000000000000000E+00 0.000000000000000E+00 0.000000000000000E+00 0.000000000000000E+00 0.000000000000000E+00 0.000000000000000E+00 0.000000000000000E+00 0.000000000000000E+00 0.000000000000000E+00 0.000000000000000E+00 0.000000000000000E+00 0.000000000000000E+00 0.000000000000000E+00 0.000000000000000E+00 -1.848484684304500E-14 0.000000000000000E+00 0.000000000000000E+00 0.000000000000000E+00 0.000000000000000E+00 0.000000000000000E+00 -8.147126559812026E-15 0.000000000000000E+00 0.000000000000000E+00 0.000000000000000E+00 0.000000000000000E+00 0.000000000000000E+00 0.000000000000000E+00 0.000000000000000E+00 0.000000000000000E+00 0.000000000000000E+00 0.000000000000000E+00 0.000000000000000E+00 
0.000000000000000E+00 0.000000000000000E+00 0.000000000000000E+00 0.000000000000000E+00 0.000000000000000E+00 0.000000000000000E+00 0.000000000000000E+00 0.000000000000000E+00 0.000000000000000E+00 0.000000000000000E+00 0.000000000000000E+00 0.000000000000000E+00 0.000000000000000E+00 0.000000000000000E+00 0.000000000000000E+00 0.000000000000000E+00 0.000000000000000E+00 0.000000000000000E+00 0.000000000000000E+00 0.000000000000000E+00 0.000000000000000E+00 0.000000000000000E+00 0.000000000000000E+00 0.000000000000000E+00 2.481930311651167E+01 0.000000000000000E+00 0.000000000000000E+00 0.000000000000000E+00 0.000000000000000E+00 0.000000000000000E+00 0.000000000000000E+00 0.000000000000000E+00 0.000000000000000E+00 0.000000000000000E+00 0.000000000000000E+00 0.000000000000000E+00 
# non-zero value of Sss
1.500000000000001E+00 -2.823389875342486E-16 -1.500000000000001E+00 -1.936491673103709E+00 1.377370439925585E-15 1.936491673103708E+00 -4.937023012629993E-15 -1.797173521111972E-15 2.255140518769849E-15 -2.346213501258632E-15 2.456368441983159E-15 4.052314039881821E-15 -4.593547764386585E-15 -1.977584762613560E-15 1.575128916186941E-15 -4.149458554536523E-15 -4.371503159461554E-15 7.285838599102590E-15 1.633784253718407E-15 -6.489600523629235E-15 -6.590539745887636E-15 1.246225345141738E-14 1.179611963664229E-15 -6.938893903907228E-15 7.368671645080482E-15 1.595945597898663E-16 -3.104396080477745E-15 -5.901204004621352E-15 -1.029731855339833E-14 8.465450562766819E-16 -1.512678871051776E-15 -1.014119344056041E-14 -2.029626466892864E-15 -1.404909175106717E-14 -6.159257674200058E-15 3.401982471770704E-15 
-2.823389875342484E-16 9.961153010228733E-30 2.823389875342398E-16 -1.367622822671674E-16 -6.282412641706918E-16 1.367622822671723E-16 1.511253596519457E-15 -7.130816810784521E-16 -8.063923082286039E-16 3.483328928439305E-16 2.582508501841504E-15 1.833184956357200E-15 -1.929983780914886E-15 3.044608188812027E-16 4.228710288098672E-19 -5.452574080755159E-15 -3.153023307708985E-15 2.739048571112746E-15 -2.905047365602525E-15 3.538870263449492E-15 4.918948912582343E-15 1.108440942346818E-14 9.341983895893260E-15 -9.654270065798897E-15 1.542160413815919E-15 -5.143210394262077E-15 -1.629659317586749E-15 3.829433705492788E-15 -1.290289626295181E-14 -8.602490962385603E-15 1.286909387616829E-14 2.599510568114435E-16 3.875601873564565E-15 -1.071964489655264E-15 -4.897989459841787E-15 -1.557301864840286E-15 
-1.500000000000001E+00 2.823389875342400E-16 1.500000000000001E+00 1.936491673103710E+00 -2.558717127065790E-16 -1.936491673103709E+00 8.049116928532385E-16 2.432082313319484E-15 8.673617379884035E-17 2.426878142891553E-15 -5.419276138951545E-15 -3.712308238590367E-15 5.564992910933597E-15 3.171074514085603E-15 1.788499903732088E-15 5.564992910933597E-15 4.315992008230296E-15 -4.010680676458378E-15 3.319935472367863E-15 1.542169170143382E-15 1.045712995362269E-15 -1.001976279724204E-14 -9.159339953157541E-15 1.088018564132653E-14 -5.013350845572973E-16 4.059252933785729E-16 1.674712885729734E-15 1.680404947135283E-15 1.572353358625378E-14 1.178224184883447E-14 -1.318389841742373E-14 5.471317843230850E-15 3.743533261157950E-15 1.207367539279858E-15 5.102350291406876E-15 2.168241714645136E-15 
-1.936491673103709E+00 -1.367622822671677E-16 1.936491673103710E+00 3.750000000000003E+00 -2.113714578916521E-15 -3.750000000000002E+00 -1.984313483298440E+00 2.391999260239190E-15 -1.475835489725216E-15 -2.291287847477919E+00 -1.100037977562068E-14 -5.009165643837132E-15 1.111273764424616E-14 4.918453542116049E-15 1.937585863232129E-16 8.143675045500901E-15 4.498820974733729E-15 -5.663535890681582E-15 1.062602648239995E-14 7.487511283566931E-15 6.720069783965426E-15 4.572502659098377E-15 -3.959878589987643E-19 -3.106683859626077E-15 3.458659361536408E-15 6.411526133827154E-15 3.929537204223669E-15 8.524408027195342E-15 -7.878208759285758E-15 6.251887622705258E-15 6.443042260941940E-15 -3.577564332320390E-15 6.740829001423179E-15 6.913225800086774E-15 1.198061323377389E-14 5.142966315890312E-15 
1.405126015541214E-15 -6.282412641706922E-16 -4.059252933785729E-16 -2.071259830316308E-15 3.750000000000000E+00 6.834810495348620E-16 -3.968626966596883E+00 -1.984313483298442E+00 3.968626966596886E+00 2.291287847477924E+00 -2.886579864025407E-15 -5.634381849972669E-15 1.471045507628332E-15 2.255140518769849E-17 1.290634266126744E-15 5.329070518200751E-15 6.772360450213455E-15 -7.216449660063518E-15 -2.972448676086259E-15 -1.387778780781446E-17 -1.869598226234004E-15 -1.365574320288943E-14 -6.883382752675971E-15 6.217248937900877E-15 -5.660402702112322E-15 1.804112415015879E-15 6.659386583840465E-15 4.041472018156966E-15 2.287059430727822E-14 8.382183835919932E-15 -1.404432126150823E-14 1.508515534709431E-14 -1.296185381249870E-14 -3.247402347028583E-15 7.590390989353768E-15 4.645481048448641E-15 
1.936491673103708E+00 1.367622822671724E-16 -1.936491673103709E+00 -3.750000000000002E+00 8.301060192781873E-16 3.750000000000000E+00 1.984313483298440E+00 -1.597450918164784E-16 -1.017887377828331E-15 2.291287847477914E+00 6.948752547623464E-15 2.061526416778315E-15 -5.990715105091612E-15 -5.504630546143837E-15 -4.337349944984288E-15 -5.088709039851834E-15 -4.923046387581604E-16 3.946736257527388E-15 -7.782424642744464E-15 -8.282843177851651E-15 -8.506031132989672E-15 6.081581654319457E-15 5.071828562975635E-15 -5.484838616492667E-15 5.484819017794690E-15 -9.905670669669241E-16 -4.148636011066617E-15 -8.863971207301317E-15 -1.447004768073338E-14 -1.583795981356047E-14 1.178587537051644E-14 -3.782239985116396E-15 -8.691244663511812E-15 2.198244733455632E-15 5.583535097989254E-16 0.000000000000000E+00 
0.000000000000000E+00 0.000000000000000E+00 0.000000000000000E+00 -1.984313483298442E+00 -3.968626966596883E+00 1.984313483298442E+00 1.224999999999999E+01 3.499999999999998E+00 -6.999999999999994E+00 2.020725942163685E+00 -6.928203230275495E+00 -8.660254037844233E-01 2.236067977499782E+00 -3.872983346207415E+00 -4.086109382930037E-15 -1.710445636262677E-14 -1.894636160226206E-14 2.247187036712483E-14 7.741664445028056E-15 -1.007234153028563E-14 -1.132469691964083E-14 7.003934155161824E-15 1.623438672203908E-14 -1.064341551142359E-14 5.653116160579317E-15 1.218839104751100E-14 -3.788025459950168E-15 -1.630716480294814E-14 -2.477685108366370E-14 -3.977231768312536E-14 2.232531694503224E-14 -3.859651468869893E-15 9.776920604922084E-15 1.598925227662463E-14 -3.412171142514858E-15 0.000000000000000E+00 
0.000000000000000E+00 0.000000000000000E+00 0.000000000000000E+00 2.525757381022231E-15 -1.984313483298442E+00 4.163336342344337E-17 3.499999999999997E+00 1.224999999999999E+01 -3.500000000000001E+00 -2.020725942163696E+00 -8.660254037844380E+00 -6.928203230275511E+00 1.118033988749894E+01 3.872983346207419E+00 -3.330669073875470E-15 -1.376676550535194E-14 3.885780586188048E-15 2.109423746787797E-15 -1.027129770125867E-14 -5.995204332975845E-15 1.061650767297806E-15 2.020605904817785E-14 9.992007221626409E-16 -2.886579864025407E-15 1.302777330458582E-14 -4.440892098500626E-15 -3.524524422315878E-15 -2.645453300864631E-15 -2.942091015256665E-14 -3.064215547965432E-14 1.998401444325282E-14 -1.768030166715562E-14 1.376676550535194E-14 1.706967900361178E-15 0.000000000000000E+00 0.000000000000000E+00 
0.000000000000000E+00 0.000000000000000E+00 0.000000000000000E+00 -2.236877990092841E-15 3.968626966596886E+00 -4.051058638198363E-16 -6.999999999999995E+00 -3.499999999999999E+00 6.999999999999998E+00 4.041451884327380E+00 4.330127018922187E+00 8.660254037844319E-01 -2.236067977499786E+00 3.872983346207411E+00 3.354101966249684E+00 1.347025062905834E-14 7.070275762086636E-15 -1.150179775455964E-14 -1.254944562961444E-15 -1.605291438246706E-16 -2.519610546988142E-15 -1.138247612547271E-14 -6.518296114326957E-15 3.614185950930747E-15 -8.365860037721076E-15 -8.896360196831449E-15 3.634563353109003E-15 5.758954486768805E-15 0.000000000000000E+00 0.000000000000000E+00 -1.264818164500976E-14 9.862800905710805E-15 -2.071580596774716E-14 -1.270770073980305E-14 0.000000000000000E+00 0.000000000000000E+00 
0.000000000000000E+00 0.000000000000000E+00 0.000000000000000E+00 -2.291287847477919E+00 2.291287847477924E+00 2.291287847477915E+00 2.020725942163684E+00 -2.020725942163695E+00 4.041451884327381E+00 9.333333333333318E+00 -4.999999999999815E-01 5.000000000000114E-01 -1.290994448735814E+00 2.236067977499779E+00 0.000000000000000E+00 -2.474464429078123E-14 -2.371067223522057E-14 1.259007210097713E-14 -3.296173317985056E-15 2.493612937154052E-15 0.000000000000000E+00 1.454883153752401E-14 2.453922576678298E-14 -1.631135412365442E-14 -5.047494476830788E-15 -2.092395076728244E-14 -1.848933244711378E-15 0.000000000000000E+00 0.000000000000000E+00 0.000000000000000E+00 8.035476484178475E-15 2.881044890323711E-14 4.200042384046411E-15 0.000000000000000E+00 0.000000000000000E+00 0.000000000000000E+00 
0.000000000000000E+00 0.000000000000000E+00 0.000000000000000E+00 0.000000000000000E+00 0.000000000000000E+00 0.000000000000000E+00 -6.928203230275496E+00 -8.660254037844377E+00 4.330127018922185E+00 -4.999999999999816E-01 2.437500000000000E+01 9.374999999999988E+00 -1.694430213965744E+01 4.192627457812106E+00 0.000000000000000E+00 -1.390537216330435E+01 -2.781074432660859E+00 6.540536888330382E+00 -8.028270361665717E+00 1.375549533434459E-14 0.000000000000000E+00 -2.608226033566726E-14 -2.828578275081758E-14 2.573732082626875E-14 -2.874376231885190E-17 -2.190719428309893E-14 -1.116825371612713E-14 0.000000000000000E+00 0.000000000000000E+00 0.000000000000000E+00 0.000000000000000E+00 4.494862168221948E-15 0.000000000000000E+00 0.000000000000000E+00 0.000000000000000E+00 0.000000000000000E+00 
0.000000000000000E+00 0.000000000000000E+00 0.000000000000000E+00 0.000000000000000E+00 0.000000000000000E+00 0.000000000000000E+00 0.000000000000000E+00 0.000000000000000E+00 8.660254037844333E-01 5.000000000000117E-01 9.374999999999988E+00 2.437500000000000E+01 -1.210307295689817E+01 -4.192627457812107E+00 0.000000000000000E+00 -1.390537216330435E+01 -1.390537216330437E+01 1.962161066499117E+01 8.028270361665713E+00 3.830269434956790E-15 0.000000000000000E+00 -3.930189507173054E-14 -3.508304757815495E-14 2.442490654175344E-14 -7.563394355258879E-16 -1.121325254871408E-14 -9.455977667549575E-15 0.000000000000000E+00 0.000000000000000E+00 0.000000000000000E+00 0.000000000000000E+00 1.965094753586527E-14 0.000000000000000E+00 0.000000000000000E+00 0.000000000000000E+00 0.000000000000000E+00 
0.000000000000000E+00 0.000000000000000E+00 0.000000000000000E+00 0.000000000000000E+00 0.000000000000000E+00 0.000000000000000E+00 0.000000000000000E+00 0.000000000000000E+00 0.000000000000000E+00 0.000000000000000E+00 0.000000000000000E+00 0.000000000000000E+00 1.999999999999999E+01 4.330127018922190E+00 0.000000000000000E+00 0.000000000000000E+00 0.000000000000000E+00 -8.106044942002836E+00 8.291561975888490E+00 0.000000000000000E+00 0.000000000000000E+00 0.000000000000000E+00 0.000000000000000E+00 -2.142372445682048E-14 -5.312546171408871E-15 -4.783735911648584E-15 0.000000000000000E+00 0.000000000000000E+00 0.000000000000000E+00 0.000000000000000E+00 0.000000000000000E+00 0.000000000000000E+00 0.000000000000000E+00 0.000000000000000E+00 0.000000000000000E+00 0.000000000000000E+00 
0.000000000000000E+00 0.000000000000000E+00 0.000000000000000E+00 0.000000000000000E+00 0.000000000000000E+00 0.000000000000000E+00 0.000000000000000E+00 0.000000000000000E+00 0.000000000000000E+00 0.000000000000000E+00 0.000000000000000E+00 0.000000000000000E+00 4.330127018922192E+00 1.499999999999999E+01 0.000000000000000E+00 0.000000000000000E+00 0.000000000000000E+00 -2.340013614664274E+00 -1.672543148495221E-14 0.000000000000000E+00 0.000000000000000E+00 0.000000000000000E+00 0.000000000000000E+00 -7.138200170999832E-16 2.267942705132713E-14 -2.121195852696645E-14 0.000000000000000E+00 0.000000000000000E+00 0.000000000000000E+00 0.000000000000000E+00 0.000000000000000E+00 0.000000000000000E+00 0.000000000000000E+00 0.000000000000000E+00 0.000000000000000E+00 0.000000000000000E+00 
0.000000000000000E+00 0.000000000000000E+00 0.000000000000000E+00 0.000000000000000E+00 0.000000000000000E+00 0.000000000000000E+00 0.000000000000000E+00 0.000000000000000E+00 0.000000000000000E+00 0.000000000000000E+00 0.000000000000000E+00 0.000000000000000E+00 0.000000000000000E+00 9.742785792574924E+00 0.000000000000000E+00 0.000000000000000E+00 0.000000000000000E+00 3.377518725834570E-01 -2.072890493972112E+00 0.000000000000000E+00 0.000000000000000E+00 0.000000000000000E+00 0.000000000000000E+00 -2.361226986174144E-15 -3.593673245917350E-16 0.000000000000000E+00 0.000000000000000E+00 0.000000000000000E+00 0.000000000000000E+00 0.000000000000000E+00 0.000000000000000E+00 0.000000000000000E+00 0.000000000000000E+00 0.000000000000000E+00 0.000000000000000E+00 0.000000000000000E+00 
0.000000000000000E+00 0.000000000000000E+00 0.000000000000000E+00 0.000000000000000E+00 0.000000000000000E+00 0.000000000000000E+00 0.000000000000000E+00 0.000000000000000E+00 0.000000000000000E+00 0.000000000000000E+00 0.000000000000000E+00 0.000000000000000E+00 0.000000000000000E+00 0.000000000000000E+00 0.000000000000000E+00 0.000000000000000E+00 0.000000000000000E+00 0.000000000000000E+00 1.000259341371027E+01 0.000000000000000E+00 0.000000000000000E+00 0.000000000000000E+00 0.000000000000000E+00 0.000000000000000E+00 -1.319164055494895E+01 0.000000000000000E+00 0.000000000000000E+00 0.000000000000000E+00 0.000000000000000E+00 0.000000000000000E+00 0.000000000000000E+00 0.000000000000000E+00 0.000000000000000E+00 0.000000000000000E+00 0.000000000000000E+00 0.000000000000000E+00 
0.000000000000000E+00 0.000000000000000E+00 0.000000000000000E+00 0.000000000000000E+00 0.000000000000000E+00 0.000000000000000E+00 0.000000000000000E+00 0.000000000000000E+00 0.000000000000000E+00 0.000000000000000E+00 0.000000000000000E+00 0.000000000000000E+00 0.000000000000000E+00 0.000000000000000E+00 0.000000000000000E+00 0.000000000000000E+00 0.000000000000000E+00 0.000000000000000E+00 -1.000259341371029E+01 0.000000000000000E+00 0.000000000000000E+00 0.000000000000000E+00 0.000000000000000E+00 0.000000000000000E+00 1.319164055494896E+01 0.000000000000000E+00 0.000000000000000E+00 0.000000000000000E+00 0.000000000000000E+00 0.000000000000000E+00 0.000000000000000E+00 0.000000000000000E+00 0.000000000000000E+00 0.000000000000000E+00 0.000000000000000E+00 0.000000000000000E+00 
0.000000000000000E+00 0.000000000000000E+00 0.000000000000000E+00 0.000000000000000E+00 0.000000000000000E+00 0.000000000000000E+00 0.000000000000000E+00 0.000000000000000E+00 0.000000000000000E+00 0.000000000000000E+00 0.000000000000000E+00 0.000000000000000E+00 0.000000000000000E+00 0.000000000000000E+00 0.000000000000000E+00 0.000000000000000E+00 0.000000000000000E+00 0.000000000000000E+00 0.000000000000000E+00 0.000000000000000E+00 0.000000000000000E+00 0.000000000000000E+00 0.000000000000000E+00 0.000000000000000E+00 1.240965155825583E+01 0.000000000000000E+00 0.000000000000000E+00 0.000000000000000E+00 0.000000000000000E+00 0.000000000000000E+00 0.000000000000000E+00 0.000000000000000E+00 0.000000000000000E+00 0.000000000000000E+00 0.000000000000000E+00 0.000000000000000E+00 
